// Export filename: `C:\projects\cod\t5\xanim_export\t5_viewmodels\ak47\ak47_flame_d2p_in.XANIM_EXPORT`
// Source filename: `D:\projects\devanim\t5\animation_assets\viewmodels\ak47\ViewModel_AK47_FlameThrower_animated.fbx`
// Export time: Sat Jun 05 16:32:58 2010

ANIMATION
VERSION 3

NUMPARTS 81
PART 0 "tag_ads"
PART 1 "tag_torso"
PART 2 "J_Shoulder_LE"
PART 3 "J_Elbow_LE"
PART 4 "J_WristTwist_LE"
PART 5 "J_Sleave_Reshape_Bottom_LE_1"
PART 6 "J_Sleave_Reshape_Bottom_LE_2"
PART 7 "J_Sleave_Reshape_Top_LE_1"
PART 8 "J_Sleave_Reshape_Top_LE_2"
PART 9 "J_Sleave_Reshape_Top_LE_3"
PART 10 "J_Wrist_LE"
PART 11 "J_Thumb_LE_0"
PART 12 "J_Thumb_LE_1"
PART 13 "J_Thumb_LE_2"
PART 14 "J_Thumb_LE_3"
PART 15 "J_PinkyPalm_LE"
PART 16 "J_Pinky_LE_0"
PART 17 "J_Pinky_LE_1"
PART 18 "J_Pinky_LE_2"
PART 19 "J_Pinky_LE_3"
PART 20 "J_RingPalm_LE"
PART 21 "J_Ring_LE_0"
PART 22 "J_Ring_LE_1"
PART 23 "J_Ring_LE_2"
PART 24 "J_Ring_LE_3"
PART 25 "J_Webbing_LE"
PART 26 "J_Index_LE_0"
PART 27 "J_Index_LE_1"
PART 28 "J_Index_LE_2"
PART 29 "J_Index_LE_3"
PART 30 "J_Mid_LE_0"
PART 31 "J_Mid_LE_1"
PART 32 "J_Mid_LE_2"
PART 33 "J_Mid_LE_3"
PART 34 "tag_knife_attach"
PART 35 "tag_weapon"
PART 36 "J_Gun"
PART 37 "J_bolt"
PART 38 "TAG_CLIP"
PART 39 "TAG_FLASH"
PART 40 "tag_flame_unit"
PART 41 "tag_flamer_big_nozel"
PART 42 "tag_flamer_bracket"
PART 43 "tag_flamer_bottle"
PART 44 "tag_flamer_button"
PART 45 "tag_flamer_ring"
PART 46 "tag_flamer_flame"
PART 47 "tag_flamer_pilot_light"
PART 48 "J_Shoulder_RI"
PART 49 "J_Elbow_RI"
PART 50 "J_WristTwist_RI"
PART 51 "J_Sleave_Reshape_Top_RI_3"
PART 52 "J_Sleave_Reshape_Top_RI_2"
PART 53 "J_Sleave_Reshape_Top_RI_1"
PART 54 "J_Wrist_RI"
PART 55 "J_Thumb_RI_0"
PART 56 "J_Thumb_RI_1"
PART 57 "J_Thumb_RI_2"
PART 58 "J_Thumb_RI_3"
PART 59 "J_PinkyPalm_RI"
PART 60 "J_Pinky_RI_0"
PART 61 "J_Pinky_RI_1"
PART 62 "J_Pinky_RI_2"
PART 63 "J_Pinky_RI_3"
PART 64 "J_RingPalm_RI"
PART 65 "J_Ring_RI_0"
PART 66 "J_Ring_RI_1"
PART 67 "J_Ring_RI_2"
PART 68 "J_Ring_RI_3"
PART 69 "J_Webbing_RI"
PART 70 "J_Index_RI_0"
PART 71 "J_Index_RI_1"
PART 72 "J_Index_RI_2"
PART 73 "J_Index_RI_3"
PART 74 "J_Mid_RI_0"
PART 75 "J_Mid_RI_1"
PART 76 "J_Mid_RI_2"
PART 77 "J_Mid_RI_3"
PART 78 "tag_cambone"
PART 79 "tag_camera"
PART 80 "tag_gasmask"

FRAMERATE 30
NUMFRAMES 11

FRAME 2060
PART 0
OFFSET -4.6318 -0.0000 -1.3770
X  1.0000 -0.0000  0.0000
Y  0.0000  1.0000  0.0000
Z  0.0000 -0.0000  1.0000

PART 1
OFFSET -4.6318 -0.0000 -1.3770
X  1.0000 -0.0000  0.0000
Y  0.0000  1.0000  0.0000
Z  0.0000 -0.0000  1.0000

PART 2
OFFSET -3.5060  6.3408 -6.7125
X  0.6871 -0.2590 -0.6788
Y  0.1710 -0.8504  0.4975
Z -0.7061 -0.4579 -0.5401

PART 3
OFFSET  4.8040  3.2086 -14.9220
X  0.9749 -0.1991  0.0997
Y -0.0658  0.1702  0.9832
Z -0.2127 -0.9651  0.1528

PART 4
OFFSET  13.0959  1.5153 -14.0737
X  0.9749 -0.1991  0.0997
Y  0.2036  0.9783 -0.0376
Z -0.0901  0.0570  0.9943

PART 5
OFFSET  14.8869  2.8201 -14.9760
X  0.9758 -0.1975  0.0935
Y  0.2109  0.9631 -0.1672
Z -0.0570  0.1829  0.9815

PART 6
OFFSET  14.0119  0.3951 -15.0954
X  0.9758 -0.1975  0.0935
Y  0.2109  0.9631 -0.1672
Z -0.0570  0.1829  0.9815

PART 7
OFFSET  15.1703  2.7301 -12.6743
X  0.9758 -0.1975  0.0935
Y  0.2109  0.9631 -0.1672
Z -0.0570  0.1829  0.9815

PART 8
OFFSET  14.7403  1.2307 -12.4724
X  0.9758 -0.1975  0.0935
Y  0.2109  0.9631 -0.1672
Z -0.0570  0.1829  0.9815

PART 9
OFFSET  14.1596  0.1076 -12.8608
X  0.9758 -0.1975  0.0935
Y  0.2109  0.9631 -0.1672
Z -0.0570  0.1829  0.9815

PART 10
OFFSET  16.0846  0.9050 -13.7679
X  0.8700  0.4589 -0.1803
Y -0.4526  0.8884  0.0775
Z  0.1957  0.0142  0.9806

PART 11
OFFSET  16.1196  1.9746 -13.3716
X  0.6988  0.7128 -0.0607
Y -0.6812  0.6371 -0.3606
Z -0.2183  0.2933  0.9307

PART 12
OFFSET  17.5473  3.5926 -13.4869
X  0.9301  0.3009 -0.2109
Y -0.3370  0.9272 -0.1633
Z  0.1464  0.2229  0.9638

PART 13
OFFSET  19.0852  4.0480 -13.7097
X  0.7263  0.6791 -0.1064
Y -0.6798  0.6866 -0.2577
Z -0.1019  0.2595  0.9604

PART 14
OFFSET  19.8544  4.8059 -13.7853
X  0.4615  0.4761 -0.7486
Y -0.1386 -0.7948 -0.5909
Z -0.8763  0.3764 -0.3008

PART 15
OFFSET  17.3450  0.3450 -13.8052
X  0.9998  0.0100 -0.0148
Y  0.0150 -0.0291  0.9995
Z  0.0095 -0.9995 -0.0292

PART 16
OFFSET  19.5919  0.5094 -13.7116
X  0.0203  0.4652  0.8850
Y -0.9902  0.1316 -0.0464
Z -0.1380 -0.8754  0.4634

PART 17
OFFSET  19.6207  1.1681 -12.4587
X -0.5422  0.4814  0.6887
Y -0.8327 -0.1983 -0.5170
Z -0.1124 -0.8538  0.5084

PART 18
OFFSET  19.1400  1.5949 -11.8481
X -0.7691  0.4080  0.4919
Y -0.6180 -0.2787 -0.7351
Z -0.1628 -0.8694  0.4665

PART 19
OFFSET  18.4093  1.9826 -11.3808
X  0.9998 -0.0114  0.0177
Y  0.0078 -0.5828 -0.8125
Z  0.0196  0.8125 -0.5826

PART 20
OFFSET  17.2082  1.0343 -13.9304
X  0.9681  0.1640 -0.1895
Y  0.1975 -0.0342  0.9797
Z  0.1542 -0.9859 -0.0655

PART 21
OFFSET  19.7702  1.4088 -14.1635
X  0.3858  0.1772  0.9054
Y -0.8866  0.3427  0.3107
Z -0.2553 -0.9226  0.2893

PART 22
OFFSET  20.4270  1.7105 -12.6220
X -0.5882  0.3907  0.7081
Y -0.7734 -0.0159 -0.6337
Z -0.2364 -0.9204  0.3115

PART 23
OFFSET  19.6118  2.2520 -11.6407
X -0.8358  0.3515  0.4218
Y -0.4970 -0.1576 -0.8533
Z -0.2335 -0.9228  0.3065

PART 24
OFFSET  18.7054  2.6332 -11.1832
X  0.9572 -0.2434  0.1569
Y  0.0823 -0.2908 -0.9532
Z  0.2776  0.9253 -0.2583

PART 25
OFFSET  18.1528  3.7379 -13.6752
X  0.9605  0.2640  0.0880
Y  0.0480  0.1545 -0.9868
Z -0.2741  0.9521  0.1357

PART 26
OFFSET  19.0604  3.3580 -14.7765
X  0.9500 -0.1024  0.2951
Y -0.2857  0.0972  0.9534
Z -0.1264 -0.9900  0.0631

PART 27
OFFSET  20.7330  3.1776 -14.2569
X  0.2710 -0.0718  0.9599
Y -0.9539  0.1135  0.2778
Z -0.1289 -0.9909 -0.0377

PART 28
OFFSET  21.0703  3.1505 -13.0877
X -0.4476  0.1259  0.8853
Y -0.8869  0.0645 -0.4575
Z -0.1147 -0.9899  0.0828

PART 29
OFFSET  20.5648  3.2928 -12.0877
X  0.9140 -0.3777  0.1481
Y  0.1730  0.0327 -0.9844
Z  0.3669  0.9254  0.0952

PART 30
OFFSET  19.4938  2.3479 -14.6654
X  0.6572  0.0762  0.7499
Y -0.7473  0.1955  0.6350
Z -0.0982 -0.9777  0.1855

PART 31
OFFSET  20.7776  2.4968 -13.2005
X -0.3356  0.2040  0.9197
Y -0.9310  0.0768 -0.3567
Z -0.1434 -0.9759  0.1642

PART 32
OFFSET  20.2875  2.7948 -11.8572
X -0.8320  0.2150  0.5115
Y -0.5260 -0.0124 -0.8504
Z -0.1765 -0.9765  0.1234

PART 33
OFFSET  19.3443  3.0314 -11.2764
X  0.9852 -0.0945  0.1431
Y  0.1195 -0.2202 -0.9681
Z  0.1230  0.9709 -0.2057

PART 34
OFFSET  18.9855  1.6922 -12.8043
X  0.1141 -0.9934 -0.0084
Y -0.1957 -0.0142 -0.9806
Z  0.9740  0.1136 -0.1961

PART 35
OFFSET  10.2443 -1.9509 -7.0301
X  0.7570  0.5117 -0.4063
Y -0.6468  0.4986 -0.5771
Z -0.0927  0.6997  0.7084

PART 36
OFFSET  10.2443 -1.9509 -7.0301
X  0.7570  0.5117 -0.4063
Y -0.6468  0.4986 -0.5771
Z -0.0927  0.6997  0.7084

PART 37
OFFSET  14.2205  2.2705 -7.3512
X  0.7550  0.5259 -0.3917
Y -0.6468  0.4986 -0.5771
Z -0.1082  0.6891  0.7166

PART 38
OFFSET  13.3971  0.4071 -8.5523
X  0.7570  0.5117 -0.4063
Y -0.6468  0.4986 -0.5771
Z -0.0927  0.6997  0.7084

PART 39
OFFSET  28.0107  10.8819 -15.8817
X  0.7570  0.5117 -0.4063
Y -0.6468  0.4986 -0.5771
Z -0.0927  0.6997  0.7084

PART 40
OFFSET  9.8892 -3.9387 -8.3495
X  0.7570  0.5117 -0.4063
Y -0.6468  0.4986 -0.5771
Z -0.0927  0.6997  0.7084

PART 41
OFFSET  29.7162  10.0815 -18.7036
X -0.6468  0.4986 -0.5771
Y -0.7570 -0.5117  0.4063
Z -0.0927  0.6997  0.7084

PART 42
OFFSET  21.0796  4.0864 -13.3454
X -0.3748  0.4512  0.8099
Y -0.6642 -0.7401  0.1049
Z  0.6468 -0.4986  0.5771

PART 43
OFFSET  21.0796  4.0864 -13.3454
X -0.6468  0.4986 -0.5771
Y -0.7570 -0.5117  0.4063
Z -0.0927  0.6997  0.7084

PART 44
OFFSET  20.6296  3.6827 -13.6922
X -0.6468  0.4986 -0.5771
Y -0.7570 -0.5117  0.4063
Z -0.0927  0.6997  0.7084

PART 45
OFFSET  19.7242  4.3807 -14.5002
X -0.5018  0.0571 -0.8631
Y -0.7570 -0.5117  0.4063
Z -0.4184  0.8573  0.3000

PART 46
OFFSET  27.9585  9.0235 -17.6329
X  0.7570  0.5117 -0.4063
Y -0.6468  0.4986 -0.5771
Z -0.0927  0.6997  0.7084

PART 47
OFFSET  26.6122  8.8263 -18.7068
X  0.8587  0.4621  0.2216
Y  0.1448  0.1960 -0.9699
Z -0.4916  0.8649  0.1014

PART 48
OFFSET -10.8444 -11.7139 -5.9426
X -0.9335  0.3392 -0.1162
Y -0.2261 -0.3051  0.9251
Z  0.2783  0.8899  0.3615

PART 49
OFFSET  0.4454 -15.8159 -4.5369
X -0.6498 -0.7518  0.1117
Y  0.7582 -0.6311  0.1637
Z -0.0526  0.1911  0.9802

PART 50
OFFSET  5.9725 -9.4213 -5.4867
X -0.6498 -0.7518  0.1117
Y  0.4908 -0.5273 -0.6936
Z  0.5803 -0.3959  0.7117

PART 51
OFFSET  6.4544 -8.1393 -6.9322
X -0.6541 -0.7487  0.1078
Y  0.0434 -0.1794 -0.9828
Z  0.7551 -0.6382  0.1498

PART 52
OFFSET  5.9679 -7.1353 -6.4392
X -0.6541 -0.7487  0.1078
Y  0.0434 -0.1794 -0.9828
Z  0.7551 -0.6382  0.1498

PART 53
OFFSET  6.0690 -6.8919 -5.0961
X -0.6541 -0.7487  0.1078
Y  0.0434 -0.1794 -0.9828
Z  0.7551 -0.6382  0.1498

PART 54
OFFSET  7.9647 -7.1164 -5.8291
X -0.6066 -0.7425  0.2840
Y  0.4179 -0.6017 -0.6807
Z  0.6763 -0.2942  0.6753

PART 55
OFFSET  7.5567 -6.0810 -5.5772
X  0.1113 -0.9710  0.2117
Y  0.3794 -0.1554 -0.9121
Z  0.9185  0.1819  0.3511

PART 56
OFFSET  7.2275 -3.9803 -5.9626
X -0.4816 -0.4593  0.7464
Y  0.3435 -0.8825 -0.3214
Z  0.8063  0.1016  0.5827

PART 57
OFFSET  7.9351 -3.3029 -7.2521
X -0.4685  0.3079  0.8281
Y -0.0549 -0.9457  0.3205
Z  0.8818  0.1047  0.4599

PART 58
OFFSET  8.4023 -3.6245 -8.1740
X -0.9236 -0.0349  0.3819
Y -0.3828  0.0257 -0.9235
Z  0.0224 -0.9991 -0.0371

PART 59
OFFSET  8.7888 -7.0730 -6.9347
X -0.5528 -0.4503  0.7011
Y  0.8206 -0.1478  0.5521
Z -0.1450  0.8806  0.4512

PART 60
OFFSET  9.9092 -5.9148 -8.5121
X  0.5548 -0.5015  0.6639
Y  0.8233  0.2158 -0.5249
Z  0.1199  0.8378  0.5326

PART 61
OFFSET  9.1238 -5.2048 -9.4520
X  0.9894 -0.0624 -0.1313
Y -0.0698  0.5886 -0.8054
Z  0.1275  0.8060  0.5780

PART 62
OFFSET  8.2466 -5.1495 -9.3356
X  0.5188  0.3995 -0.7558
Y -0.8473  0.3579 -0.3925
Z  0.1137  0.8440  0.5242

PART 63
OFFSET  7.7537 -5.5291 -8.6175
X  0.1186 -0.6523  0.7487
Y -0.9592  0.1197  0.2563
Z -0.2568 -0.7485 -0.6114

PART 64
OFFSET  8.7390 -6.5508 -6.4505
X -0.5794 -0.5903  0.5620
Y  0.7695 -0.1688  0.6160
Z -0.2688  0.7893  0.5520

PART 65
OFFSET  10.2996 -5.1397 -7.9774
X  0.5126 -0.4258  0.7457
Y  0.8563  0.1897 -0.4803
Z  0.0631  0.8847  0.4618

PART 66
OFFSET  9.4270 -4.4148 -9.2469
X  0.9548  0.0830 -0.2855
Y -0.2891  0.4833 -0.8263
Z  0.0694  0.8715  0.4855

PART 67
OFFSET  8.1037 -4.5298 -8.8513
X  0.3595  0.4358 -0.8252
Y -0.9310  0.2278 -0.2853
Z  0.0636  0.8708  0.4876

PART 68
OFFSET  7.7138 -5.0024 -7.9564
X  0.2404 -0.4443  0.8630
Y -0.9706 -0.1008  0.2185
Z -0.0101 -0.8902 -0.4555

PART 69
OFFSET  5.4492 -9.8557 -3.7095
X -0.4635 -0.6641  0.5866
Y -0.8065  0.0420 -0.5897
Z  0.3670 -0.7465 -0.5551

PART 70
OFFSET  10.2646 -3.8786 -6.1714
X -0.7225 -0.6247  0.2962
Y  0.6324 -0.4240  0.6483
Z -0.2795  0.6557  0.7014

PART 71
OFFSET  11.5367 -2.7787 -6.6928
X  0.3133 -0.5863  0.7470
Y  0.8977  0.4395 -0.0315
Z -0.3099  0.6804  0.6640

PART 72
OFFSET  11.1370 -2.0246 -7.5607
X  0.6715 -0.4053  0.6203
Y  0.6904  0.6462 -0.3252
Z -0.2690  0.6467  0.7137

PART 73
OFFSET  10.3785 -1.5668 -8.2613
X -0.9175 -0.2695  0.2924
Y -0.3920  0.4897 -0.7788
Z  0.0667 -0.8292 -0.5549

PART 74
OFFSET  10.5319 -4.5578 -7.0007
X  0.3896 -0.4530  0.8019
Y  0.9133  0.3025 -0.2728
Z -0.1190  0.8386  0.5315

PART 75
OFFSET  9.7709 -3.6729 -8.5672
X  0.9894  0.1445 -0.0144
Y -0.0839  0.4879 -0.8689
Z -0.1185  0.8609  0.4948

PART 76
OFFSET  8.3257 -3.8839 -8.5462
X  0.4436  0.4651 -0.7661
Y -0.8838  0.0850 -0.4602
Z -0.1489  0.8812  0.4488

PART 77
OFFSET  7.8237 -4.4168 -7.6820
X  0.2338 -0.4672  0.8526
Y -0.9703 -0.1680  0.1740
Z  0.0619 -0.8680 -0.4927

PART 78
OFFSET  0.0000 -0.0000 -0.0000
X  1.0000 -0.0000  0.0000
Y  0.0000  1.0000  0.0000
Z  0.0000 -0.0000  1.0000

PART 79
OFFSET  0.0000 -0.0000 -0.0000
X  1.0000 -0.0000  0.0000
Y  0.0000  1.0000  0.0000
Z  0.0000 -0.0000  1.0000

PART 80
OFFSET  1.5404 -0.0000  4.1357
X  1.0000 -0.0000  0.0000
Y  0.0000  1.0000  0.0000
Z  0.0000 -0.0000  1.0000


FRAME 2061
PART 0
OFFSET -4.6318 -0.0000 -1.3770
X  1.0000 -0.0000  0.0000
Y  0.0000  1.0000  0.0000
Z  0.0000 -0.0000  1.0000

PART 1
OFFSET -4.6318 -0.0000 -1.3770
X  1.0000 -0.0000  0.0000
Y  0.0000  1.0000  0.0000
Z  0.0000 -0.0000  1.0000

PART 2
OFFSET -3.5060  6.3408 -6.7125
X  0.6870 -0.2571 -0.6796
Y  0.1754 -0.8490  0.4984
Z -0.7051 -0.4617 -0.5382

PART 3
OFFSET  4.8029  3.2321 -14.9320
X  0.9755 -0.1938  0.1044
Y -0.0709  0.1725  0.9825
Z -0.2084 -0.9658  0.1545

PART 4
OFFSET  13.0997  1.5838 -14.0438
X  0.9755 -0.1938  0.1044
Y  0.1983  0.9795 -0.0349
Z -0.0955  0.0548  0.9939

PART 5
OFFSET  14.8878  2.8953 -14.9420
X  0.9764 -0.1922  0.0982
Y  0.2067  0.9637 -0.1689
Z -0.0622  0.1852  0.9807

PART 6
OFFSET  14.0258  0.4655 -15.0586
X  0.9764 -0.1922  0.0982
Y  0.2067  0.9637 -0.1689
Z -0.0622  0.1852  0.9807

PART 7
OFFSET  15.1618  2.8130 -12.6388
X  0.9764 -0.1922  0.0982
Y  0.2067  0.9637 -0.1689
Z -0.0622  0.1852  0.9807

PART 8
OFFSET  14.7386  1.3119 -12.4347
X  0.9764 -0.1922  0.0982
Y  0.2067  0.9637 -0.1689
Z -0.0622  0.1852  0.9807

PART 9
OFFSET  14.1654  0.1848 -12.8226
X  0.9764 -0.1922  0.0982
Y  0.2067  0.9637 -0.1689
Z -0.0622  0.1852  0.9807

PART 10
OFFSET  16.0901  0.9897 -13.7236
X  0.8674  0.4638 -0.1802
Y -0.4569  0.8859  0.0808
Z  0.1971  0.0123  0.9803

PART 11
OFFSET  16.1204  2.0582 -13.3242
X  0.6951  0.7164 -0.0596
Y -0.6849  0.6348 -0.3577
Z -0.2184  0.2895  0.9319

PART 12
OFFSET  17.5399  3.6836 -13.4366
X  0.9283  0.3061 -0.2113
Y -0.3418  0.9260 -0.1600
Z  0.1467  0.2208  0.9642

PART 13
OFFSET  19.0753  4.1472 -13.6602
X  0.7228  0.6830 -0.1054
Y -0.6835  0.6840 -0.2547
Z -0.1018  0.2561  0.9613

PART 14
OFFSET  19.8406  4.9092 -13.7346
X  0.4581  0.4806 -0.7478
Y -0.1355 -0.7937 -0.5931
Z -0.8785  0.3730 -0.2984

PART 15
OFFSET  17.3532  0.4360 -13.7644
X  0.9998  0.0150 -0.0161
Y  0.0166 -0.0320  0.9994
Z  0.0144 -0.9994 -0.0322

PART 16
OFFSET  19.5994  0.6113 -13.6734
X  0.0193  0.4627  0.8863
Y -0.9909  0.1268 -0.0446
Z -0.1331 -0.8774  0.4609

PART 17
OFFSET  19.6267  1.2663 -12.4186
X -0.5436  0.4767  0.6909
Y -0.8325 -0.2008 -0.5164
Z -0.1074 -0.8558  0.5060

PART 18
OFFSET  19.1448  1.6890 -11.8061
X -0.7704  0.4028  0.4942
Y -0.6177 -0.2796 -0.7350
Z -0.1579 -0.8716  0.4642

PART 19
OFFSET  18.4129  2.0716 -11.3365
X  0.9998 -0.0065  0.0163
Y  0.0095 -0.5804 -0.8143
Z  0.0148  0.8143 -0.5802

PART 20
OFFSET  17.2128  1.1251 -13.8872
X  0.9670  0.1694 -0.1904
Y  0.1991 -0.0361  0.9793
Z  0.1590 -0.9849 -0.0687

PART 21
OFFSET  19.7726  1.5129 -14.1229
X  0.3862  0.1764  0.9054
Y -0.8878  0.3374  0.3129
Z -0.2503 -0.9247  0.2869

PART 22
OFFSET  20.4301  1.8132 -12.5814
X -0.5891  0.3857  0.7101
Y -0.7742 -0.0178 -0.6327
Z -0.2314 -0.9225  0.3091

PART 23
OFFSET  19.6136  2.3477 -11.5973
X -0.8369  0.3461  0.4241
Y -0.4974 -0.1575 -0.8531
Z -0.2285 -0.9249  0.3040

PART 24
OFFSET  18.7060  2.7231 -11.1374
X  0.9586 -0.2391  0.1548
Y  0.0824 -0.2876 -0.9542
Z  0.2727  0.9274 -0.2560

PART 25
OFFSET  18.1444  3.8325 -13.6253
X  0.9593  0.2684  0.0875
Y  0.0458  0.1577 -0.9864
Z -0.2786  0.9503  0.1389

PART 26
OFFSET  19.0524  3.4604 -14.7290
X  0.9509 -0.0986  0.2935
Y -0.2848  0.0930  0.9541
Z -0.1214 -0.9908  0.0603

PART 27
OFFSET  20.7265  3.2867 -14.2123
X  0.2727 -0.0733  0.9593
Y -0.9541  0.1080  0.2795
Z -0.1241 -0.9914 -0.0405

PART 28
OFFSET  21.0656  3.2578 -13.0437
X -0.4469  0.1211  0.8864
Y -0.8878  0.0615 -0.4561
Z -0.1097 -0.9907  0.0800

PART 29
OFFSET  20.5608  3.3945 -12.0425
X  0.9161 -0.3736  0.1456
Y  0.1714  0.0365 -0.9845
Z  0.3625  0.9269  0.0975

PART 30
OFFSET  19.4908  2.4521 -14.6216
X  0.6579  0.0772  0.7492
Y -0.7474  0.1899  0.6367
Z -0.0931 -0.9788  0.1827

PART 31
OFFSET  20.7760  2.6029 -13.1580
X -0.3352  0.1996  0.9207
Y -0.9319  0.0733 -0.3552
Z -0.1384 -0.9771  0.1615

PART 32
OFFSET  20.2863  2.8945 -11.8132
X -0.8323  0.2093  0.5133
Y -0.5272 -0.0124 -0.8497
Z -0.1715 -0.9778  0.1207

PART 33
OFFSET  19.3428  3.1247 -11.2304
X  0.9858 -0.0901  0.1414
Y  0.1192 -0.2168 -0.9689
Z  0.1179  0.9721 -0.2030

PART 34
OFFSET  18.9884  1.7883 -12.7617
X  0.1190 -0.9928 -0.0115
Y -0.1971 -0.0123 -0.9803
Z  0.9731  0.1190 -0.1971

PART 35
OFFSET  10.2736 -1.9152 -6.9862
X  0.7539  0.5167 -0.4058
Y -0.6501  0.4971 -0.5747
Z -0.0952  0.6971  0.7106

PART 36
OFFSET  10.2736 -1.9152 -6.9862
X  0.7539  0.5167 -0.4058
Y -0.6501  0.4971 -0.5747
Z -0.0952  0.6971  0.7106

PART 37
OFFSET  14.2284  2.3268 -7.3002
X  0.7518  0.5308 -0.3912
Y -0.6501  0.4971 -0.5747
Z -0.1106  0.6864  0.7188

PART 38
OFFSET  13.4125  0.4629 -8.5058
X  0.7539  0.5167 -0.4058
Y -0.6501  0.4971 -0.5747
Z -0.0952  0.6971  0.7106

PART 39
OFFSET  27.9638  11.0316 -15.8243
X  0.7539  0.5167 -0.4058
Y -0.6501  0.4971 -0.5747
Z -0.0952  0.6971  0.7106

PART 40
OFFSET  9.9264 -3.9008 -8.3110
X  0.7539  0.5167 -0.4058
Y -0.6501  0.4971 -0.5747
Z -0.0952  0.6971  0.7106

PART 41
OFFSET  29.6692  10.2482 -18.6510
X -0.6501  0.4971 -0.5747
Y -0.7539 -0.5167  0.4058
Z -0.0952  0.6971  0.7106

PART 42
OFFSET  21.0699  4.1944 -13.2986
X -0.3759  0.4469  0.8118
Y -0.6604 -0.7437  0.1037
Z  0.6501 -0.4971  0.5747

PART 43
OFFSET  21.0699  4.1944 -13.2986
X -0.6501  0.4971 -0.5747
Y -0.7539 -0.5167  0.4058
Z -0.0952  0.6971  0.7106

PART 44
OFFSET  20.6215  3.7895 -13.6460
X -0.6501  0.4971 -0.5747
Y -0.7539 -0.5167  0.4058
Z -0.0952  0.6971  0.7106

PART 45
OFFSET  19.7114  4.4855 -14.4506
X -0.5163  0.0840 -0.8523
Y -0.7539 -0.5167  0.4058
Z -0.4062  0.8521  0.3301

PART 46
OFFSET  27.9182  9.1783 -17.5810
X  0.7539  0.5167 -0.4058
Y -0.6501  0.4971 -0.5747
Z -0.0952  0.6971  0.7106

PART 47
OFFSET  26.5714  8.9776 -18.6536
X  0.8567  0.4656  0.2218
Y  0.1425  0.1996 -0.9695
Z -0.4957  0.8622  0.1047

PART 48
OFFSET -10.8444 -11.7139 -5.9426
X -0.9350  0.3352 -0.1157
Y -0.2249 -0.3082  0.9244
Z  0.2741  0.8903  0.3635

PART 49
OFFSET  0.4637 -15.7672 -4.5429
X -0.6531 -0.7494  0.1084
Y  0.7553 -0.6346  0.1635
Z -0.0537  0.1887  0.9806

PART 50
OFFSET  6.0189 -9.3930 -5.4650
X -0.6531 -0.7494  0.1084
Y  0.4893 -0.5270 -0.6949
Z  0.5779 -0.4008  0.7109

PART 51
OFFSET  6.5089 -8.1092 -6.9061
X -0.6574 -0.7462  0.1045
Y  0.0446 -0.1770 -0.9832
Z  0.7522 -0.6417  0.1496

PART 52
OFFSET  6.0255 -7.1045 -6.4115
X -0.6574 -0.7462  0.1045
Y  0.0446 -0.1770 -0.9832
Z  0.7522 -0.6417  0.1496

PART 53
OFFSET  6.1251 -6.8650 -5.0675
X -0.6574 -0.7462  0.1045
Y  0.0446 -0.1770 -0.9832
Z  0.7522 -0.6417  0.1496

PART 54
OFFSET  8.0213 -7.0955 -5.7974
X -0.6025 -0.7464  0.2826
Y  0.4199 -0.5976 -0.6831
Z  0.6787 -0.2929  0.6735

PART 55
OFFSET  7.6084 -6.0628 -5.5419
X  0.1164 -0.9710  0.2087
Y  0.3789 -0.1508 -0.9131
Z  0.9181  0.1853  0.3503

PART 56
OFFSET  7.2683 -3.9626 -5.9205
X -0.4782 -0.4639  0.7457
Y  0.3474 -0.8798 -0.3245
Z  0.8066  0.1039  0.5819

PART 57
OFFSET  7.9707 -3.2779 -7.2089
X -0.4688  0.3031  0.8297
Y -0.0498 -0.9469  0.3177
Z  0.8819  0.1076  0.4590

PART 58
OFFSET  8.4382 -3.5944 -8.1325
X -0.9228 -0.0406  0.3831
Y -0.3843  0.0266 -0.9228
Z  0.0272 -0.9988 -0.0401

PART 59
OFFSET  8.8435 -7.0446 -6.9041
X -0.5496 -0.4551  0.7006
Y  0.8221 -0.1454  0.5505
Z -0.1487  0.8785  0.4540

PART 60
OFFSET  9.9559 -5.8763 -8.4795
X  0.5582 -0.5007  0.6616
Y  0.8215  0.2215 -0.5254
Z  0.1166  0.8368  0.5350

PART 61
OFFSET  9.1657 -5.1673 -9.4162
X  0.9895 -0.0571 -0.1329
Y -0.0739  0.5907 -0.8035
Z  0.1244  0.8049  0.5803

PART 62
OFFSET  8.2884 -5.1167 -9.2984
X  0.5158  0.4043 -0.7553
Y -0.8496  0.3548 -0.3902
Z  0.1102  0.8430  0.5265

PART 63
OFFSET  7.7984 -5.5009 -8.5808
X  0.1229 -0.6539  0.7465
Y -0.9594  0.1142  0.2580
Z -0.2540 -0.7479 -0.6133

PART 64
OFFSET  8.7918 -6.5242 -6.4182
X -0.5757 -0.5949  0.5610
Y  0.7712 -0.1668  0.6144
Z -0.2719  0.7863  0.5548

PART 65
OFFSET  10.3433 -5.1008 -7.9431
X  0.5157 -0.4254  0.7437
Y  0.8547  0.1953 -0.4810
Z  0.0594  0.8837  0.4644

PART 66
OFFSET  9.4653 -4.3765 -9.2092
X  0.9540  0.0886 -0.2866
Y -0.2926  0.4844 -0.8245
Z  0.0658  0.8704  0.4880

PART 67
OFFSET  8.1432 -4.4992 -8.8121
X  0.3561  0.4400 -0.8244
Y -0.9325  0.2240 -0.2833
Z  0.0600  0.8696  0.4901

PART 68
OFFSET  7.7569 -4.9764 -7.9180
X  0.2438 -0.4457  0.8613
Y -0.9698 -0.1062  0.2196
Z -0.0064 -0.8889 -0.4581

PART 69
OFFSET  5.5223 -9.8535 -3.6825
X -0.4594 -0.6681  0.5853
Y -0.8076  0.0398 -0.5884
Z  0.3698 -0.7430 -0.5578

PART 70
OFFSET  10.3046 -3.8453 -6.1333
X -0.7190 -0.6292  0.2953
Y  0.6354 -0.4228  0.6462
Z -0.2817  0.6522  0.7037

PART 71
OFFSET  11.5705 -2.7376 -6.6532
X  0.3172 -0.5870  0.7448
Y  0.8954  0.4441 -0.0314
Z -0.3123  0.6769  0.6665

PART 72
OFFSET  11.1659 -1.9828 -7.5182
X  0.6744 -0.4038  0.6182
Y  0.6868  0.6505 -0.3243
Z -0.2712  0.6432  0.7160

PART 73
OFFSET  10.4041 -1.5267 -8.2164
X -0.9158 -0.2749  0.2929
Y -0.3955  0.4901 -0.7768
Z  0.0700 -0.8272 -0.5575

PART 74
OFFSET  10.5741 -4.5207 -6.9649
X  0.3929 -0.4534  0.8000
Y  0.9114  0.3078 -0.2732
Z -0.1224  0.8364  0.5342

PART 75
OFFSET  9.8065 -3.6349 -8.5278
X  0.9887  0.1494 -0.0154
Y -0.0875  0.4900 -0.8673
Z -0.1220  0.8588  0.4976

PART 76
OFFSET  8.3624 -3.8531 -8.5053
X  0.4402  0.4696 -0.7653
Y -0.8848  0.0820 -0.4587
Z -0.1527  0.8791  0.4516

PART 77
OFFSET  7.8643 -4.3911 -7.6420
X  0.2373 -0.4686  0.8509
Y -0.9692 -0.1733  0.1749
Z  0.0655 -0.8662 -0.4953

PART 78
OFFSET  0.0000 -0.0000 -0.0000
X  1.0000 -0.0000  0.0000
Y  0.0000  1.0000  0.0000
Z  0.0000 -0.0000  1.0000

PART 79
OFFSET -0.0000 -0.0000 -0.0000
X  1.0000 -0.0000 -0.0030
Y  0.0000  1.0000  0.0021
Z  0.0030 -0.0021  1.0000

PART 80
OFFSET  1.5528 -0.0085  4.1311
X  1.0000 -0.0000 -0.0030
Y  0.0000  1.0000  0.0021
Z  0.0030 -0.0021  1.0000


FRAME 2062
PART 0
OFFSET -4.6318 -0.0000 -1.3770
X  1.0000 -0.0000  0.0000
Y  0.0000  1.0000  0.0000
Z  0.0000 -0.0000  1.0000

PART 1
OFFSET -4.6318 -0.0000 -1.3770
X  1.0000 -0.0000  0.0000
Y  0.0000  1.0000  0.0000
Z  0.0000 -0.0000  1.0000

PART 2
OFFSET -3.5060  6.3408 -6.7125
X  0.6870 -0.2518 -0.6816
Y  0.1873 -0.8450  0.5009
Z -0.7021 -0.4718 -0.5333

PART 3
OFFSET  4.8025  3.2951 -14.9560
X  0.9768 -0.1793  0.1174
Y -0.0851  0.1785  0.9803
Z -0.1967 -0.9675  0.1591

PART 4
OFFSET  13.1103  1.7704 -13.9572
X  0.9768 -0.1793  0.1174
Y  0.1835  0.9827 -0.0264
Z -0.1107  0.0474  0.9927

PART 5
OFFSET  14.8905  3.1006 -14.8438
X  0.9778 -0.1777  0.1112
Y  0.1952  0.9653 -0.1735
Z -0.0765  0.1914  0.9785

PART 6
OFFSET  14.0641  0.6581 -14.9527
X  0.9778 -0.1777  0.1112
Y  0.1952  0.9653 -0.1735
Z -0.0765  0.1914  0.9785

PART 7
OFFSET  15.1380  3.0387 -12.5370
X  0.9778 -0.1777  0.1112
Y  0.1952  0.9653 -0.1735
Z -0.0765  0.1914  0.9785

PART 8
OFFSET  14.7335  1.5333 -12.3269
X  0.9778 -0.1777  0.1112
Y  0.1952  0.9653 -0.1735
Z -0.0765  0.1914  0.9785

PART 9
OFFSET  14.1808  0.3955 -12.7132
X  0.9778 -0.1777  0.1112
Y  0.1952  0.9653 -0.1735
Z -0.0765  0.1914  0.9785

PART 10
OFFSET  16.1047  1.2209 -13.5972
X  0.8607  0.4765 -0.1792
Y -0.4679  0.8791  0.0904
Z  0.2006  0.0060  0.9797

PART 11
OFFSET  16.1227  2.2861 -13.1883
X  0.6856  0.7258 -0.0557
Y -0.6944  0.6291 -0.3495
Z -0.2186  0.2783  0.9353

PART 12
OFFSET  17.5208  3.9307 -13.2914
X  0.9234  0.3199 -0.2120
Y -0.3543  0.9229 -0.1505
Z  0.1475  0.2140  0.9656

PART 13
OFFSET  19.0492  4.4161 -13.5165
X  0.7135  0.6932 -0.1020
Y -0.6933  0.6774 -0.2460
Z -0.1015  0.2462  0.9639

PART 14
OFFSET  19.8043  5.1885 -13.5868
X  0.4490  0.4931 -0.7451
Y -0.1275 -0.7900 -0.5997
Z -0.8844  0.3643 -0.2918

PART 15
OFFSET  17.3746  0.6840 -13.6476
X  0.9994  0.0280 -0.0197
Y  0.0208 -0.0407  0.9990
Z  0.0272 -0.9988 -0.0412

PART 16
OFFSET  19.6188  0.8874 -13.5634
X  0.0167  0.4550  0.8904
Y -0.9926  0.1144 -0.0398
Z -0.1200 -0.8831  0.4535

PART 17
OFFSET  19.6424  1.5315 -12.3028
X -0.5470  0.4634  0.6971
Y -0.8318 -0.2070 -0.5151
Z -0.0945 -0.8616  0.4987

PART 18
OFFSET  19.1574  1.9424 -11.6847
X -0.7737  0.3883  0.5007
Y -0.6168 -0.2809 -0.7353
Z -0.1449 -0.8776  0.4569

PART 19
OFFSET  18.4224  2.3114 -11.2091
X  0.9999  0.0063  0.0126
Y  0.0139 -0.5729 -0.8195
Z  0.0021  0.8196 -0.5729

PART 20
OFFSET  17.2250  1.3722 -13.7638
X  0.9640  0.1835 -0.1924
Y  0.2033 -0.0423  0.9782
Z  0.1714 -0.9821 -0.0781

PART 21
OFFSET  19.7786  1.7952 -14.0053
X  0.3873  0.1732  0.9055
Y -0.8909  0.3231  0.3192
Z -0.2373 -0.9304  0.2795

PART 22
OFFSET  20.4380  2.0901 -12.4636
X -0.5913  0.3717  0.7157
Y -0.7763 -0.0221 -0.6299
Z -0.2183 -0.9281  0.3016

PART 23
OFFSET  19.6185  2.6053 -11.4718
X -0.8397  0.3315  0.4302
Y -0.4986 -0.1563 -0.8526
Z -0.2154 -0.9304  0.2965

PART 24
OFFSET  18.7079  2.9648 -11.0052
X  0.9622 -0.2281  0.1492
Y  0.0825 -0.2779 -0.9570
Z  0.2597  0.9331 -0.2486

PART 25
OFFSET  18.1226  4.0890 -13.4810
X  0.9561  0.2800  0.0863
Y  0.0400  0.1670 -0.9851
Z -0.2903  0.9454  0.1485

PART 26
OFFSET  19.0311  3.7385 -14.5913
X  0.9532 -0.0889  0.2891
Y -0.2824  0.0808  0.9559
Z -0.1084 -0.9928  0.0519

PART 27
OFFSET  20.7093  3.5819 -14.0824
X  0.2773 -0.0784  0.9576
Y -0.9543  0.0931  0.2840
Z -0.1114 -0.9926 -0.0490

PART 28
OFFSET  21.0531  3.5469 -12.9153
X -0.4451  0.1073  0.8890
Y -0.8903  0.0541 -0.4522
Z -0.0966 -0.9927  0.0715

PART 29
OFFSET  20.5504  3.6682 -11.9111
X  0.9214 -0.3630  0.1389
Y  0.1672  0.0475 -0.9848
Z  0.3509  0.9306  0.1045

PART 30
OFFSET  19.4829  2.7350 -14.4945
X  0.6596  0.0790  0.7474
Y -0.7473  0.1746  0.6411
Z -0.0798 -0.9815  0.1742

PART 31
OFFSET  20.7715  2.8894 -13.0344
X -0.3343  0.1870  0.9237
Y -0.9341  0.0644 -0.3511
Z -0.1251 -0.9802  0.1532

PART 32
OFFSET  20.2832  3.1626 -11.6852
X -0.8330  0.1940  0.5182
Y -0.5302 -0.0116 -0.8478
Z -0.1584 -0.9809  0.1125

PART 33
OFFSET  19.3391  3.3754 -11.0969
X  0.9875 -0.0786  0.1369
Y  0.1183 -0.2065 -0.9713
Z  0.1046  0.9753 -0.1947

PART 34
OFFSET  18.9961  2.0483 -12.6388
X  0.1318 -0.9911 -0.0209
Y -0.2006 -0.0060 -0.9797
Z  0.9708  0.1333 -0.1996

PART 35
OFFSET  10.3517 -1.8189 -6.8648
X  0.7456  0.5300 -0.4040
Y -0.6586  0.4938 -0.5678
Z -0.1014  0.6894  0.7172

PART 36
OFFSET  10.3517 -1.8189 -6.8648
X  0.7456  0.5300 -0.4040
Y -0.6586  0.4938 -0.5678
Z -0.1014  0.6894  0.7172

PART 37
OFFSET  14.2503  2.4764 -7.1552
X  0.7434  0.5439 -0.3892
Y -0.6586  0.4938 -0.5678
Z -0.1167  0.6785  0.7253

PART 38
OFFSET  13.4540  0.6130 -8.3745
X  0.7456  0.5300 -0.4040
Y -0.6586  0.4938 -0.5678
Z -0.1014  0.6894  0.7172

PART 39
OFFSET  27.8400  11.4337 -15.6513
X  0.7456  0.5300 -0.4040
Y -0.6586  0.4938 -0.5678
Z -0.1014  0.6894  0.7172

PART 40
OFFSET  10.0251 -3.7969 -8.2061
X  0.7456  0.5300 -0.4040
Y -0.6586  0.4938 -0.5678
Z -0.1014  0.6894  0.7172

PART 41
OFFSET  29.5446  10.6976 -18.4912
X -0.6586  0.4938 -0.5678
Y -0.7456 -0.5300  0.4040
Z -0.1014  0.6894  0.7172

PART 42
OFFSET  21.0444  4.4858 -13.1618
X -0.3785  0.4348  0.8171
Y -0.6504 -0.7531  0.0994
Z  0.6586 -0.4938  0.5678

PART 43
OFFSET  21.0444  4.4858 -13.1618
X -0.6586  0.4938 -0.5678
Y -0.7456 -0.5300  0.4040
Z -0.1014  0.6894  0.7172

PART 44
OFFSET  20.5999  4.0782 -13.5112
X -0.6586  0.4938 -0.5678
Y -0.7456 -0.5300  0.4040
Z -0.1014  0.6894  0.7172

PART 45
OFFSET  19.6779  4.7695 -14.3061
X -0.5541  0.1564 -0.8176
Y -0.7456 -0.5300  0.4040
Z -0.3701  0.8335  0.4103

PART 46
OFFSET  27.8117  9.5958 -17.4244
X  0.7456  0.5300 -0.4040
Y -0.6586  0.4938 -0.5678
Z -0.1014  0.6894  0.7172

PART 47
OFFSET  26.4634  9.3873 -18.4938
X  0.8515  0.4747  0.2228
Y  0.1362  0.2101 -0.9682
Z -0.5064  0.8547  0.1142

PART 48
OFFSET -10.8444 -11.7139 -5.9426
X -0.9390  0.3242 -0.1145
Y -0.2216 -0.3162  0.9225
Z  0.2629  0.8916  0.3687

PART 49
OFFSET  0.5122 -15.6347 -4.5582
X -0.6619 -0.7429  0.0999
Y  0.7475 -0.6440  0.1629
Z -0.0567  0.1825  0.9816

PART 50
OFFSET  6.1417 -9.3158 -5.4080
X -0.6619 -0.7429  0.0999
Y  0.4850 -0.5260 -0.6986
Z  0.5716 -0.4139  0.7085

PART 51
OFFSET  6.6531 -8.0276 -6.8376
X -0.6661 -0.7397  0.0960
Y  0.0476 -0.1706 -0.9842
Z  0.7443 -0.6510  0.1489

PART 52
OFFSET  6.1783 -7.0210 -6.3384
X -0.6661 -0.7397  0.0960
Y  0.0476 -0.1706 -0.9842
Z  0.7443 -0.6510  0.1489

PART 53
OFFSET  6.2736 -6.7920 -4.9923
X -0.6661 -0.7397  0.0960
Y  0.0476 -0.1706 -0.9842
Z  0.7443 -0.6510  0.1489

PART 54
OFFSET  8.1708 -7.0383 -5.7143
X -0.5918 -0.7566  0.2781
Y  0.4249 -0.5860 -0.6899
Z  0.6850 -0.2901  0.6683

PART 55
OFFSET  7.7457 -6.0133 -5.4480
X  0.1297 -0.9713  0.1995
Y  0.3773 -0.1377 -0.9158
Z  0.9170  0.1940  0.3486

PART 56
OFFSET  7.3772 -3.9144 -5.8065
X -0.4694 -0.4766  0.7433
Y  0.3574 -0.8723 -0.3337
Z  0.8074  0.1091  0.5798

PART 57
OFFSET  8.0658 -3.2092 -7.0913
X -0.4695  0.2896  0.8341
Y -0.0364 -0.9502  0.3094
Z  0.8822  0.1149  0.4567

PART 58
OFFSET  8.5338 -3.5114 -8.0194
X -0.9208 -0.0559  0.3861
Y -0.3881  0.0299 -0.9211
Z  0.0400 -0.9980 -0.0492

PART 59
OFFSET  8.9882 -6.9669 -6.8235
X -0.5410 -0.4684  0.6985
Y  0.8260 -0.1397  0.5461
Z -0.1583  0.8724  0.4625

PART 60
OFFSET  10.0795 -5.7702 -8.3925
X  0.5671 -0.4994  0.6550
Y  0.8166  0.2368 -0.5265
Z  0.1078  0.8334  0.5420

PART 61
OFFSET  9.2766 -5.0633 -9.3198
X  0.9896 -0.0431 -0.1371
Y -0.0845  0.5968 -0.7979
Z  0.1162  0.8012  0.5870

PART 62
OFFSET  8.3992 -5.0251 -9.1983
X  0.5077  0.4177 -0.7535
Y -0.8556  0.3473 -0.3839
Z  0.1014  0.8396  0.5337

PART 63
OFFSET  7.9169 -5.4219 -8.4824
X  0.1341 -0.6589  0.7402
Y -0.9598  0.0995  0.2625
Z -0.2466 -0.7456 -0.6191

PART 64
OFFSET  8.9316 -6.4516 -6.3328
X -0.5658 -0.6072  0.5578
Y  0.7756 -0.1624  0.6100
Z -0.2799  0.7778  0.5628

PART 65
OFFSET  10.4588 -4.9947 -7.8505
X  0.5240 -0.4254  0.7379
Y  0.8503  0.2106 -0.4824
Z  0.0497  0.8802  0.4721

PART 66
OFFSET  9.5667 -4.2705 -9.1068
X  0.9516  0.1034 -0.2893
Y -0.3020  0.4879 -0.8190
Z  0.0564  0.8668  0.4955

PART 67
OFFSET  8.2478 -4.4138 -8.7059
X  0.3473  0.4519 -0.8217
Y -0.9364  0.2145 -0.2778
Z  0.0507  0.8659  0.4977

PART 68
OFFSET  7.8712 -4.9039 -7.8148
X  0.2528 -0.4502  0.8564
Y -0.9675 -0.1207  0.2222
Z  0.0033 -0.8847 -0.4661

PART 69
OFFSET  5.7157 -9.8471 -3.6150
X -0.4485 -0.6792  0.5810
Y -0.8102  0.0346 -0.5851
Z  0.3773 -0.7331 -0.5658

PART 70
OFFSET  10.4108 -3.7560 -6.0293
X -0.7097 -0.6410  0.2923
Y  0.6432 -0.4203  0.6400
Z -0.2874  0.6422  0.7106

PART 71
OFFSET  11.6604 -2.6274 -6.5440
X  0.3276 -0.5895  0.7384
Y  0.8895  0.4558 -0.0307
Z -0.3185  0.6669  0.6737

PART 72
OFFSET  11.2428 -1.8703 -7.4007
X  0.6819 -0.4006  0.6120
Y  0.6771  0.6622 -0.3209
Z -0.2767  0.6332  0.7228

PART 73
OFFSET  10.4726 -1.4178 -8.0920
X -0.9110 -0.2893  0.2938
Y -0.4048  0.4918 -0.7709
Z  0.0785 -0.8212 -0.5652

PART 74
OFFSET  10.6858 -4.4204 -6.8681
X  0.4018 -0.4555  0.7944
Y  0.9063  0.3220 -0.2738
Z -0.1311  0.8300  0.5422

PART 75
OFFSET  9.9009 -3.5306 -8.4200
X  0.9866  0.1623 -0.0177
Y -0.0971  0.4966 -0.8625
Z -0.1312  0.8527  0.5057

PART 76
OFFSET  8.4599 -3.7677 -8.3942
X  0.4312  0.4821 -0.7627
Y -0.8875  0.0746 -0.4547
Z -0.1622  0.8730  0.4600

PART 77
OFFSET  7.9720 -4.3197 -7.5340
X  0.2466 -0.4731  0.8458
Y -0.9662 -0.1874  0.1769
Z  0.0748 -0.8608 -0.5033

PART 78
OFFSET  0.0000 -0.0000 -0.0000
X  1.0000 -0.0000  0.0000
Y  0.0000  1.0000  0.0000
Z  0.0000 -0.0000  1.0000

PART 79
OFFSET -0.0000 -0.0000 -0.0000
X  0.9999  0.0000 -0.0111
Y  0.0001  1.0000  0.0076
Z  0.0111 -0.0076  0.9999

PART 80
OFFSET  1.5862 -0.0316  4.1183
X  0.9999  0.0000 -0.0111
Y  0.0001  1.0000  0.0076
Z  0.0111 -0.0076  0.9999


FRAME 2063
PART 0
OFFSET -4.6318 -0.0000 -1.3770
X  1.0000 -0.0000  0.0000
Y  0.0000  1.0000  0.0000
Z  0.0000 -0.0000  1.0000

PART 1
OFFSET -4.6318 -0.0000 -1.3770
X  1.0000 -0.0000  0.0000
Y  0.0000  1.0000  0.0000
Z  0.0000 -0.0000  1.0000

PART 2
OFFSET -3.5060  6.3408 -6.7125
X  0.6875 -0.2442 -0.6839
Y  0.2042 -0.8387  0.5048
Z -0.6969 -0.4867 -0.5267

PART 3
OFFSET  4.8084  3.3871 -14.9835
X  0.9780 -0.1575  0.1370
Y -0.1067  0.1868  0.9766
Z -0.1794 -0.9697  0.1658

PART 4
OFFSET  13.1264  2.0473 -13.8181
X  0.9780 -0.1575  0.1370
Y  0.1606  0.9870 -0.0115
Z -0.1334  0.0332  0.9905

PART 5
OFFSET  14.8945  3.4053 -14.6865
X  0.9791 -0.1560  0.1308
Y  0.1782  0.9673 -0.1803
Z -0.0984  0.1998  0.9749

PART 6
OFFSET  14.1211  0.9450 -14.7842
X  0.9791 -0.1560  0.1308
Y  0.1782  0.9673 -0.1803
Z -0.0984  0.1998  0.9749

PART 7
OFFSET  15.1009  3.3724 -12.3751
X  0.9791 -0.1560  0.1308
Y  0.1782  0.9673 -0.1803
Z -0.0984  0.1998  0.9749

PART 8
OFFSET  14.7240  1.8611 -12.1562
X  0.9791 -0.1560  0.1308
Y  0.1782  0.9673 -0.1803
Z -0.0984  0.1998  0.9749

PART 9
OFFSET  14.2022  0.7080 -12.5403
X  0.9791 -0.1560  0.1308
Y  0.1782  0.9673 -0.1803
Z -0.0984  0.1998  0.9749

PART 10
OFFSET  16.1245  1.5644 -13.3981
X  0.8510  0.4946 -0.1766
Y -0.4831  0.8691  0.1060
Z  0.2059 -0.0049  0.9786

PART 11
OFFSET  16.1256  2.6236 -12.9734
X  0.6722  0.7388 -0.0485
Y -0.7075  0.6216 -0.3363
Z -0.2184  0.2604  0.9405

PART 12
OFFSET  17.4934  4.2944 -13.0593
X  0.9163  0.3396 -0.2121
Y -0.3716  0.9185 -0.1348
Z  0.1490  0.2023  0.9679

PART 13
OFFSET  19.0115  4.8106 -13.2852
X  0.7004  0.7074 -0.0954
Y -0.7067  0.6684 -0.2322
Z -0.1005  0.2300  0.9680

PART 14
OFFSET  19.7523  5.5974 -13.3480
X  0.4359  0.5122 -0.7400
Y -0.1166 -0.7832 -0.6108
Z -0.8924  0.3526 -0.2817

PART 15
OFFSET  17.4035  1.0513 -13.4633
X  0.9986  0.0463 -0.0246
Y  0.0271 -0.0551  0.9981
Z  0.0449 -0.9974 -0.0563

PART 16
OFFSET  19.6441  1.2939 -13.3879
X  0.0135  0.4419  0.8970
Y -0.9947  0.0971 -0.0329
Z -0.1016 -0.8918  0.4409

PART 17
OFFSET  19.6632  1.9195 -12.1180
X -0.5514  0.4431  0.7068
Y -0.8308 -0.2142 -0.5137
Z -0.0762 -0.8705  0.4862

PART 18
OFFSET  19.1743  2.3124 -11.4913
X -0.7777  0.3669  0.5105
Y -0.6158 -0.2811 -0.7361
Z -0.1266 -0.8868  0.4445

PART 19
OFFSET  18.4355  2.6609 -11.0063
X  0.9997  0.0241  0.0073
Y  0.0196 -0.5603 -0.8280
Z -0.0158  0.8279 -0.5606

PART 20
OFFSET  17.2409  1.7384 -13.5683
X  0.9595  0.2037 -0.1947
Y  0.2094 -0.0532  0.9764
Z  0.1885 -0.9776 -0.0937

PART 21
OFFSET  19.7852  2.2108 -13.8170
X  0.3892  0.1667  0.9060
Y -0.8948  0.3022  0.3287
Z -0.2190 -0.9385  0.2668

PART 22
OFFSET  20.4477  2.4947 -12.2747
X -0.5939  0.3503  0.7243
Y -0.7793 -0.0268 -0.6261
Z -0.1999 -0.9363  0.2889

PART 23
OFFSET  19.6246  2.9802 -11.2709
X -0.8431  0.3099  0.4396
Y -0.5004 -0.1526 -0.8522
Z -0.1970 -0.9384  0.2837

PART 24
OFFSET  18.7103  3.3163 -10.7941
X  0.9669 -0.2129  0.1406
Y  0.0821 -0.2622 -0.9615
Z  0.2416  0.9413 -0.2360

PART 25
OFFSET  18.0912  4.4664 -13.2497
X  0.9514  0.2959  0.0854
Y  0.0315  0.1824 -0.9827
Z -0.3064  0.9377  0.1642

PART 26
OFFSET  18.9996  4.1489 -14.3700
X  0.9562 -0.0760  0.2826
Y -0.2784  0.0615  0.9585
Z -0.0903 -0.9952  0.0376

PART 27
OFFSET  20.6831  4.0150 -13.8723
X  0.2840 -0.0876  0.9548
Y -0.9542  0.0717  0.2904
Z -0.0939 -0.9936 -0.0632

PART 28
OFFSET  21.0341  3.9689 -12.7077
X -0.4420  0.0861  0.8929
Y -0.8936  0.0448 -0.4466
Z -0.0784 -0.9953  0.0572

PART 29
OFFSET  20.5349  4.0661 -11.6991
X  0.9285 -0.3484  0.1286
Y  0.1608  0.0652 -0.9848
Z  0.3347  0.9351  0.1165

PART 30
OFFSET  19.4699  3.1524 -14.2906
X  0.6623  0.0798  0.7450
Y -0.7468  0.1515  0.6476
Z -0.0612 -0.9852  0.1599

PART 31
OFFSET  20.7636  3.3082 -12.8352
X -0.3324  0.1672  0.9282
Y -0.9371  0.0528 -0.3451
Z -0.1067 -0.9845  0.1392

PART 32
OFFSET  20.2781  3.5525 -11.4795
X -0.8334  0.1712  0.5255
Y -0.5346 -0.0086 -0.8451
Z -0.1402 -0.9852  0.0987

PART 33
OFFSET  19.3335  3.7394 -10.8830
X  0.9895 -0.0628  0.1305
Y  0.1165 -0.1899 -0.9749
Z  0.0860  0.9798 -0.1806

PART 34
OFFSET  19.0059  2.4294 -12.4428
X  0.1494 -0.9881 -0.0364
Y -0.2059  0.0049 -0.9786
Z  0.9671  0.1537 -0.2027

PART 35
OFFSET  10.4646 -1.6783 -6.6815
X  0.7337  0.5493 -0.3999
Y -0.6705  0.4902 -0.5569
Z -0.1098  0.6768  0.7280

PART 36
OFFSET  10.4646 -1.6783 -6.6815
X  0.7337  0.5493 -0.3999
Y -0.6705  0.4902 -0.5569
Z -0.1098  0.6768  0.7280

PART 37
OFFSET  14.2839  2.6904 -6.9284
X  0.7313  0.5630 -0.3850
Y -0.6705  0.4902 -0.5569
Z -0.1248  0.6654  0.7360

PART 38
OFFSET  13.5143  0.8313 -8.1711
X  0.7337  0.5493 -0.3999
Y -0.6705  0.4902 -0.5569
Z -0.1098  0.6768  0.7280

PART 39
OFFSET  27.6631  12.0165 -15.3615
X  0.7337  0.5493 -0.3999
Y -0.6705  0.4902 -0.5569
Z -0.1098  0.6768  0.7280

PART 40
OFFSET  10.1661 -3.6417 -8.0505
X  0.7337  0.5493 -0.3999
Y -0.6705  0.4902 -0.5569
Z -0.1098  0.6768  0.7280

PART 41
OFFSET  29.3648  11.3535 -18.2211
X -0.6705  0.4902 -0.5569
Y -0.7337 -0.5493  0.3999
Z -0.1098  0.6768  0.7280

PART 42
OFFSET  21.0072  4.9109 -12.9401
X -0.3817  0.4157  0.8255
Y -0.6362 -0.7661  0.0916
Z  0.6705 -0.4902  0.5569

PART 43
OFFSET  21.0072  4.9109 -12.9401
X -0.6705  0.4902 -0.5569
Y -0.7337 -0.5493  0.3999
Z -0.1098  0.6768  0.7280

PART 44
OFFSET  20.5682  4.5007 -13.2932
X -0.6705  0.4902 -0.5569
Y -0.7337 -0.5493  0.3999
Z -0.1098  0.6768  0.7280

PART 45
OFFSET  19.6295  5.1870 -14.0728
X -0.6049  0.2601 -0.7526
Y -0.7337 -0.5493  0.3999
Z -0.3094  0.7942  0.5231

PART 46
OFFSET  27.6579  10.2048 -17.1617
X  0.7337  0.5493 -0.3999
Y -0.6705  0.4902 -0.5569
Z -0.1098  0.6768  0.7280

PART 47
OFFSET  26.3077  9.9880 -18.2269
X  0.8441  0.4866  0.2253
Y  0.1270  0.2268 -0.9656
Z -0.5210  0.8437  0.1297

PART 48
OFFSET -10.8444 -11.7139 -5.9426
X -0.9448  0.3078 -0.1128
Y -0.2164 -0.3272  0.9198
Z  0.2462  0.8934  0.3758

PART 49
OFFSET  0.5813 -15.4360 -4.5786
X -0.6743 -0.7331  0.0881
Y  0.7359 -0.6575  0.1617
Z -0.0607  0.1739  0.9829

PART 50
OFFSET  6.3169 -9.2003 -5.3277
X -0.6743 -0.7331  0.0881
Y  0.4780 -0.5243 -0.7047
Z  0.5628 -0.4331  0.7040

PART 51
OFFSET  6.8588 -7.9066 -6.7411
X -0.6785 -0.7298  0.0842
Y  0.0519 -0.1619 -0.9854
Z  0.7328 -0.6642  0.1477

PART 52
OFFSET  6.3966 -6.8975 -6.2354
X -0.6785 -0.7298  0.0842
Y  0.0519 -0.1619 -0.9854
Z  0.7328 -0.6642  0.1477

PART 53
OFFSET  6.4861 -6.6830 -4.8865
X -0.6785 -0.7298  0.0842
Y  0.0519 -0.1619 -0.9854
Z  0.7328 -0.6642  0.1477

PART 54
OFFSET  8.3842 -6.9526 -5.5977
X -0.5766 -0.7712  0.2699
Y  0.4315 -0.5679 -0.7009
Z  0.6938 -0.2876  0.6602

PART 55
OFFSET  7.9423 -5.9396 -5.3138
X  0.1482 -0.9716  0.1843
Y  0.3746 -0.1173 -0.9197
Z  0.9153  0.2053  0.3466

PART 56
OFFSET  7.5341 -3.8426 -5.6389
X -0.4566 -0.4960  0.7386
Y  0.3712 -0.8607 -0.3486
Z  0.8086  0.1150  0.5771

PART 57
OFFSET  8.2028 -3.1060 -6.9167
X -0.4700  0.2686  0.8408
Y -0.0176 -0.9552  0.2953
Z  0.8825  0.1240  0.4537

PART 58
OFFSET  8.6710 -3.3860 -7.8517
X -0.9174 -0.0782  0.3901
Y -0.3937  0.0366 -0.9185
Z  0.0576 -0.9963 -0.0643

PART 59
OFFSET  9.1940 -6.8501 -6.7100
X -0.5286 -0.4884  0.6943
Y  0.8314 -0.1328  0.5396
Z -0.1713  0.8624  0.4763

PART 60
OFFSET  10.2548 -5.6108 -8.2667
X  0.5796 -0.4987  0.6445
Y  0.8093  0.2592 -0.5272
Z  0.0959  0.8271  0.5538

PART 61
OFFSET  9.4343 -4.9047 -9.1791
X  0.9895 -0.0232 -0.1429
Y -0.0996  0.6070 -0.7884
Z  0.1051  0.7944  0.5983

PART 62
OFFSET  8.5570 -4.8841 -9.0524
X  0.4959  0.4379 -0.7499
Y -0.8638  0.3375 -0.3741
Z  0.0893  0.8333  0.5456

PART 63
OFFSET  8.0859 -5.3002 -8.3399
X  0.1501 -0.6673  0.7295
Y -0.9599  0.0783  0.2691
Z -0.2367 -0.7407 -0.6288

PART 64
OFFSET  9.1308 -6.3432 -6.2114
X -0.5517 -0.6255  0.5516
Y  0.7817 -0.1574  0.6034
Z -0.2906  0.7641  0.5759

PART 65
OFFSET  10.6232 -4.8366 -7.7152
X  0.5356 -0.4268  0.7287
Y  0.8437  0.2331 -0.4837
Z  0.0366  0.8738  0.4849

PART 66
OFFSET  9.7113 -4.1100 -8.9558
X  0.9480  0.1248 -0.2927
Y -0.3152  0.4945 -0.8100
Z  0.0436  0.8602  0.5081

PART 67
OFFSET  8.3974 -4.2831 -8.5501
X  0.3346  0.4703 -0.8167
Y -0.9416  0.2017 -0.2696
Z  0.0379  0.8592  0.5103

PART 68
OFFSET  8.0346 -4.7931 -7.6644
X  0.2656 -0.4582  0.8482
Y -0.9639 -0.1414  0.2255
Z  0.0166 -0.8775 -0.4793

PART 69
OFFSET  5.9916 -9.8362 -3.5277
X -0.4330 -0.6957  0.5731
Y -0.8140  0.0287 -0.5802
Z  0.3872 -0.7177 -0.5787

PART 70
OFFSET  10.5631 -3.6262 -5.8755
X -0.6964 -0.6580  0.2864
Y  0.6542 -0.4181  0.6302
Z -0.2949  0.6263  0.7216

PART 71
OFFSET  11.7893 -2.4678 -6.3798
X  0.3422 -0.5944  0.7277
Y  0.8810  0.4722 -0.0286
Z -0.3266  0.6509  0.6853

PART 72
OFFSET  11.3535 -1.7057 -7.2228
X  0.6923 -0.3973  0.6023
Y  0.6633  0.6790 -0.3146
Z -0.2840  0.6173  0.7336

PART 73
OFFSET  10.5714 -1.2569 -7.9032
