// Export filename: `C:\projects\cod\t5\xanim_export\t5_viewmodels\ak47\ak47_dualclip_reload_empty.XANIM_EXPORT`
// Source filename: `D:\projects\devanim\t5\animation_assets\viewmodels\ak47\ViewModel_AK47_animated.fbx`
// Export time: Tue Aug 17 23:12:10 2010

ANIMATION
VERSION 3

NUMPARTS 78
PART 0 "tag_ads"
PART 1 "tag_torso"
PART 2 "J_Shoulder_LE"
PART 3 "J_Elbow_LE"
PART 4 "J_WristTwist_LE"
PART 5 "J_Sleave_Reshape_Bottom_LE_1"
PART 6 "J_Sleave_Reshape_Bottom_LE_2"
PART 7 "J_Sleave_Reshape_Top_LE_1"
PART 8 "J_Sleave_Reshape_Top_LE_2"
PART 9 "J_Sleave_Reshape_Top_LE_3"
PART 10 "J_Wrist_LE"
PART 11 "J_Thumb_LE_0"
PART 12 "J_Thumb_LE_1"
PART 13 "J_Thumb_LE_2"
PART 14 "J_Thumb_LE_3"
PART 15 "J_PinkyPalm_LE"
PART 16 "J_Pinky_LE_0"
PART 17 "J_Pinky_LE_1"
PART 18 "J_Pinky_LE_2"
PART 19 "J_Pinky_LE_3"
PART 20 "J_RingPalm_LE"
PART 21 "J_Ring_LE_0"
PART 22 "J_Ring_LE_1"
PART 23 "J_Ring_LE_2"
PART 24 "J_Ring_LE_3"
PART 25 "J_Webbing_LE"
PART 26 "J_Index_LE_0"
PART 27 "J_Index_LE_1"
PART 28 "J_Index_LE_2"
PART 29 "J_Index_LE_3"
PART 30 "J_Mid_LE_0"
PART 31 "J_Mid_LE_1"
PART 32 "J_Mid_LE_2"
PART 33 "J_Mid_LE_3"
PART 34 "tag_knife_attach"
PART 35 "tag_weapon"
PART 36 "J_Gun"
PART 37 "J_bolt"
PART 38 "tag_flame_unit"
PART 39 "tag_flamer_bracket"
PART 40 "tag_flamer_bottle"
PART 41 "tag_flamer_button"
PART 42 "tag_flamer_ring"
PART 43 "tag_flamer_pilot_light"
PART 44 "TAG_DUAL_CLIP"
PART 45 "J_Shoulder_RI"
PART 46 "J_Elbow_RI"
PART 47 "J_WristTwist_RI"
PART 48 "J_Sleave_Reshape_Top_RI_3"
PART 49 "J_Sleave_Reshape_Top_RI_2"
PART 50 "J_Sleave_Reshape_Top_RI_1"
PART 51 "J_Wrist_RI"
PART 52 "J_Thumb_RI_0"
PART 53 "J_Thumb_RI_1"
PART 54 "J_Thumb_RI_2"
PART 55 "J_Thumb_RI_3"
PART 56 "J_PinkyPalm_RI"
PART 57 "J_Pinky_RI_0"
PART 58 "J_Pinky_RI_1"
PART 59 "J_Pinky_RI_2"
PART 60 "J_Pinky_RI_3"
PART 61 "J_RingPalm_RI"
PART 62 "J_Ring_RI_0"
PART 63 "J_Ring_RI_1"
PART 64 "J_Ring_RI_2"
PART 65 "J_Ring_RI_3"
PART 66 "J_Webbing_RI"
PART 67 "J_Index_RI_0"
PART 68 "J_Index_RI_1"
PART 69 "J_Index_RI_2"
PART 70 "J_Index_RI_3"
PART 71 "J_Mid_RI_0"
PART 72 "J_Mid_RI_1"
PART 73 "J_Mid_RI_2"
PART 74 "J_Mid_RI_3"
PART 75 "tag_cambone"
PART 76 "tag_camera"
PART 77 "tag_gasmask"

FRAMERATE 30
NUMFRAMES 133

FRAME 2800
PART 0
OFFSET  0.0000 -0.0000 -0.0000
X  1.0000 -0.0000  0.0000
Y  0.0000  1.0000  0.0000
Z  0.0000 -0.0000  1.0000

PART 1
OFFSET -4.6318 -0.0000 -1.3770
X  1.0000 -0.0000  0.0000
Y  0.0000  1.0000  0.0000
Z  0.0000 -0.0000  1.0000

PART 2
OFFSET -3.5060  6.3408 -6.7125
X  0.9050 -0.1375 -0.4027
Y -0.1187 -0.9904  0.0712
Z -0.4086 -0.0166 -0.9126

PART 3
OFFSET  7.4385  4.6783 -11.5824
X  0.7038 -0.4936  0.5109
Y -0.6390 -0.1257  0.7589
Z -0.3104 -0.8605 -0.4039

PART 4
OFFSET  13.4246  0.4796 -7.2374
X  0.7038 -0.4936  0.5109
Y -0.0361  0.6933  0.7197
Z -0.7095 -0.5250  0.4702

PART 5
OFFSET  15.4596  1.4188 -6.4002
X  0.7084 -0.4906  0.5074
Y  0.3177  0.8636  0.3915
Z -0.6303 -0.1161  0.7676

PART 6
OFFSET  14.7140 -0.4916 -7.9670
X  0.7084 -0.4906  0.5074
Y  0.3177  0.8636  0.3915
Z -0.6303 -0.1161  0.7676

PART 7
OFFSET  14.2865  0.5547 -4.5938
X  0.7084 -0.4906  0.5074
Y  0.3177  0.8636  0.3915
Z -0.6303 -0.1161  0.7676

PART 8
OFFSET  13.7467 -0.7427 -5.3005
X  0.7084 -0.4906  0.5074
Y  0.3177  0.8636  0.3915
Z -0.6303 -0.1161  0.7676

PART 9
OFFSET  13.4637 -1.4751 -6.3648
X  0.7084 -0.4906  0.5074
Y  0.3177  0.8636  0.3915
Z -0.6303 -0.1161  0.7676

PART 10
OFFSET  15.5823 -1.0338 -5.6713
X  0.9667 -0.2298  0.1127
Y  0.0805  0.6910  0.7184
Z -0.2430 -0.6854  0.6864

PART 11
OFFSET  15.9950 -0.7518 -4.6454
X  0.9193 -0.0900  0.3833
Y -0.0161  0.9641  0.2649
Z -0.3933 -0.2497  0.8848

PART 12
OFFSET  17.9552 -0.8635 -3.7427
X  0.9493 -0.3141 -0.0104
Y  0.2644  0.7802  0.5669
Z -0.1699 -0.5409  0.8237

PART 13
OFFSET  19.4530 -1.4778 -3.7012
X  0.9394 -0.1609  0.3027
Y  0.0297  0.9179  0.3958
Z -0.3415 -0.3628  0.8670

PART 14
OFFSET  20.4537 -1.6527 -3.3274
X  0.9189  0.3035 -0.2520
Y -0.2920  0.0938 -0.9518
Z -0.2652  0.9482  0.1748

PART 15
OFFSET  16.2650 -2.1066 -6.2064
X  0.7680 -0.6332 -0.0962
Y -0.4096 -0.6010  0.6863
Z -0.4924 -0.4877 -0.7209

PART 16
OFFSET  18.0120 -3.5319 -6.2334
X -0.1061 -0.2919  0.9505
Y -0.6634  0.7329  0.1510
Z -0.7407 -0.6146 -0.2714

PART 17
OFFSET  17.8618 -3.9452 -4.8876
X -0.3622  0.0350  0.9314
Y -0.5890  0.7659 -0.2578
Z -0.7224 -0.6420 -0.2568

PART 18
OFFSET  17.5407 -3.9142 -4.0618
X -0.5161  0.2747  0.8113
Y -0.4010  0.7594 -0.5123
Z -0.7568 -0.5897 -0.2818

PART 19
OFFSET  17.0504 -3.6532 -3.2910
X  0.7559 -0.6016 -0.2582
Y -0.0663  0.3220 -0.9444
Z  0.6513  0.7310  0.2036

PART 20
OFFSET  16.5650 -1.6022 -5.8000
X  0.8938 -0.4350 -0.1092
Y -0.2660 -0.7102  0.6518
Z -0.3611 -0.5535 -0.7505

PART 21
OFFSET  18.7908 -2.9380 -5.9407
X  0.0148 -0.6837  0.7296
Y -0.6220  0.5650  0.5421
Z -0.7829 -0.4618 -0.4169

PART 22
OFFSET  18.8160 -4.1020 -4.6986
X -0.5031  0.0940  0.8591
Y -0.3796  0.8690 -0.3174
Z -0.7764 -0.4858 -0.4015

PART 23
OFFSET  18.1188 -3.9717 -3.5079
X -0.6126  0.4092  0.6762
Y -0.1617  0.7726 -0.6140
Z -0.7736 -0.4855 -0.4071

PART 24
OFFSET  17.4544 -3.5280 -2.7745
X  0.5563 -0.8004 -0.2233
Y  0.2520  0.4186 -0.8725
Z  0.7919  0.4291  0.4346

PART 25
OFFSET  18.5599 -1.0124 -3.8152
X  0.8264 -0.5404  0.1580
Y  0.5163  0.6155 -0.5955
Z  0.2246  0.5737  0.7877

PART 26
OFFSET  19.5000 -1.1533 -4.9454
X  0.5468 -0.8358  0.0493
Y -0.5539 -0.3169  0.7699
Z -0.6279 -0.4483 -0.6362

PART 27
OFFSET  20.4628 -2.6249 -4.8586
X -0.1559 -0.8054  0.5718
Y -0.7903  0.4490  0.4170
Z -0.5926 -0.3869 -0.7065

PART 28
OFFSET  20.3093 -3.5805 -4.1205
X -0.5957 -0.2321  0.7690
Y -0.5074  0.8509 -0.1362
Z -0.6227 -0.4713 -0.6246

PART 29
OFFSET  19.6365 -3.8427 -3.2519
X  0.4768 -0.8251 -0.3031
Y  0.4944  0.5368 -0.6837
Z  0.7269  0.1762  0.6638

PART 30
OFFSET  19.2660 -2.0013 -5.6136
X  0.2318 -0.8198  0.5236
Y -0.7237  0.2144  0.6560
Z -0.6500 -0.5310 -0.5436

PART 31
OFFSET  19.7189 -3.6029 -4.5907
X -0.4960 -0.2308  0.8371
Y -0.5399  0.8370 -0.0892
Z -0.6800 -0.4961 -0.5398

PART 32
OFFSET  18.9943 -3.9400 -3.3681
X -0.7177  0.3295  0.6134
Y -0.0906  0.8292 -0.5515
Z -0.6904 -0.4514 -0.5653

PART 33
OFFSET  18.1766 -3.5706 -2.6770
X  0.6523 -0.7535 -0.0820
Y  0.3401  0.3876 -0.8568
Z  0.6773  0.5310  0.5091

PART 34
OFFSET  17.7895 -3.0736 -4.7068
X -0.4185 -0.5643 -0.7116
Y  0.2430  0.6854 -0.6864
Z  0.8751 -0.4602 -0.1498

PART 35
OFFSET  8.2563 -2.6698 -4.5431
X  1.0000 -0.0000  0.0000
Y  0.0000  1.0000  0.0000
Z  0.0000 -0.0000  1.0000

PART 36
OFFSET  8.2563 -2.6698 -4.5431
X  1.0000 -0.0000  0.0000
Y  0.0000  1.0000  0.0000
Z  0.0000 -0.0000  1.0000

PART 37
OFFSET  13.5569 -2.9515 -2.1857
X  0.9998 -0.0000  0.0204
Y  0.0000  1.0000 -0.0000
Z -0.0204  0.0000  0.9998

PART 38
OFFSET  7.5063 -2.6698 -6.8357
X  1.0000 -0.0000  0.0000
Y  0.0000  1.0000  0.0000
Z  0.0000 -0.0000  1.0000

PART 39
OFFSET  22.1140 -3.0231 -5.7976
X -0.3819 -0.0000  0.9242
Y -0.9242  0.0000 -0.3819
Z -0.0000 -1.0000 -0.0000

PART 40
OFFSET  22.1140 -3.0231 -5.7976
X  0.0000  1.0000  0.0000
Y -1.0000  0.0000  0.0000
Z  0.0000 -0.0000  1.0000

PART 41
OFFSET  21.7077 -2.7332 -6.2840
X  0.0000  1.0000  0.0000
Y -1.0000  0.0000  0.0000
Z  0.0000 -0.0000  1.0000

PART 42
OFFSET  21.7077 -1.3332 -6.2840
X  0.0000  0.8512 -0.5249
Y -1.0000  0.0000  0.0000
Z  0.0000  0.5249  0.8512

PART 43
OFFSET  30.9061 -1.1440 -6.7923
X  0.7965 -0.4529  0.4006
Y  0.6040  0.5638 -0.5634
Z  0.0293  0.6907  0.7226

PART 44
OFFSET  12.4681 -2.6548 -4.2640
X  1.0000 -0.0000  0.0000
Y  0.0000  1.0000  0.0000
Z  0.0000 -0.0000  1.0000

PART 45
OFFSET -17.6076 -4.8127 -7.0611
X -0.8933  0.0570  0.4458
Y -0.2146 -0.9256 -0.3117
Z  0.3949 -0.3741  0.8391

PART 46
OFFSET -6.8040 -5.5017 -12.4528
X -0.8818 -0.0897 -0.4630
Y  0.4713 -0.1330 -0.8719
Z  0.0166 -0.9871  0.1595

PART 47
OFFSET  0.6961 -4.7390 -8.5146
X -0.8818 -0.0897 -0.4630
Y  0.4716 -0.1611 -0.8670
Z  0.0031 -0.9829  0.1844

PART 48
OFFSET  1.6239 -3.3379 -7.4465
X -0.8846 -0.0859 -0.4583
Y -0.0209  0.9892 -0.1452
Z  0.4659 -0.1189 -0.8768

PART 49
OFFSET  1.5394 -3.8726 -6.3534
X -0.8846 -0.0859 -0.4583
Y -0.0209  0.9892 -0.1452
Z  0.4659 -0.1189 -0.8768

PART 50
OFFSET  1.7163 -5.2227 -6.2156
X -0.8846 -0.0859 -0.4583
Y -0.0209  0.9892 -0.1452
Z  0.4659 -0.1189 -0.8768

PART 51
OFFSET  3.3994 -4.4641 -7.0951
X -0.9546 -0.1418 -0.2621
Y  0.2850 -0.1775 -0.9420
Z  0.0871 -0.9739  0.2098

PART 52
OFFSET  3.5180 -3.8292 -6.1544
X -0.4986 -0.6783 -0.5397
Y  0.5783  0.2035 -0.7900
Z  0.6457 -0.7060  0.2908

PART 53
OFFSET  4.5003 -2.3465 -4.9270
X -0.9028 -0.3483  0.2521
Y -0.0610 -0.4767 -0.8770
Z  0.4256 -0.8071  0.4091

PART 54
OFFSET  5.9065 -1.7222 -5.4322
X -0.5336 -0.0214  0.8455
Y -0.6557 -0.6209 -0.4295
Z  0.5342 -0.7836  0.3173

PART 55
OFFSET  6.4702 -1.6527 -6.3537
X -0.8721  0.3596  0.3318
Y  0.0986  0.7934 -0.6007
Z -0.4792 -0.4912 -0.7274

PART 56
OFFSET  4.4947 -4.3373 -7.9244
X -0.9338 -0.2716  0.2329
Y  0.3213 -0.9230  0.2116
Z  0.1575  0.2724  0.9492

PART 57
OFFSET  6.5764 -3.5742 -8.3354
X -0.1064 -0.9920  0.0680
Y  0.9470 -0.1219 -0.2972
Z  0.3031  0.0328  0.9524

PART 58
OFFSET  6.7270 -2.1698 -8.4316
X  0.7704 -0.5952 -0.2284
Y  0.5756  0.8034 -0.1522
Z  0.2741 -0.0142  0.9616

PART 59
OFFSET  6.0439 -1.6420 -8.2291
X  0.9043  0.2998 -0.3040
Y -0.2988  0.9530  0.0509
Z  0.3049  0.0448  0.9513

PART 60
OFFSET  5.1848 -1.9269 -7.9403
X -0.5482 -0.8340  0.0630
Y -0.7690  0.5322  0.3543
Z -0.3290  0.1458 -0.9330

PART 61
OFFSET  4.5274 -4.3242 -7.2114
X -0.9690 -0.2439  0.0388
Y  0.2458 -0.9373  0.2469
Z -0.0239  0.2488  0.9683

PART 62
OFFSET  7.0513 -3.7488 -7.4505
X -0.1328 -0.9741  0.1828
Y  0.9405 -0.1821 -0.2870
Z  0.3128  0.1338  0.9403

PART 63
OFFSET  7.2774 -2.0903 -7.7617
X  0.8812 -0.4114 -0.2327
Y  0.3642  0.9048 -0.2204
Z  0.3012  0.1095  0.9472

PART 64
OFFSET  6.0561 -1.5201 -7.4392
X  0.8304  0.4610 -0.3130
Y -0.4723  0.8804  0.0436
Z  0.2956  0.1116  0.9488

PART 65
OFFSET  5.1555 -2.0201 -7.0997
X -0.3960 -0.8751  0.2782
Y -0.8751  0.4514  0.1743
Z -0.2781 -0.1744 -0.9446

PART 66
OFFSET -0.7678 -5.4262 -7.2769
X -0.9291 -0.3699 -0.0061
Y -0.3495  0.8829 -0.3136
Z  0.1213 -0.2892 -0.9496

PART 67
OFFSET  6.9363 -4.1397 -5.2854
X -0.9803 -0.1931 -0.0406
Y  0.1869 -0.9747  0.1229
Z -0.0633  0.1129  0.9916

PART 68
OFFSET  8.6623 -3.7997 -5.2139
X -0.9741 -0.2239 -0.0304
Y  0.2152 -0.9603  0.1773
Z -0.0689  0.1662  0.9837

PART 69
OFFSET  9.8424 -3.5175 -5.1172
X -0.9659 -0.2397 -0.0981
Y  0.2227 -0.9620  0.1579
Z -0.1323  0.1307  0.9826

PART 70
OFFSET  10.9334 -3.2467 -5.0063
X  0.0762  0.9832  0.1658
Y  0.9969 -0.0787  0.0085
Z  0.0214  0.1646 -0.9861

PART 71
OFFSET  7.1281 -4.1726 -6.3729
X -0.2627 -0.9406  0.2150
Y  0.9570 -0.2824 -0.0663
Z  0.1231  0.1883  0.9744

PART 72
OFFSET  7.6413 -2.3351 -6.7929
X  0.8288 -0.5596 -0.0009
Y  0.5392  0.7990 -0.2664
Z  0.1498  0.2203  0.9639

PART 73
OFFSET  6.4307 -1.5177 -6.7917
X  0.8851  0.3871 -0.2584
Y -0.4386  0.8795 -0.1846
Z  0.1558  0.2767  0.9482

PART 74
OFFSET  5.4269 -1.9575 -6.5058
X -0.4085 -0.8763  0.2554
Y -0.8912  0.4434  0.0957
Z -0.1971 -0.1885 -0.9621

PART 75
OFFSET  0.0000 -0.0000 -0.0000
X  1.0000 -0.0000  0.0000
Y  0.0000  1.0000  0.0000
Z  0.0000 -0.0000  1.0000

PART 76
OFFSET  0.0000 -0.0000 -0.0000
X  1.0000 -0.0000  0.0000
Y  0.0000  1.0000  0.0000
Z  0.0000 -0.0000  1.0000

PART 77
OFFSET  1.5404 -0.0000  4.1357
X  1.0000 -0.0000  0.0000
Y  0.0000  1.0000  0.0000
Z  0.0000 -0.0000  1.0000


FRAME 2801
PART 0
OFFSET  0.0000 -0.0000 -0.0000
X  1.0000 -0.0000  0.0000
Y  0.0000  1.0000  0.0000
Z  0.0000 -0.0000  1.0000

PART 1
OFFSET -4.6318 -0.0000 -1.3770
X  1.0000 -0.0000  0.0000
Y  0.0000  1.0000  0.0000
Z  0.0000 -0.0000  1.0000

PART 2
OFFSET -3.5060  6.3408 -6.7125
X  0.9060 -0.1058 -0.4098
Y -0.1054 -0.9941  0.0236
Z -0.4099  0.0218 -0.9119

PART 3
OFFSET  7.4514  5.0608 -11.6681
X  0.6889 -0.5138  0.5114
Y -0.6601 -0.1530  0.7355
Z -0.2996 -0.8442 -0.4445

PART 4
OFFSET  13.3106  0.6911 -7.3186
X  0.6889 -0.5138  0.5114
Y -0.0692  0.6556  0.7519
Z -0.7216 -0.5534  0.4161

PART 5
OFFSET  15.3221  1.5945 -6.3902
X  0.6936 -0.5106  0.5082
Y  0.3072  0.8477  0.4324
Z -0.6516 -0.1438  0.7448

PART 6
OFFSET  14.6192 -0.2543 -8.0480
X  0.6936 -0.5106  0.5082
Y  0.3072  0.8477  0.4324
Z -0.6516 -0.1438  0.7448

PART 7
OFFSET  14.0983  0.6652 -4.6510
X  0.6936 -0.5106  0.5082
Y  0.3072  0.8477  0.4324
Z -0.6516 -0.1438  0.7448

PART 8
OFFSET  13.5775 -0.6037 -5.4208
X  0.6936 -0.5106  0.5082
Y  0.3072  0.8477  0.4324
Z -0.6516 -0.1438  0.7448

PART 9
OFFSET  13.3238 -1.2951 -6.5194
X  0.6936 -0.5106  0.5082
Y  0.3072  0.8477  0.4324
Z -0.6516 -0.1438  0.7448

PART 10
OFFSET  15.4225 -0.8839 -5.7509
X  0.9638 -0.2458  0.1037
Y  0.0834  0.6468  0.7581
Z -0.2534 -0.7220  0.6439

PART 11
OFFSET  15.8324 -0.6667 -4.7083
X  0.9115 -0.0989  0.3991
Y -0.0363  0.9475  0.3176
Z -0.4096 -0.3040  0.8601

PART 12
OFFSET  17.7731 -0.8025 -3.7674
X  0.9558 -0.2939 -0.0011
Y  0.2325  0.7538  0.6146
Z -0.1799 -0.5877  0.7888

PART 13
OFFSET  19.2821 -1.3878 -3.7175
X  0.9364 -0.1519  0.3164
Y -0.0042  0.8966  0.4428
Z -0.3509 -0.4160  0.8389

PART 14
OFFSET  20.2786 -1.5558 -3.3294
X  0.9158  0.3399 -0.2141
Y -0.2729  0.1354 -0.9525
Z -0.2947  0.9307  0.2167

PART 15
OFFSET  16.0975 -1.9304 -6.3447
X  0.7599 -0.6360 -0.1344
Y -0.4188 -0.6371  0.6470
Z -0.4972 -0.4354 -0.7505

PART 16
OFFSET  17.8259 -3.3742 -6.4581
X -0.0768 -0.3870  0.9189
Y -0.6555  0.7141  0.2459
Z -0.7513 -0.5834 -0.3085

PART 17
OFFSET  17.7171 -3.9221 -5.1571
X -0.3285 -0.0628  0.9424
Y -0.5958  0.7880 -0.1552
Z -0.7329 -0.6124 -0.2963

PART 18
OFFSET  17.4258 -3.9778 -4.3216
X -0.4813  0.1789  0.8581
Y -0.4224  0.8104 -0.4059
Z -0.7680 -0.5579 -0.3145

PART 19
OFFSET  16.9686 -3.8078 -3.5064
X  0.7444 -0.5649 -0.3560
Y -0.1062  0.4262 -0.8984
Z  0.6592  0.7066  0.2572

PART 20
OFFSET  16.4003 -1.4538 -5.9080
X  0.8900 -0.4369 -0.1302
Y -0.2765 -0.7445  0.6077
Z -0.3625 -0.5049 -0.7834

PART 21
OFFSET  18.6153 -2.7982 -6.1200
X  0.0318 -0.7478  0.6632
Y -0.6186  0.5064  0.6007
Z -0.7850 -0.4293 -0.4465

PART 22
OFFSET  18.6693 -4.0713 -4.9910
X -0.4815 -0.0114  0.8763
Y -0.4033  0.8906 -0.2100
Z -0.7781 -0.4546 -0.4335

PART 23
OFFSET  18.0019 -4.0872 -3.7764
X -0.6006  0.3156  0.7346
Y -0.1946  0.8335 -0.5172
Z -0.7755 -0.4536 -0.4392

PART 24
OFFSET  17.3506 -3.7449 -2.9797
X  0.5651 -0.7570 -0.3280
Y  0.2183  0.5207 -0.8254
Z  0.7956  0.3948  0.4595

PART 25
OFFSET  18.3901 -1.0015 -3.8824
X  0.8202 -0.5571  0.1300
Y  0.5255  0.6441 -0.5558
Z  0.2259  0.5242  0.8211

PART 26
OFFSET  19.3349 -1.0854 -5.0144
X  0.5528 -0.8333 -0.0045
Y -0.5516 -0.3699  0.7476
Z -0.6247 -0.4108 -0.6641

PART 27
OFFSET  20.3081 -2.5526 -5.0223
X -0.1263 -0.8538  0.5051
Y -0.7967  0.3907  0.4612
Z -0.5911 -0.3441 -0.7295

PART 28
OFFSET  20.1904 -3.5696 -4.3640
X -0.5662 -0.3311  0.7548
Y -0.5456  0.8370 -0.0422
Z -0.6178 -0.4357 -0.6546

PART 29
OFFSET  19.5509 -3.9436 -3.5114
X  0.5031 -0.7703 -0.3918
Y  0.4544  0.6214 -0.6382
Z  0.7351  0.1431  0.6627

PART 30
OFFSET  19.0962 -1.8904 -5.7323
X  0.2436 -0.8559  0.4562
Y -0.7191  0.1562  0.6771
Z -0.6508 -0.4930 -0.5774

PART 31
OFFSET  19.5722 -3.5624 -4.8411
X -0.4682 -0.3267  0.8210
Y -0.5631  0.8264  0.0078
Z -0.6810 -0.4586 -0.5709

PART 32
OFFSET  18.8884 -4.0396 -3.6419
X -0.7068  0.2274  0.6699
Y -0.1414  0.8824 -0.4488
Z -0.6932 -0.4119 -0.5915

PART 33
OFFSET  18.0831 -3.7856 -2.8871
X  0.6766 -0.7117 -0.1892
Y  0.2941  0.4967 -0.8166
Z  0.6751  0.4968  0.5454

PART 34
OFFSET  17.6044 -2.9990 -4.8971
X -0.4202 -0.5174 -0.7455
Y  0.2534  0.7220 -0.6439
Z  0.8713 -0.4594 -0.1723

PART 35
OFFSET  8.2541 -2.7122 -4.6262
X  1.0000  0.0030 -0.0045
Y -0.0029  1.0000  0.0015
Z  0.0045 -0.0015  1.0000

PART 36
OFFSET  8.2541 -2.7122 -4.6262
X  1.0000  0.0030 -0.0045
Y -0.0029  1.0000  0.0015
Z  0.0045 -0.0015  1.0000

PART 37
OFFSET  13.5662 -2.9816 -2.2933
X  0.9999  0.0029  0.0159
Y -0.0029  1.0000  0.0015
Z -0.0159 -0.0015  0.9999

PART 38
OFFSET  7.4937 -2.7110 -6.9154
X  1.0000  0.0030 -0.0045
Y -0.0029  1.0000  0.0015
Z  0.0045 -0.0015  1.0000

PART 39
OFFSET  22.1070 -3.0226 -5.9441
X -0.3777 -0.0025  0.9259
Y -0.9259 -0.0022 -0.3777
Z  0.0029 -1.0000 -0.0015

PART 40
OFFSET  22.1070 -3.0226 -5.9441
X -0.0029  1.0000  0.0015
Y -1.0000 -0.0030  0.0045
Z  0.0045 -0.0015  1.0000

PART 41
OFFSET  21.6976 -2.7332 -6.4283
X -0.0029  1.0000  0.0015
Y -1.0000 -0.0030  0.0045
Z  0.0045 -0.0015  1.0000

PART 42
OFFSET  21.6935 -1.3333 -6.4262
X -0.0048  0.8727 -0.4882
Y -1.0000 -0.0030  0.0045
Z  0.0025  0.4882  0.8727

PART 43
OFFSET  30.8889 -1.1161 -6.9759
X  0.7996 -0.4511  0.3964
Y  0.5997  0.5664 -0.5653
Z  0.0305  0.6897  0.7234

PART 44
OFFSET  12.4671 -2.6851 -4.3662
X  1.0000  0.0030 -0.0045
Y -0.0029  1.0000  0.0015
Z  0.0045 -0.0015  1.0000

PART 45
OFFSET -17.5622 -4.8127 -7.1043
X -0.8905  0.0587  0.4512
Y -0.2194 -0.9241 -0.3129
Z  0.3985 -0.3776  0.8358

PART 46
OFFSET -6.7924 -5.5228 -12.5605
X -0.8801 -0.0869 -0.4668
Y  0.4746 -0.1314 -0.8703
Z  0.0143 -0.9875  0.1569

PART 47
OFFSET  0.6929 -4.7836 -8.5899
X -0.8801 -0.0869 -0.4668
Y  0.4748 -0.1567 -0.8660
Z  0.0021 -0.9838  0.1792

PART 48
OFFSET  1.6188 -3.3870 -7.5142
X -0.8829 -0.0832 -0.4622
Y -0.0186  0.9896 -0.1425
Z  0.4692 -0.1172 -0.8753

PART 49
OFFSET  1.5289 -3.9245 -6.4230
X -0.8829 -0.0832 -0.4622
Y -0.0186  0.9896 -0.1425
Z  0.4692 -0.1172 -0.8753

PART 50
OFFSET  1.7030 -5.2753 -6.2882
X -0.8829 -0.0832 -0.4622
Y -0.0186  0.9896 -0.1425
Z  0.4692 -0.1172 -0.8753

PART 51
OFFSET  3.3910 -4.5171 -7.1588
X -0.9553 -0.1442 -0.2580
Y  0.2812 -0.1753 -0.9435
Z  0.0909 -0.9739  0.2080

PART 52
OFFSET  3.5120 -3.8832 -6.2177
X -0.4991 -0.6790 -0.5384
Y  0.5741  0.2064 -0.7924
Z  0.6491 -0.7045  0.2868

PART 53
OFFSET  4.4955 -2.3994 -4.9926
X -0.9007 -0.3513  0.2557
Y -0.0636 -0.4756 -0.8774
Z  0.4299 -0.8065  0.4060

PART 54
OFFSET  5.8975 -1.7702 -5.5032
X -0.5297 -0.0242  0.8479
Y -0.6558 -0.6222 -0.4275
Z  0.5379 -0.7824  0.3137

PART 55
OFFSET  6.4568 -1.6977 -6.4272
X -0.8717  0.3565  0.3363
Y  0.0935  0.7945 -0.6000
Z -0.4811 -0.4915 -0.7259

PART 56
OFFSET  4.4821 -4.3859 -7.9928
X -0.9319 -0.2747  0.2367
Y  0.3249 -0.9224  0.2088
Z  0.1610  0.2715  0.9489

PART 57
OFFSET  6.5596 -3.6160 -8.4121
X -0.1032 -0.9924  0.0670
Y  0.9460 -0.1187 -0.3017
Z  0.3073  0.0323  0.9511

PART 58
OFFSET  6.7057 -2.2110 -8.5070
X  0.7711 -0.5926 -0.2328
Y  0.5725  0.8054 -0.1536
Z  0.2785 -0.0148  0.9603

PART 59
OFFSET  6.0220 -1.6856 -8.3006
X  0.9020  0.3029 -0.3077
Y -0.3014  0.9520  0.0537
Z  0.3091  0.0443  0.9500

PART 60
OFFSET  5.1651 -1.9734 -8.0084
X -0.5454 -0.8357  0.0642
Y -0.7689  0.5294  0.3585
Z -0.3336  0.1461 -0.9313

PART 61
OFFSET  4.5180 -4.3737 -7.2800
X -0.9681 -0.2468  0.0428
Y  0.2497 -0.9370  0.2444
Z -0.0202  0.2473  0.9687

PART 62
OFFSET  7.0391 -3.7905 -7.5297
X -0.1291 -0.9748  0.1820
Y  0.9397 -0.1789 -0.2915
Z  0.3167  0.1334  0.9391

PART 63
OFFSET  7.2589 -2.1309 -7.8395
X  0.8814 -0.4085 -0.2373
Y  0.3606  0.9062 -0.2207
Z  0.3052  0.1090  0.9460

PART 64
OFFSET  6.0374 -1.5648 -7.5106
X  0.8276  0.4639 -0.3161
Y -0.4747  0.8789  0.0470
Z  0.2996  0.1111  0.9476

PART 65
OFFSET  5.1399 -2.0679 -7.1678
X -0.3922 -0.8767  0.2787
Y -0.8756  0.4486  0.1789
Z -0.2819 -0.1739 -0.9436

PART 66
OFFSET -0.7742 -5.4912 -7.3231
X -0.9280 -0.3726 -0.0024
Y -0.3535  0.8823 -0.3107
Z  0.1179 -0.2874 -0.9505

PART 67
OFFSET  6.9351 -4.1849 -5.3647
X -0.9799 -0.1959 -0.0365
Y  0.1903 -0.9743  0.1206
Z -0.0592  0.1113  0.9920

PART 68
OFFSET  8.6604 -3.8399 -5.3005
X -0.9736 -0.2267 -0.0263
Y  0.2188 -0.9600  0.1749
Z -0.0649  0.1645  0.9842

PART 69
OFFSET  9.8401 -3.5543 -5.2088
X -0.9656 -0.2424 -0.0941
Y  0.2262 -0.9616  0.1555
Z -0.1282  0.1288  0.9833

PART 70
OFFSET  10.9307 -3.2805 -5.1024
X  0.0741  0.9832  0.1669
Y  0.9971 -0.0758  0.0039
Z  0.0165  0.1661 -0.9860

PART 71
OFFSET  7.1220 -4.2157 -6.4531
X -0.2589 -0.9417  0.2148
Y  0.9575 -0.2795 -0.0711
Z  0.1270  0.1873  0.9741

PART 72
OFFSET  7.6279 -2.3760 -6.8728
X  0.8304 -0.5571 -0.0055
Y  0.5356  0.8009 -0.2677
Z  0.1535  0.2193  0.9635

PART 73
OFFSET  6.4150 -1.5622 -6.8648
X  0.8828  0.3901 -0.2618
Y -0.4420  0.8785 -0.1813
Z  0.1593  0.2758  0.9479

PART 74
OFFSET  5.4137 -2.0054 -6.5750
X -0.4048 -0.8779  0.2560
Y -0.8921  0.4406  0.1004
Z -0.2009 -0.1877 -0.9615

PART 75
OFFSET  0.0000 -0.0000 -0.0000
X  1.0000 -0.0000  0.0000
Y  0.0000  1.0000  0.0000
Z  0.0000 -0.0000  1.0000

PART 76
OFFSET  0.0000 -0.0000 -0.0000
X  1.0000 -0.0002  0.0006
Y  0.0002  1.0000 -0.0001
Z -0.0006  0.0001  1.0000

PART 77
OFFSET  1.5379  0.0003  4.1367
X  1.0000 -0.0002  0.0006
Y  0.0002  1.0000 -0.0001
Z -0.0006  0.0001  1.0000


FRAME 2802
PART 0
OFFSET  0.0000 -0.0000 -0.0000
X  1.0000 -0.0000  0.0000
Y  0.0000  1.0000  0.0000
Z  0.0000 -0.0000  1.0000

PART 1
OFFSET -4.6318 -0.0000 -1.3770
X  1.0000 -0.0000  0.0000
Y  0.0000  1.0000  0.0000
Z  0.0000 -0.0000  1.0000

PART 2
OFFSET -3.5060  6.3408 -6.7125
X  0.9079 -0.0197 -0.4187
Y -0.0685 -0.9924 -0.1019
Z -0.4135  0.1213 -0.9024

PART 3
OFFSET  7.4742  6.1025 -11.7761
X  0.6504 -0.5693  0.5029
Y -0.7100 -0.2206  0.6687
Z -0.2698 -0.7920 -0.5477

PART 4
OFFSET  13.0065  1.2606 -7.4991
X  0.6504 -0.5693  0.5029
Y -0.1556  0.5481  0.8218
Z -0.7435 -0.6128  0.2680

PART 5
OFFSET  14.9503  2.0468 -6.3469
X  0.6554 -0.5658  0.5003
Y  0.2782  0.7967  0.5366
Z -0.7022 -0.2125  0.6795

PART 6
OFFSET  14.3606  0.3820 -8.2287
X  0.6554 -0.5658  0.5003
Y  0.2782  0.7967  0.5366
Z -0.7022 -0.2125  0.6795

PART 7
OFFSET  13.6063  0.9573 -4.8000
X  0.6554 -0.5658  0.5003
Y  0.2782  0.7967  0.5366
Z -0.7022 -0.2125  0.6795

PART 8
OFFSET  13.1376 -0.2222 -5.7290
X  0.6554 -0.5658  0.5003
Y  0.2782  0.7967  0.5366
Z -0.7022 -0.2125  0.6795

PART 9
OFFSET  12.9596 -0.7964 -6.9071
X  0.6554 -0.5658  0.5003
Y  0.2782  0.7967  0.5366
Z -0.7022 -0.2125  0.6795

PART 10
OFFSET  15.0005 -0.4846 -5.9575
X  0.9540 -0.2887  0.0815
Y  0.0843  0.5187  0.8508
Z -0.2879 -0.8047  0.5192

PART 11
OFFSET  15.3928 -0.4443 -4.8867
X  0.8826 -0.1357  0.4501
Y -0.0908  0.8902  0.4464
Z -0.4612 -0.4349  0.7734

PART 12
OFFSET  17.2627 -0.6725 -3.8279
X  0.9661 -0.2541  0.0455
Y  0.1416  0.6690  0.7297
Z -0.2159 -0.6985  0.6823

PART 13
OFFSET  18.7897 -1.2008 -3.7215
X  0.9178 -0.1412  0.3710
Y -0.0961  0.8277  0.5528
Z -0.3851 -0.5431  0.7461

PART 14
OFFSET  19.7630 -1.3643 -3.2767
X  0.9051  0.4152 -0.0915
Y -0.2087  0.2464 -0.9464
Z -0.3704  0.8757  0.3096

PART 15
OFFSET  15.6593 -1.4469 -6.6946
X  0.7384 -0.6332 -0.2322
Y -0.4499 -0.7190  0.5298
Z -0.5024 -0.2867 -0.8157

PART 16
OFFSET  17.3363 -2.9159 -7.0326
X -0.0131 -0.6225  0.7825
Y -0.6308  0.6123  0.4766
Z -0.7759 -0.4873 -0.4007

PART 17
OFFSET  17.3178 -3.7973 -5.9248
X -0.2502 -0.3289  0.9106
Y -0.6035  0.7885  0.1189
Z -0.7571 -0.5198 -0.3958

PART 18
OFFSET  17.0959 -4.0889 -5.1174
X -0.3948 -0.1025  0.9130
Y -0.4632  0.8804 -0.1014
Z -0.7934 -0.4630 -0.3951

PART 19
OFFSET  16.7208 -4.1863 -4.2500
X  0.7075 -0.4073 -0.5775
Y -0.1959  0.6721 -0.7140
Z  0.6790  0.6183  0.3958

PART 20
OFFSET  15.9654 -1.0533 -6.1838
X  0.8802 -0.4389 -0.1806
Y -0.3108 -0.8206  0.4795
Z -0.3587 -0.3660 -0.8587

PART 21
OFFSET  18.1509 -2.4067 -6.5714
X  0.0696 -0.8853  0.4598
Y -0.6138  0.3253  0.7193
Z -0.7864 -0.3323 -0.5208

PART 22
OFFSET  18.2694 -3.9139 -5.7886
X -0.4280 -0.2956  0.8541
Y -0.4593  0.8850  0.0762
Z -0.7784 -0.3597 -0.5145

PART 23
OFFSET  17.6763 -4.3236 -4.6049
X -0.5680  0.0380  0.8221
Y -0.2737  0.9333 -0.2322
Z -0.7761 -0.3570 -0.5198

PART 24
OFFSET  17.0603 -4.2824 -3.7133
X  0.5836 -0.5818 -0.5665
Y  0.1349  0.7574 -0.6389
Z  0.8008  0.2964  0.5205

PART 25
OFFSET  17.9208 -0.9822 -4.0772
X  0.8012 -0.5957  0.0565
Y  0.5557  0.7058 -0.4394
Z  0.2219  0.3835  0.8965

PART 26
OFFSET  18.8882 -0.9192 -5.1913
X  0.5682 -0.8111 -0.1390
Y -0.5520 -0.5009  0.6666
Z -0.6103 -0.3020 -0.7323

PART 27
OFFSET  19.8886 -2.3472 -5.4360
X -0.0504 -0.9498  0.3087
Y -0.8127  0.2187  0.5401
Z -0.5805 -0.2236 -0.7829

PART 28
OFFSET  19.8625 -3.4883 -5.0132
X -0.4828 -0.5775  0.6583
Y -0.6392  0.7462  0.1859
Z -0.5986 -0.3311 -0.7294

PART 29
OFFSET  19.3172 -4.1407 -4.2696
X  0.5659 -0.5787 -0.5873
Y  0.3450  0.8131 -0.4688
Z  0.7488  0.0627  0.6598

PART 30
OFFSET  18.6434 -1.5954 -6.0299
X  0.2703 -0.9246  0.2683
Y -0.7126 -0.0048  0.7015
Z -0.6474 -0.3808 -0.6602

PART 31
OFFSET  19.1715 -3.4018 -5.5058
X -0.3966 -0.5676  0.7215
Y -0.6188  0.7458  0.2467
Z -0.6781 -0.3486 -0.6470

PART 32
OFFSET  18.5922 -4.2309 -4.4520
X -0.6674 -0.0710  0.7413
Y -0.2683  0.9515 -0.1504
Z -0.6947 -0.2993 -0.6541

PART 33
OFFSET  17.8316 -4.3141 -3.6169
X  0.7275 -0.5341 -0.4306
Y  0.1719  0.7494 -0.6394
Z  0.6642  0.3912  0.6370

PART 34
OFFSET  17.1027 -2.7731 -5.4040
X -0.4176 -0.3824 -0.8243
Y  0.2879  0.8047 -0.5192
Z  0.8618 -0.4541 -0.2260

PART 35
OFFSET  8.2504 -2.8197 -4.8312
X  0.9999  0.0103 -0.0130
Y -0.0102  0.9999  0.0059
Z  0.0131 -0.0058  0.9999

PART 36
OFFSET  8.2504 -2.8197 -4.8312
X  0.9999  0.0103 -0.0130
Y -0.0102  0.9999  0.0059
Z  0.0131 -0.0058  0.9999

PART 37
OFFSET  13.5840 -3.0606 -2.5448
X  0.9999  0.0101  0.0074
Y -0.0102  0.9999  0.0059
Z -0.0073 -0.0060  1.0000

PART 38
OFFSET  7.4705 -2.8142 -7.1138
X  0.9999  0.0103 -0.0130
Y -0.0102  0.9999  0.0059
Z  0.0131 -0.0058  0.9999

PART 39
OFFSET  22.0934 -3.0236 -6.2684
X -0.3698 -0.0092  0.9291
Y -0.9291 -0.0073 -0.3698
Z  0.0102 -0.9999 -0.0059

PART 40
OFFSET  22.0934 -3.0236 -6.2684
X -0.0102  0.9999  0.0059
Y -0.9999 -0.0103  0.0130
Z  0.0131 -0.0058  0.9999

PART 41
OFFSET  21.6778 -2.7351 -6.7477
X -0.0102  0.9999  0.0059
Y -0.9999 -0.0103  0.0130
Z  0.0131 -0.0058  0.9999

PART 42
OFFSET  21.6636 -1.3352 -6.7395
X -0.0146  0.9151 -0.4029
Y -0.9999 -0.0103  0.0130
Z  0.0078  0.4030  0.9152

PART 43
OFFSET  30.8521 -1.0487 -7.3665
X  0.8062 -0.4470  0.3875
Y  0.5908  0.5732 -0.5679
Z  0.0317  0.6868  0.7262

PART 44
OFFSET  12.4651 -2.7631 -4.6070
X  0.9999  0.0103 -0.0130
Y -0.0102  0.9999  0.0059
Z  0.0131 -0.0058  0.9999

PART 45
OFFSET -17.4319 -4.8127 -7.2283
X -0.8833  0.0629  0.4646
Y -0.2316 -0.9202 -0.3157
Z  0.4077 -0.3865  0.8273

PART 46
OFFSET -6.7498 -5.5737 -12.8476
X -0.8754 -0.0799 -0.4768
Y  0.4834 -0.1273 -0.8661
Z  0.0085 -0.9886  0.1501

PART 47
OFFSET  0.6954 -4.8940 -8.7920
X -0.8754 -0.0799 -0.4768
Y  0.4835 -0.1454 -0.8632
Z -0.0003 -0.9861  0.1659

PART 48
OFFSET  1.6155 -3.5089 -7.6967
X -0.8782 -0.0762 -0.4722
Y -0.0129  0.9907 -0.1358
Z  0.4781 -0.1132 -0.8710

PART 49
OFFSET  1.5117 -4.0537 -6.6103
X -0.8782 -0.0762 -0.4722
Y -0.0129  0.9907 -0.1358
Z  0.4781 -0.1132 -0.8710

PART 50
OFFSET  1.6787 -5.4060 -6.4831
X -0.8782 -0.0762 -0.4722
Y -0.0129  0.9907 -0.1358
Z  0.4781 -0.1132 -0.8710

PART 51
OFFSET  3.3790 -4.6490 -7.3302
X -0.9564 -0.1501 -0.2505
Y  0.2744 -0.1691 -0.9466
Z  0.0997 -0.9741  0.2029

PART 52
OFFSET  3.5035 -4.0184 -6.3874
X -0.4987 -0.6803 -0.5371
Y  0.5658  0.2140 -0.7963
Z  0.6566 -0.7010  0.2782

PART 53
OFFSET  4.4866 -2.5327 -5.1643
X -0.8959 -0.3590  0.2618
Y -0.0676 -0.4722 -0.8789
Z  0.4392 -0.8051  0.3988

PART 54
OFFSET  5.8797 -1.8912 -5.6840
X -0.5222 -0.0317  0.8522
Y -0.6549 -0.6252 -0.4246
Z  0.5462 -0.7799  0.3057

PART 55
OFFSET  6.4305 -1.8106 -6.6123
X -0.8713  0.3487  0.3452
Y  0.0826  0.7978 -0.5972
Z -0.4837 -0.4919 -0.7239

PART 56
OFFSET  4.4620 -4.5063 -8.1729
X -0.9279 -0.2825  0.2435
Y  0.3334 -0.9209  0.2020
Z  0.1671  0.2686  0.9487

PART 57
OFFSET  6.5302 -3.7195 -8.6065
X -0.0954 -0.9934  0.0635
Y  0.9442 -0.1105 -0.3102
Z  0.3152  0.0304  0.9485

PART 58
OFFSET  6.6653 -2.3130 -8.6965
X  0.7734 -0.5860 -0.2419
Y  0.5653  0.8102 -0.1550
Z  0.2868 -0.0169  0.9578

PART 59
OFFSET  5.9796 -1.7935 -8.4820
X  0.8971  0.3108 -0.3140
Y -0.3078  0.9495  0.0604
Z  0.3169  0.0425  0.9475

PART 60
OFFSET  5.1273 -2.0888 -8.1837
X -0.5388 -0.8399  0.0652
Y -0.7696  0.5222  0.3674
Z -0.3426  0.1477 -0.9278

PART 61
OFFSET  4.5039 -4.4969 -7.4604
X -0.9659 -0.2541  0.0500
Y  0.2586 -0.9362  0.2382
Z -0.0137  0.2430  0.9699

PART 62
OFFSET  7.0185 -3.8943 -7.7290
X -0.1205 -0.9765  0.1788
Y  0.9384 -0.1708 -0.3003
Z  0.3238  0.1316  0.9369

PART 63
OFFSET  7.2236 -2.2318 -8.0333
X  0.8823 -0.4010 -0.2466
Y  0.3521  0.9098 -0.2198
Z  0.3125  0.1071  0.9439

PART 64
OFFSET  6.0009 -1.6760 -7.6916
X  0.8215  0.4713 -0.3211
Y -0.4806  0.8752  0.0549
Z  0.3069  0.1092  0.9455

PART 65
OFFSET  5.1100 -2.1871 -7.3433
X -0.3834 -0.8807  0.2782
Y -0.8773  0.4414  0.1884
Z -0.2887 -0.1718 -0.9419

PART 66
OFFSET -0.7802 -5.6527 -7.4634
X -0.9252 -0.3794  0.0039
Y -0.3625  0.8811 -0.3038
Z  0.1118 -0.2825 -0.9527

PART 67
OFFSET  6.9358 -4.2988 -5.5649
X -0.9788 -0.2029 -0.0290
Y  0.1984 -0.9734  0.1147
Z -0.0515  0.1065  0.9930

PART 68
OFFSET  8.6591 -3.9415 -5.5139
X -0.9721 -0.2337 -0.0190
Y  0.2272 -0.9591  0.1688
Z -0.0577  0.1598  0.9855

PART 69
OFFSET  9.8374 -3.6477 -5.4310
X -0.9646 -0.2490 -0.0870
Y  0.2345 -0.9606  0.1493
Z -0.1207  0.1236  0.9850

PART 70
OFFSET  10.9269 -3.3665 -5.3327
X  0.0684  0.9830  0.1706
Y  0.9976 -0.0685 -0.0049
Z  0.0069  0.1705 -0.9853

PART 71
OFFSET  7.1137 -4.3235 -6.6550
X -0.2503 -0.9445  0.2129
Y  0.9589 -0.2722 -0.0804
Z  0.1339  0.1840  0.9738

PART 72
OFFSET  7.6026 -2.4784 -7.0709
X  0.8343 -0.5510 -0.0150
Y  0.5275  0.8060 -0.2687
Z  0.1601  0.2163  0.9631

PART 73
OFFSET  6.3839 -1.6735 -7.0490
X  0.8776  0.3976 -0.2676
Y -0.4499  0.8760 -0.1737
Z  0.1654  0.2728  0.9477

PART 74
OFFSET  5.3884 -2.1252 -6.7527
X -0.3962 -0.8819  0.2556
Y -0.8944  0.4337  0.1099
Z -0.2078 -0.1850 -0.9605

PART 75
OFFSET  0.0000 -0.0000 -0.0000
X  1.0000 -0.0000  0.0000
Y  0.0000  1.0000  0.0000
Z  0.0000 -0.0000  1.0000

PART 76
OFFSET  0.0000 -0.0000 -0.0000
X  1.0000 -0.0008  0.0023
Y  0.0008  1.0000 -0.0006
Z -0.0023  0.0006  1.0000

PART 77
OFFSET  1.5308  0.0011  4.1393
X  1.0000 -0.0008  0.0023
Y  0.0008  1.0000 -0.0006
Z -0.0023  0.0006  1.0000


FRAME 2803
PART 0
OFFSET  0.0000 -0.0000 -0.0000
X  1.0000 -0.0000  0.0000
Y  0.0000  1.0000  0.0000
Z  0.0000 -0.0000  1.0000

PART 1
OFFSET -4.6318 -0.0000 -1.3770
X  1.0000 -0.0000  0.0000
Y  0.0000  1.0000  0.0000
Z  0.0000 -0.0000  1.0000

PART 2
OFFSET -3.5060  6.3408 -6.7125
X  0.9062  0.1024 -0.4102
Y -0.0134 -0.9628 -0.2699
Z -0.4226  0.2501 -0.8711

PART 3
OFFSET  7.4536  7.5798 -11.6739
X  0.6005 -0.6473  0.4694
Y -0.7667 -0.2996  0.5678
Z -0.2269 -0.7008 -0.6763

PART 4
OFFSET  12.5614  2.0738 -7.6818
X  0.6005 -0.6473  0.4694
Y -0.2712  0.3873  0.8812
Z -0.7522 -0.6565  0.0570

PART 5
OFFSET  14.4038  2.6507 -6.2686
X  0.6057 -0.6437  0.4678
Y  0.2363  0.7069  0.6667
Z -0.7598 -0.2933  0.5802

PART 6
OFFSET  13.9674  1.2817 -8.4125
X  0.6057 -0.6437  0.4678
Y  0.2363  0.7069  0.6667
Z -0.7598 -0.2933  0.5802

PART 7
OFFSET  12.9234  1.3787 -5.0129
X  0.6057 -0.6437  0.4678
Y  0.2363  0.7069  0.6667
Z -0.7598 -0.2933  0.5802

PART 8
OFFSET  12.5286  0.3523 -6.1375
X  0.6057 -0.6437  0.4678
Y  0.2363  0.7069  0.6667
Z -0.7598 -0.2933  0.5802

PART 9
OFFSET  12.4492 -0.0451 -7.3965
X  0.6057 -0.6437  0.4678
Y  0.2363  0.7069  0.6667
Z -0.7598 -0.2933  0.5802

PART 10
OFFSET  14.4025  0.0893 -6.2429
X  0.9349 -0.3508  0.0534
Y  0.0642  0.3151  0.9469
Z -0.3490 -0.8818  0.3172

PART 11
OFFSET  14.7417 -0.1265 -5.1749
X  0.8158 -0.2225  0.5338
Y -0.1740  0.7858  0.5935
Z -0.5515 -0.5770  0.6024

PART 12
OFFSET  16.4541 -0.5602 -3.9302
X  0.9578 -0.2417  0.1555
Y -0.0059  0.5243  0.8515
Z -0.2873 -0.8165  0.5007

PART 13
OFFSET  17.9685 -1.0732 -3.6739
X  0.8606 -0.1656  0.4815
Y -0.2327  0.7132  0.6612
Z -0.4529 -0.6811  0.5753

PART 14
OFFSET  18.8745 -1.2713 -3.1156
X  0.8783  0.4622  0.1221
Y -0.0833  0.3995 -0.9129
Z -0.4708  0.7917  0.3894

PART 15
OFFSET  15.0544 -0.7233 -7.1475
X  0.7123 -0.6038 -0.3580
Y -0.5054 -0.7951  0.3353
Z -0.4871 -0.0579 -0.8714

PART 16
OFFSET  16.6636 -2.1689 -7.7838
X  0.0486 -0.8779  0.4763
Y -0.6023  0.3546  0.7151
Z -0.7968 -0.3217 -0.5116

PART 17
OFFSET  16.7325 -3.4119 -7.1095
X -0.1677 -0.6771  0.7166
Y -0.6061  0.6440  0.4667
Z -0.7775 -0.3561 -0.5184

PART 18
OFFSET  16.5838 -4.0122 -6.4741
X -0.2944 -0.5133  0.8061
Y -0.4996  0.8018  0.3280
Z -0.8147 -0.3062 -0.4925

PART 19
OFFSET  16.3041 -4.4998 -5.7083
X  0.6566 -0.0664 -0.7513
Y -0.2907  0.8969 -0.3333
Z  0.6960  0.4372  0.5696

PART 20
OFFSET  15.3514 -0.4678 -6.5508
X  0.8679 -0.4359 -0.2381
Y -0.3705 -0.8874  0.2741
Z -0.3308 -0.1497 -0.9318

PART 21
OFFSET  17.4998 -1.8036 -7.1493
X  0.1162 -0.9849  0.1281
Y -0.6237  0.0280  0.7812
Z -0.7730 -0.1707 -0.6111

PART 22
OFFSET  17.6976 -3.4805 -6.9313
X -0.3596 -0.6601  0.6595
Y -0.5363  0.7246  0.4328
Z -0.7636 -0.1980 -0.6146

PART 23
OFFSET  17.1992 -4.3954 -6.0173
X -0.5247 -0.3758  0.7639
Y -0.3799  0.9064  0.1849
Z -0.7619 -0.1932 -0.6183

PART 24
OFFSET  16.6302 -4.8029 -5.1888
X  0.6094 -0.2194 -0.7619
Y  0.0226  0.9654 -0.2599
Z  0.7925  0.1412  0.5932

PART 25
OFFSET  17.1994 -0.9644 -4.4049
X  0.7702 -0.6362 -0.0447
Y  0.6078  0.7535 -0.2507
Z  0.1932  0.1659  0.9670

PART 26
OFFSET  18.2236 -0.7122 -5.4386
X  0.5947 -0.7455 -0.3009
Y -0.5658 -0.6540  0.5021
Z -0.5711 -0.1284 -0.8108

PART 27
OFFSET  19.2707 -2.0248 -5.9683
X  0.0592 -0.9982  0.0087
Y -0.8356 -0.0448  0.5476
Z -0.5462 -0.0397 -0.8367

PART 28
OFFSET  19.3759 -3.2359 -5.9070
X -0.3476 -0.8482  0.3997
Y -0.7580  0.5051  0.4126
Z -0.5519 -0.1595 -0.8185

PART 29
OFFSET  18.9832 -4.1939 -5.4555
X  0.6422 -0.2247 -0.7328
Y  0.1756  0.9738 -0.1448
Z  0.7461 -0.0357  0.6648

PART 30
OFFSET  17.9916 -1.1749 -6.4146
X  0.3053 -0.9522 -0.0042
Y -0.7193 -0.2335  0.6543
Z -0.6241 -0.1967 -0.7562

PART 31
OFFSET  18.5881 -3.0351 -6.4228
X -0.2964 -0.8382  0.4578
Y -0.6941  0.5183  0.4995
Z -0.6560 -0.1697 -0.7354

PART 32
OFFSET  18.1551 -4.2594 -5.7541
X -0.5891 -0.4969  0.6372
Y -0.4386  0.8589  0.2643
Z -0.6787 -0.1238 -0.7239

PART 33
OFFSET  17.4834 -4.8237 -5.0377
X  0.7752 -0.1597 -0.6112
Y -0.0072  0.9652 -0.2613
Z  0.6316  0.2069  0.7471

PART 34
OFFSET  16.3708 -2.3755 -6.1251
X -0.3920 -0.1700 -0.9041
Y  0.3490  0.8818 -0.3172
Z  0.8512 -0.4398 -0.2863

PART 35
OFFSET  8.2488 -2.9631 -5.0916
X  0.9996  0.0196 -0.0178
Y -0.0193  0.9997  0.0133
Z  0.0181 -0.0129  0.9998

PART 36
OFFSET  8.2488 -2.9631 -5.0916
X  0.9996  0.0196 -0.0178
Y -0.0193  0.9997  0.0133
Z  0.0181 -0.0129  0.9998

PART 37
OFFSET  13.5957 -3.1716 -2.8330
X  0.9998  0.0193  0.0026
Y -0.0193  0.9997  0.0133
Z -0.0023 -0.0133  0.9999

PART 38
OFFSET  7.4577 -2.9481 -7.3703
X  0.9996  0.0196 -0.0178
Y -0.0193  0.9997  0.0133
Z  0.0181 -0.0129  0.9998

PART 39
OFFSET  22.0858 -3.0290 -6.5976
X -0.3651 -0.0194  0.9308
Y -0.9308 -0.0131 -0.3653
Z  0.0193 -0.9997 -0.0133

PART 40
OFFSET  22.0858 -3.0290 -6.5976
X -0.0193  0.9997  0.0133
Y -0.9996 -0.0196  0.0178
Z  0.0181 -0.0129  0.9998

PART 41
OFFSET  21.6653 -2.7408 -7.0728
X -0.0193  0.9997  0.0133
Y -0.9996 -0.0196  0.0178
Z  0.0181 -0.0129  0.9998

PART 42
OFFSET  21.6383 -1.3412 -7.0542
X -0.0241  0.9505 -0.3099
Y -0.9996 -0.0196  0.0178
Z  0.0109  0.3102  0.9506

PART 43
OFFSET  30.8205 -0.9655 -7.7238
X  0.8122 -0.4424  0.3803
Y  0.5827  0.5827 -0.5665
Z  0.0290  0.6817  0.7310

PART 44
OFFSET  12.4639 -2.8693 -4.8875
X  0.9996  0.0196 -0.0178
Y -0.0193  0.9997  0.0133
Z  0.0181 -0.0129  0.9998

PART 45
OFFSET -17.2257 -4.8127 -7.4246
X -0.8732  0.0681  0.4826
Y -0.2478 -0.9147 -0.3192
Z  0.4197 -0.3983  0.8156

PART 46
OFFSET -6.6653 -5.6362 -13.2610
X -0.8683 -0.0706 -0.4909
Y  0.4960 -0.1221 -0.8597
Z  0.0008 -0.9900  0.1411

PART 47
OFFSET  0.7201 -5.0355 -9.0853
X -0.8683 -0.0706 -0.4909
Y  0.4960 -0.1300 -0.8585
Z -0.0032 -0.9890  0.1480

PART 48
OFFSET  1.6308 -3.6656 -7.9633
X -0.8712 -0.0669 -0.4863
Y -0.0054  0.9919 -0.1268
Z  0.4908 -0.1079 -0.8645

PART 49
OFFSET  1.5073 -4.2196 -6.8837
X -0.8712 -0.0669 -0.4863
Y -0.0054  0.9919 -0.1268
Z  0.4908 -0.1079 -0.8645

PART 50
OFFSET  1.6649 -5.5740 -6.7664
X -0.8712 -0.0669 -0.4863
Y -0.0054  0.9919 -0.1268
Z  0.4908 -0.1079 -0.8645

PART 51
OFFSET  3.3822 -4.8189 -7.5803
X -0.9562 -0.1570 -0.2469
Y  0.2713 -0.1596 -0.9492
Z  0.1096 -0.9746  0.1953

PART 52
OFFSET  3.5055 -4.1941 -6.6334
X -0.4951 -0.6809 -0.5397
Y  0.5599  0.2250 -0.7974
Z  0.6644 -0.6970  0.2698

PART 53
OFFSET  4.4810 -2.7084 -5.4042
X -0.8912 -0.3691  0.2635
Y -0.0676 -0.4664 -0.8820
Z  0.4485 -0.8039  0.3907

PART 54
OFFSET  5.8655 -2.0503 -5.9260
X -0.5177 -0.0428  0.8545
Y -0.6512 -0.6280 -0.4260
Z  0.5549 -0.7770  0.2973

PART 55
OFFSET  6.4110 -1.9578 -6.8564
X -0.8728  0.3381  0.3520
Y  0.0723  0.8029 -0.5918
Z -0.4827 -0.4910 -0.7252

PART 56
OFFSET  4.4597 -4.6600 -8.4272
X -0.9240 -0.2928  0.2459
Y  0.3428 -0.9192  0.1936
Z  0.1694  0.2631  0.9498

PART 57
OFFSET  6.5184 -3.8511 -8.8650
X -0.0860 -0.9947  0.0567
Y  0.9436 -0.0995 -0.3156
Z  0.3196  0.0264  0.9472

PART 58
OFFSET  6.6401 -2.4428 -8.9453
X  0.7775 -0.5770 -0.2500
Y  0.5571  0.8164 -0.1517
Z  0.2917 -0.0213  0.9563

PART 59
OFFSET  5.9507 -1.9312 -8.7236
X  0.8927  0.3213 -0.3161
Y -0.3162  0.9462  0.0689
Z  0.3212  0.0384  0.9462

PART 60
OFFSET  5.1027 -2.2365 -8.4234
X -0.5307 -0.8453  0.0617
Y -0.7726  0.5124  0.3750
Z -0.3485  0.1514 -0.9250

PART 61
OFFSET  4.5050 -4.6555 -7.7148
X -0.9633 -0.2633  0.0528
Y  0.2683 -0.9355  0.2300
Z -0.0111  0.2357  0.9718

PART 62
OFFSET  7.0126 -4.0278 -7.9912
X -0.1106 -0.9788  0.1722
Y  0.9385 -0.1599 -0.3061
Z  0.3272  0.1277  0.9363

PART 63
OFFSET  7.2009 -2.3613 -8.2843
X  0.8847 -0.3911 -0.2538
Y  0.3426  0.9146 -0.2148
Z  0.3162  0.1031  0.9431

PART 64
OFFSET  5.9749 -1.8193 -7.9325
X  0.8155  0.4812 -0.3216
Y -0.4884  0.8703  0.0637
Z  0.3105  0.1051  0.9447

PART 65
OFFSET  5.0904 -2.3412 -7.5837
X -0.3739 -0.8862  0.2736
Y -0.8804  0.4319  0.1959
Z -0.2917 -0.1676 -0.9417

PART 66
OFFSET -0.7683 -5.8599 -7.7005
X -0.9217 -0.3879  0.0056
Y -0.3721  0.8799 -0.2955
Z  0.1097 -0.2744 -0.9553

PART 67
OFFSET  6.9443 -4.4488 -5.8298
X -0.9770 -0.2117 -0.0257
Y  0.2079 -0.9723  0.1066
Z -0.0476  0.0988  0.9940

PART 68
OFFSET  8.6645 -4.0761 -5.7845
X -0.9700 -0.2425 -0.0160
Y  0.2369 -0.9582  0.1607
Z -0.0543  0.1521  0.9869

PART 69
OFFSET  9.8404 -3.7721 -5.7052
X -0.9627 -0.2572 -0.0841
Y  0.2440 -0.9594  0.1411
Z -0.1170  0.1153  0.9864

PART 70
OFFSET  10.9278 -3.4815 -5.6102
X  0.0602  0.9823  0.1775
Y  0.9982 -0.0593 -0.0103
Z  0.0004  0.1777 -0.9841

PART 71
OFFSET  7.1170 -4.4639 -6.9209
X -0.2405 -0.9483  0.2071
Y  0.9609 -0.2628 -0.0871
Z  0.1370  0.1781  0.9744

PART 72
OFFSET  7.5869 -2.6114 -7.3255
X  0.8393 -0.5432 -0.0231
Y  0.5187  0.8127 -0.2653
Z  0.1629  0.2107  0.9639

PART 73
OFFSET  6.3610 -1.8180 -7.2918
X  0.8726  0.4077 -0.2690
Y -0.4587  0.8731 -0.1650
Z  0.1676  0.2674  0.9489

PART 74
OFFSET  5.3712 -2.2810 -6.9940
X -0.3868 -0.8873  0.2510
Y -0.8977  0.4246  0.1175
Z -0.2108 -0.1799 -0.9608

PART 75
OFFSET  0.0000 -0.0000 -0.0000
X  1.0000 -0.0000  0.0000
Y  0.0000  1.0000  0.0000
Z  0.0000 -0.0000  1.0000

PART 76
OFFSET  0.0000 -0.0000 -0.0000
X  1.0000 -0.0018  0.0050
Y  0.0018  1.0000 -0.0012
Z -0.0050  0.0012  1.0000

PART 77
OFFSET  1.5197  0.0024  4.1434
X  1.0000 -0.0018  0.0050
Y  0.0018  1.0000 -0.0012
Z -0.0050  0.0012  1.0000


FRAME 2804
PART 0
OFFSET  0.0000 -0.0000 -0.0000
X  1.0000 -0.0000  0.0000
Y  0.0000  1.0000  0.0000
Z  0.0000 -0.0000  1.0000

PART 1
OFFSET -4.6318 -0.0000 -1.3770
X  1.0000 -0.0000  0.0000
Y  0.0000  1.0000  0.0000
Z  0.0000 -0.0000  1.0000

PART 2
OFFSET -3.5060  6.3408 -6.7125
X  0.8955  0.2338 -0.3786
Y  0.0503 -0.8986 -0.4359
Z -0.4421  0.3713 -0.8165

PART 3
OFFSET  7.3245  9.1684 -11.2915
X  0.5522 -0.7265  0.4090
Y -0.8136 -0.3624  0.4547
Z -0.1821 -0.5839 -0.7912

PART 4
OFFSET  12.0214  2.9895 -7.8126
X  0.5522 -0.7265  0.4090
Y -0.3942  0.2048  0.8959
Z -0.7346 -0.6560 -0.1733

PART 5
OFFSET  13.7532  3.2971 -6.1908
X  0.5575 -0.7227  0.4084
Y  0.1922  0.5910  0.7834
Z -0.8076 -0.3582  0.4685

PART 6
OFFSET  13.4699  2.2815 -8.5464
X  0.5575 -0.7227  0.4084
