// Export filename: `C:\projects\cod\t5\xanim_export\t5_viewmodels\ak47\ak47_flame_ft_sprint_loop.XANIM_EXPORT`
// Source filename: `D:\projects\devanim\t5\animation_assets\viewmodels\ak47\ViewModel_AK47_FlameThrower_animated.fbx`
// Export time: Sat Jun 05 16:32:52 2010

ANIMATION
VERSION 3

NUMPARTS 81
PART 0 "tag_ads"
PART 1 "tag_torso"
PART 2 "J_Shoulder_LE"
PART 3 "J_Elbow_LE"
PART 4 "J_WristTwist_LE"
PART 5 "J_Sleave_Reshape_Bottom_LE_1"
PART 6 "J_Sleave_Reshape_Bottom_LE_2"
PART 7 "J_Sleave_Reshape_Top_LE_1"
PART 8 "J_Sleave_Reshape_Top_LE_2"
PART 9 "J_Sleave_Reshape_Top_LE_3"
PART 10 "J_Wrist_LE"
PART 11 "J_Thumb_LE_0"
PART 12 "J_Thumb_LE_1"
PART 13 "J_Thumb_LE_2"
PART 14 "J_Thumb_LE_3"
PART 15 "J_PinkyPalm_LE"
PART 16 "J_Pinky_LE_0"
PART 17 "J_Pinky_LE_1"
PART 18 "J_Pinky_LE_2"
PART 19 "J_Pinky_LE_3"
PART 20 "J_RingPalm_LE"
PART 21 "J_Ring_LE_0"
PART 22 "J_Ring_LE_1"
PART 23 "J_Ring_LE_2"
PART 24 "J_Ring_LE_3"
PART 25 "J_Webbing_LE"
PART 26 "J_Index_LE_0"
PART 27 "J_Index_LE_1"
PART 28 "J_Index_LE_2"
PART 29 "J_Index_LE_3"
PART 30 "J_Mid_LE_0"
PART 31 "J_Mid_LE_1"
PART 32 "J_Mid_LE_2"
PART 33 "J_Mid_LE_3"
PART 34 "tag_knife_attach"
PART 35 "tag_weapon"
PART 36 "J_Gun"
PART 37 "J_bolt"
PART 38 "TAG_CLIP"
PART 39 "TAG_FLASH"
PART 40 "tag_flame_unit"
PART 41 "tag_flamer_big_nozel"
PART 42 "tag_flamer_bracket"
PART 43 "tag_flamer_bottle"
PART 44 "tag_flamer_button"
PART 45 "tag_flamer_ring"
PART 46 "tag_flamer_flame"
PART 47 "tag_flamer_pilot_light"
PART 48 "J_Shoulder_RI"
PART 49 "J_Elbow_RI"
PART 50 "J_WristTwist_RI"
PART 51 "J_Sleave_Reshape_Top_RI_3"
PART 52 "J_Sleave_Reshape_Top_RI_2"
PART 53 "J_Sleave_Reshape_Top_RI_1"
PART 54 "J_Wrist_RI"
PART 55 "J_Thumb_RI_0"
PART 56 "J_Thumb_RI_1"
PART 57 "J_Thumb_RI_2"
PART 58 "J_Thumb_RI_3"
PART 59 "J_PinkyPalm_RI"
PART 60 "J_Pinky_RI_0"
PART 61 "J_Pinky_RI_1"
PART 62 "J_Pinky_RI_2"
PART 63 "J_Pinky_RI_3"
PART 64 "J_RingPalm_RI"
PART 65 "J_Ring_RI_0"
PART 66 "J_Ring_RI_1"
PART 67 "J_Ring_RI_2"
PART 68 "J_Ring_RI_3"
PART 69 "J_Webbing_RI"
PART 70 "J_Index_RI_0"
PART 71 "J_Index_RI_1"
PART 72 "J_Index_RI_2"
PART 73 "J_Index_RI_3"
PART 74 "J_Mid_RI_0"
PART 75 "J_Mid_RI_1"
PART 76 "J_Mid_RI_2"
PART 77 "J_Mid_RI_3"
PART 78 "tag_cambone"
PART 79 "tag_camera"
PART 80 "tag_gasmask"

FRAMERATE 30
NUMFRAMES 31

FRAME 1910
PART 0
OFFSET -4.6318 -0.0000 -1.3770
X  1.0000 -0.0000  0.0000
Y  0.0000  1.0000  0.0000
Z  0.0000 -0.0000  1.0000

PART 1
OFFSET -4.6318 -0.0000 -1.3770
X  1.0000 -0.0000  0.0000
Y  0.0000  1.0000  0.0000
Z  0.0000 -0.0000  1.0000

PART 2
OFFSET -3.5060  6.3408 -6.7125
X  0.7262 -0.0056 -0.6875
Y -0.0790 -0.9940 -0.0754
Z -0.6829  0.1091 -0.7223

PART 3
OFFSET  5.2763  6.2733 -15.0268
X  0.8057 -0.5450  0.2320
Y -0.4215 -0.2524  0.8710
Z -0.4161 -0.7996 -0.4331

PART 4
OFFSET  12.1294  1.6381 -13.0538
X  0.8057 -0.5450  0.2320
Y  0.2356  0.6543  0.7186
Z -0.5434 -0.5243  0.6556

PART 5
OFFSET  14.3243  2.4964 -12.6419
X  0.8093 -0.5413  0.2280
Y  0.4199  0.8046  0.4198
Z -0.4107 -0.2440  0.8785

PART 6
OFFSET  13.1718  0.8184 -14.2283
X  0.8093 -0.5413  0.2280
Y  0.4199  0.8046  0.4198
Z -0.4107 -0.2440  0.8785

PART 7
OFFSET  13.6494  1.3460 -10.7426
X  0.8093 -0.5413  0.2280
Y  0.4199  0.8046  0.4198
Z -0.4107 -0.2440  0.8785

PART 8
OFFSET  12.7011 -0.1065 -11.2837
X  0.8093 -0.5413  0.2280
Y  0.4199  0.8046  0.4198
Z -0.4107 -0.2440  0.8785

PART 9
OFFSET  12.1415 -0.6817 -12.3351
X  0.8093 -0.5413  0.2280
Y  0.4199  0.8046  0.4198
Z -0.4107 -0.2440  0.8785

PART 10
OFFSET  14.5995 -0.0327 -12.3426
X  0.7636  0.5368 -0.3589
Y  0.0201  0.5358  0.8441
Z  0.6454 -0.6518  0.3983

PART 11
OFFSET  15.2273  0.4582 -11.5259
X  0.9303  0.2586  0.2600
Y -0.3598  0.5067  0.7835
Z  0.0709 -0.8224  0.5644

PART 12
OFFSET  17.2030  1.0211 -10.8552
X  0.7867  0.0743 -0.6128
Y  0.5284  0.4322  0.7308
Z  0.3192 -0.8987  0.3007

PART 13
OFFSET  18.4772  1.0146 -11.8545
X  0.0200 -0.5188 -0.8547
Y  0.9798  0.1804 -0.0865
Z  0.1990 -0.8357  0.5119

PART 14
OFFSET  18.5247  0.4184 -12.7568
X  0.0888  0.1910 -0.9776
Y -0.4560  0.8804  0.1306
Z  0.8855  0.4341  0.1653

PART 15
OFFSET  15.3545 -0.2838 -13.4696
X  0.7313  0.1410 -0.6673
Y  0.6238 -0.5339  0.5708
Z -0.2758 -0.8337 -0.4784

PART 16
OFFSET  17.1143  0.0890 -14.8293
X  0.9206 -0.2551  0.2957
Y -0.3591 -0.2551  0.8978
Z -0.1536 -0.9327 -0.3264

PART 17
OFFSET  18.4176 -0.2722 -14.4106
X -0.3042 -0.2903  0.9073
Y -0.9475  0.1904 -0.2568
Z -0.0982 -0.9378 -0.3329

PART 18
OFFSET  18.1479 -0.5295 -13.6062
X -0.7286 -0.1353  0.6714
Y -0.6664  0.3669 -0.6491
Z -0.1585 -0.9204 -0.3575

PART 19
OFFSET  17.4557 -0.6581 -12.9683
X  0.9985  0.0063 -0.0543
Y -0.0542  0.2477 -0.9673
Z  0.0074  0.9688  0.2477

PART 20
OFFSET  15.4457  0.2813 -13.0432
X  0.7244  0.3424 -0.5984
Y  0.6281 -0.6855  0.3682
Z -0.2841 -0.6425 -0.7116

PART 21
OFFSET  17.3837  1.0475 -14.5974
X  0.9213 -0.3356  0.1965
Y -0.3133 -0.3411  0.8863
Z -0.2304 -0.8781 -0.4194

PART 22
OFFSET  18.9522  0.4761 -14.2629
X -0.2740 -0.3619  0.8911
Y -0.9403  0.2952 -0.1692
Z -0.2018 -0.8842 -0.4212

PART 23
OFFSET  18.5725 -0.0255 -13.0279
X -0.9419  0.0543  0.3314
Y -0.2690  0.4688 -0.8414
Z -0.2010 -0.8816 -0.4270

PART 24
OFFSET  17.5509  0.0334 -12.6685
X  0.9155 -0.3556  0.1881
Y  0.3284  0.3904 -0.8601
Z  0.2324  0.8492  0.4742

PART 25
OFFSET  17.3312  2.1235 -11.8951
X  0.8940  0.2202 -0.3902
Y -0.3944  0.8000 -0.4521
Z  0.2126  0.5581  0.8021

PART 26
OFFSET  17.3501  2.7053 -13.2524
X  0.8942 -0.0713 -0.4419
Y  0.2894 -0.6609  0.6924
Z -0.3414 -0.7471 -0.5704

PART 27
OFFSET  18.9245  2.5798 -14.0304
X  0.7304 -0.6414  0.2347
Y -0.5553 -0.3576  0.7508
Z -0.3976 -0.6788 -0.6174

PART 28
OFFSET  19.8366  1.8413 -13.7075
X  0.0679 -0.6176  0.7835
Y -0.9454  0.2110  0.2482
Z -0.3187 -0.7576 -0.5696

PART 29
OFFSET  19.9133  1.1437 -12.8225
X  0.7417 -0.2026 -0.6394
Y -0.3042  0.7480 -0.5899
Z  0.5977  0.6321  0.4932

PART 30
OFFSET  17.3626  1.9499 -14.0584
X  0.9202 -0.3914  0.0007
Y -0.1784 -0.4180  0.8908
Z -0.3483 -0.8199 -0.4544

PART 31
OFFSET  19.1604  1.1854 -14.0571
X -0.2344 -0.3737  0.8975
Y -0.8889  0.4561 -0.0422
Z -0.3936 -0.8077 -0.4390

PART 32
OFFSET  18.8181  0.6396 -12.7462
X -0.8350  0.1415  0.5317
Y -0.3469  0.6147 -0.7084
Z -0.4271 -0.7760 -0.4642

PART 33
OFFSET  17.8695  0.7939 -12.1467
X  0.8892 -0.4515  0.0744
Y  0.2394  0.3204 -0.9165
Z  0.3900  0.8328  0.3930

PART 34
OFFSET  17.6424  0.1407 -13.1635
X -0.2899 -0.6915 -0.6617
Y -0.6454  0.6518 -0.3983
Z  0.7067  0.3116 -0.6352

PART 35
OFFSET  10.2443 -1.9509 -7.0301
X  0.7570  0.5117 -0.4063
Y -0.6468  0.4986 -0.5771
Z -0.0927  0.6997  0.7084

PART 36
OFFSET  10.2443 -1.9509 -7.0301
X  0.7570  0.5117 -0.4063
Y -0.6468  0.4986 -0.5771
Z -0.0927  0.6997  0.7084

PART 37
OFFSET  14.2205  2.2705 -7.3512
X  0.7550  0.5259 -0.3917
Y -0.6468  0.4986 -0.5771
Z -0.1082  0.6891  0.7166

PART 38
OFFSET  13.3971  0.4071 -8.5523
X  0.7570  0.5117 -0.4063
Y -0.6468  0.4986 -0.5771
Z -0.0927  0.6997  0.7084

PART 39
OFFSET  30.4616  10.5874 -19.0575
X  0.7570  0.5117 -0.4063
Y -0.6468  0.4986 -0.5771
Z -0.0927  0.6997  0.7084

PART 40
OFFSET  9.8892 -3.9387 -8.3495
X  0.7570  0.5117 -0.4063
Y -0.6468  0.4986 -0.5771
Z -0.0927  0.6997  0.7084

PART 41
OFFSET  29.7162  10.0815 -18.7036
X -0.6468  0.4986 -0.5771
Y -0.7570 -0.5117  0.4063
Z -0.0927  0.6997  0.7084

PART 42
OFFSET  21.0796  4.0864 -13.3454
X -0.3748  0.4512  0.8099
Y -0.6642 -0.7401  0.1049
Z  0.6468 -0.4986  0.5771

PART 43
OFFSET  21.0796  4.0864 -13.3454
X -0.6468  0.4986 -0.5771
Y -0.7570 -0.5117  0.4063
Z -0.0927  0.6997  0.7084

PART 44
OFFSET  20.6296  3.6827 -13.6922
X -0.6468  0.4986 -0.5771
Y -0.7570 -0.5117  0.4063
Z -0.0927  0.6997  0.7084

PART 45
OFFSET  19.7242  4.3807 -14.5002
X -0.5018  0.0571 -0.8631
Y -0.7570 -0.5117  0.4063
Z -0.4184  0.8573  0.3000

PART 46
OFFSET  27.9585  9.0235 -17.6329
X  0.7570  0.5117 -0.4063
Y -0.6468  0.4986 -0.5771
Z -0.0927  0.6997  0.7084

PART 47
OFFSET  26.6122  8.8263 -18.7068
X  0.8587  0.4621  0.2216
Y  0.1448  0.1960 -0.9699
Z -0.4916  0.8649  0.1014

PART 48
OFFSET -10.8444 -11.7139 -5.9426
X -0.9335  0.3392 -0.1162
Y -0.2261 -0.3051  0.9251
Z  0.2783  0.8899  0.3615

PART 49
OFFSET  0.4454 -15.8159 -4.5369
X -0.6498 -0.7518  0.1117
Y  0.7582 -0.6311  0.1637
Z -0.0526  0.1911  0.9802

PART 50
OFFSET  5.9725 -9.4213 -5.4867
X -0.6498 -0.7518  0.1117
Y  0.4908 -0.5273 -0.6936
Z  0.5803 -0.3959  0.7117

PART 51
OFFSET  6.4544 -8.1393 -6.9322
X -0.6541 -0.7487  0.1078
Y  0.0434 -0.1794 -0.9828
Z  0.7551 -0.6382  0.1498

PART 52
OFFSET  5.9679 -7.1353 -6.4392
X -0.6541 -0.7487  0.1078
Y  0.0434 -0.1794 -0.9828
Z  0.7551 -0.6382  0.1498

PART 53
OFFSET  6.0690 -6.8919 -5.0961
X -0.6541 -0.7487  0.1078
Y  0.0434 -0.1794 -0.9828
Z  0.7551 -0.6382  0.1498

PART 54
OFFSET  7.9647 -7.1164 -5.8291
X -0.6066 -0.7425  0.2840
Y  0.4179 -0.6017 -0.6807
Z  0.6763 -0.2942  0.6753

PART 55
OFFSET  7.5567 -6.0810 -5.5772
X  0.1113 -0.9710  0.2117
Y  0.3794 -0.1554 -0.9121
Z  0.9185  0.1819  0.3511

PART 56
OFFSET  7.2275 -3.9803 -5.9626
X -0.4816 -0.4593  0.7464
Y  0.3435 -0.8825 -0.3214
Z  0.8063  0.1016  0.5827

PART 57
OFFSET  7.9351 -3.3029 -7.2521
X -0.4685  0.3079  0.8281
Y -0.0549 -0.9457  0.3205
Z  0.8818  0.1047  0.4599

PART 58
OFFSET  8.4023 -3.6245 -8.1740
X -0.9236 -0.0349  0.3819
Y -0.3828  0.0257 -0.9235
Z  0.0224 -0.9991 -0.0371

PART 59
OFFSET  8.7888 -7.0730 -6.9347
X -0.5528 -0.4503  0.7011
Y  0.8206 -0.1478  0.5521
Z -0.1450  0.8806  0.4512

PART 60
OFFSET  9.9092 -5.9148 -8.5121
X  0.5548 -0.5015  0.6639
Y  0.8233  0.2158 -0.5249
Z  0.1199  0.8378  0.5326

PART 61
OFFSET  9.1238 -5.2048 -9.4520
X  0.9894 -0.0624 -0.1313
Y -0.0698  0.5886 -0.8054
Z  0.1275  0.8060  0.5780

PART 62
OFFSET  8.2466 -5.1495 -9.3356
X  0.5188  0.3995 -0.7558
Y -0.8473  0.3579 -0.3925
Z  0.1137  0.8440  0.5242

PART 63
OFFSET  7.7537 -5.5291 -8.6175
X  0.1186 -0.6523  0.7487
Y -0.9592  0.1197  0.2563
Z -0.2568 -0.7485 -0.6114

PART 64
OFFSET  8.7390 -6.5508 -6.4505
X -0.5794 -0.5903  0.5620
Y  0.7695 -0.1688  0.6160
Z -0.2688  0.7893  0.5520

PART 65
OFFSET  10.2996 -5.1397 -7.9774
X  0.5126 -0.4258  0.7457
Y  0.8563  0.1897 -0.4803
Z  0.0631  0.8847  0.4618

PART 66
OFFSET  9.4270 -4.4148 -9.2469
X  0.9548  0.0830 -0.2855
Y -0.2891  0.4833 -0.8263
Z  0.0694  0.8715  0.4855

PART 67
OFFSET  8.1037 -4.5298 -8.8513
X  0.3595  0.4358 -0.8252
Y -0.9310  0.2278 -0.2853
Z  0.0636  0.8708  0.4876

PART 68
OFFSET  7.7138 -5.0024 -7.9564
X  0.2404 -0.4443  0.8630
Y -0.9706 -0.1008  0.2185
Z -0.0101 -0.8902 -0.4555

PART 69
OFFSET  5.4492 -9.8557 -3.7095
X -0.4635 -0.6641  0.5866
Y -0.8065  0.0420 -0.5897
Z  0.3670 -0.7465 -0.5551

PART 70
OFFSET  10.2646 -3.8786 -6.1714
X -0.7225 -0.6247  0.2962
Y  0.6324 -0.4240  0.6483
Z -0.2795  0.6557  0.7014

PART 71
OFFSET  11.5367 -2.7787 -6.6928
X  0.3133 -0.5863  0.7470
Y  0.8977  0.4395 -0.0315
Z -0.3099  0.6804  0.6640

PART 72
OFFSET  11.1370 -2.0246 -7.5607
X  0.6715 -0.4053  0.6203
Y  0.6904  0.6462 -0.3252
Z -0.2690  0.6467  0.7137

PART 73
OFFSET  10.3785 -1.5668 -8.2613
X -0.9175 -0.2695  0.2924
Y -0.3920  0.4897 -0.7788
Z  0.0667 -0.8292 -0.5549

PART 74
OFFSET  10.5319 -4.5578 -7.0007
X  0.3896 -0.4530  0.8019
Y  0.9133  0.3025 -0.2728
Z -0.1190  0.8386  0.5315

PART 75
OFFSET  9.7709 -3.6729 -8.5672
X  0.9894  0.1445 -0.0144
Y -0.0839  0.4879 -0.8689
Z -0.1185  0.8609  0.4948

PART 76
OFFSET  8.3257 -3.8839 -8.5462
X  0.4436  0.4651 -0.7661
Y -0.8838  0.0850 -0.4602
Z -0.1489  0.8812  0.4488

PART 77
OFFSET  7.8237 -4.4168 -7.6820
X  0.2338 -0.4672  0.8526
Y -0.9703 -0.1680  0.1740
Z  0.0619 -0.8680 -0.4927

PART 78
OFFSET  0.0000 -0.0000 -0.0000
X  1.0000 -0.0000  0.0000
Y  0.0000  1.0000  0.0000
Z  0.0000 -0.0000  1.0000

PART 79
OFFSET  0.0000 -0.0000 -0.0000
X  1.0000 -0.0000  0.0000
Y  0.0000  1.0000  0.0000
Z  0.0000 -0.0000  1.0000

PART 80
OFFSET  1.5404 -0.0000  4.1357
X  1.0000 -0.0000  0.0000
Y  0.0000  1.0000  0.0000
Z  0.0000 -0.0000  1.0000


FRAME 1911
PART 0
OFFSET -4.6318 -0.0000 -1.3770
X  1.0000 -0.0000  0.0000
Y  0.0000  1.0000  0.0000
Z  0.0000 -0.0000  1.0000

PART 1
OFFSET -4.6318 -0.0000 -1.3770
X  1.0000 -0.0000  0.0000
Y  0.0000  1.0000  0.0000
Z  0.0000 -0.0000  1.0000

PART 2
OFFSET -3.5060  6.3408 -6.7125
X  0.7376 -0.0124 -0.6751
Y -0.0938 -0.9920 -0.0842
Z -0.6686  0.1254 -0.7329

PART 3
OFFSET  5.4150  6.1904 -14.8767
X  0.7998 -0.5555  0.2275
Y -0.4274 -0.2608  0.8656
Z -0.4215 -0.7895 -0.4460

PART 4
OFFSET  12.2176  1.4657 -12.9418
X  0.7998 -0.5555  0.2275
Y  0.3638  0.7500  0.5523
Z -0.4775 -0.3590  0.8020

PART 5
OFFSET  14.4185  2.2983 -12.5089
X  0.8034 -0.5518  0.2236
Y  0.4254  0.7948  0.4329
Z -0.4165 -0.2527  0.8733

PART 6
OFFSET  13.2576  0.6534 -14.1236
X  0.8034 -0.5518  0.2236
Y  0.4254  0.7948  0.4329
Z -0.4165 -0.2527  0.8733

PART 7
OFFSET  13.7253  1.1272 -10.6289
X  0.8034 -0.5518  0.2236
Y  0.4254  0.7948  0.4329
Z -0.4165 -0.2527  0.8733

PART 8
OFFSET  12.7662 -0.3088 -11.1943
X  0.8034 -0.5518  0.2236
Y  0.4254  0.7948  0.4329
Z -0.4165 -0.2527  0.8733

PART 9
OFFSET  12.2059 -0.8639 -12.2561
X  0.8034 -0.5518  0.2236
Y  0.4254  0.7948  0.4329
Z -0.4165 -0.2527  0.8733

PART 10
OFFSET  14.6696 -0.2372 -12.2444
X  0.7477  0.5652 -0.3485
Y -0.0099  0.5342  0.8453
Z  0.6639 -0.6286  0.4050

PART 11
OFFSET  15.2690  0.2745 -11.4191
X  0.9170  0.2919  0.2719
Y -0.3876  0.4914  0.7799
Z  0.0940 -0.8206  0.5637

PART 12
OFFSET  17.2144  0.9077 -10.7232
X  0.7909  0.1045 -0.6030
Y  0.5033  0.4496  0.7380
Z  0.3482 -0.8871  0.3030

PART 13
OFFSET  18.5001  0.9502 -11.7068
X  0.0495 -0.5157 -0.8553
Y  0.9735  0.2163 -0.0741
Z  0.2233 -0.8290  0.5128

PART 14
OFFSET  18.5804  0.3582 -12.6095
X  0.0937  0.1964 -0.9760
Y -0.4895  0.8628  0.1266
Z  0.8670  0.4659  0.1770

PART 15
OFFSET  15.4470 -0.4580 -13.3625
X  0.7337  0.1692 -0.6581
Y  0.6360 -0.5120  0.5774
Z -0.2392 -0.8422 -0.4833

PART 16
OFFSET  17.2084 -0.0179 -14.6999
X  0.9256 -0.2219  0.3065
Y -0.3604 -0.2701  0.8928
Z -0.1153 -0.9369 -0.3300

PART 17
OFFSET  18.5189 -0.3321 -14.2658
X -0.3044 -0.3033  0.9030
Y -0.9507  0.1562 -0.2680
Z -0.0597 -0.9400 -0.3358

PART 18
OFFSET  18.2490 -0.6010 -13.4652
X -0.7313 -0.1634  0.6622
Y -0.6714  0.3437 -0.6566
Z -0.1203 -0.9247 -0.3611

PART 19
OFFSET  17.5542 -0.7562 -12.8361
X  0.9982  0.0430 -0.0421
Y -0.0515  0.2478 -0.9674
Z -0.0312  0.9679  0.2496

PART 20
OFFSET  15.5122  0.1091 -12.9340
X  0.7186  0.3700 -0.5888
Y  0.6483 -0.6629  0.3746
Z -0.2517 -0.6509 -0.7162

PART 21
OFFSET  17.4397  0.9492 -14.4629
X  0.9305 -0.3021  0.2072
Y -0.3114 -0.3544  0.8817
Z -0.1930 -0.8849 -0.4238

PART 22
OFFSET  19.0238  0.4349 -14.1101
X -0.2714 -0.3737  0.8870
Y -0.9484  0.2610 -0.1802
Z -0.1641 -0.8901 -0.4253

PART 23
OFFSET  18.6477 -0.0831 -12.8809
X -0.9473  0.0190  0.3199
Y -0.2757  0.4605 -0.8437
Z -0.1633 -0.8874 -0.4310

PART 24
OFFSET  17.6204 -0.0625 -12.5340
X  0.9256 -0.3223  0.1987
Y  0.3243  0.4041 -0.8553
Z  0.1954  0.8560  0.4786

PART 25
OFFSET  17.3148  2.0164 -11.7595
X  0.8900  0.2537 -0.3788
Y -0.4179  0.7861 -0.4555
Z  0.1822  0.5637  0.8057

PART 26
OFFSET  17.3289  2.6017 -13.1153
X  0.9016 -0.0375 -0.4310
Y  0.3050 -0.6515  0.6947
Z -0.3068 -0.7577 -0.5759

PART 27
OFFSET  18.9163  2.5357 -13.8741
X  0.7505 -0.6148  0.2425
Y -0.5510 -0.3794  0.7433
Z -0.3649 -0.6915 -0.6235

PART 28
OFFSET  19.8508  1.8303 -13.5415
X  0.0809 -0.6165  0.7832
Y -0.9555  0.1757  0.2370
Z -0.2837 -0.7675 -0.5748

PART 29
OFFSET  19.9422  1.1339 -12.6568
X  0.7564 -0.1738 -0.6306
Y -0.3242  0.7377 -0.5922
Z  0.5681  0.6524  0.5016

PART 30
OFFSET  17.3790  1.8491 -13.9225
X  0.9339 -0.3574  0.0113
Y -0.1738 -0.4262  0.8878
Z -0.3125 -0.8310 -0.4602

PART 31
OFFSET  19.2034  1.1508 -13.9005
X -0.2314 -0.3840  0.8938
Y -0.9044  0.4234 -0.0523
Z -0.3583 -0.8205 -0.4453

PART 32
OFFSET  18.8653  0.5899 -12.5949
X -0.8461  0.1096  0.5217
Y -0.3605  0.6032 -0.7115
Z -0.3927 -0.7900 -0.4708

PART 33
OFFSET  17.9045  0.7081 -12.0069
X  0.9041 -0.4188  0.0845
Y  0.2387  0.3311 -0.9129
Z  0.3544  0.8456  0.3993

PART 34
OFFSET  17.7139  0.0493 -13.0275
X -0.2563 -0.7001 -0.6664
Y -0.6639  0.6286 -0.4050
Z  0.7025  0.3387 -0.6260

PART 35
OFFSET  10.3232 -2.3257 -6.9893
X  0.7427  0.5400 -0.3960
Y -0.6575  0.4759 -0.5841
Z -0.1269  0.6942  0.7085

PART 36
OFFSET  10.3232 -2.3257 -6.9893
X  0.7427  0.5400 -0.3960
Y -0.6575  0.4759 -0.5841
Z -0.1269  0.6942  0.7085

PART 37
OFFSET  14.1457  2.0391 -7.2538
X  0.7399  0.5541 -0.3815
Y -0.6575  0.4759 -0.5841
Z -0.1421  0.6830  0.7165

PART 38
OFFSET  13.4058  0.1495 -8.4684
X  0.7427  0.5400 -0.3960
Y -0.6575  0.4759 -0.5841
Z -0.1269  0.6942  0.7085

PART 39
OFFSET  30.2128  10.9716 -18.7446
X  0.7427  0.5400 -0.3960
Y -0.6575  0.4759 -0.5841
Z -0.1269  0.6942  0.7085

PART 40
OFFSET  10.0572 -4.3222 -8.3166
X  0.7427  0.5400 -0.3960
Y -0.6575  0.4759 -0.5841
Z -0.1269  0.6942  0.7085

PART 41
OFFSET  29.4823  10.4379 -18.4008
X -0.6575  0.4759 -0.5841
Y -0.7427 -0.5400  0.3960
Z -0.1269  0.6942  0.7085

PART 42
OFFSET  21.0063  4.1185 -13.1601
X -0.4009  0.4353  0.8061
Y -0.6379 -0.7642  0.0954
Z  0.6575 -0.4759  0.5841

PART 43
OFFSET  21.0063  4.1185 -13.1601
X -0.6575  0.4759 -0.5841
Y -0.7427 -0.5400  0.3960
Z -0.1269  0.6942  0.7085

PART 44
OFFSET  20.5757  3.6994 -13.5131
X -0.6575  0.4759 -0.5841
Y -0.7427 -0.5400  0.3960
Z -0.1269  0.6942  0.7085

PART 45
OFFSET  19.6552  4.3656 -14.3308
X -0.4930  0.0407 -0.8691
Y -0.7427 -0.5400  0.3960
Z -0.4532  0.8407  0.2965

PART 46
OFFSET  27.7515  9.3139 -17.3537
X  0.7427  0.5400 -0.3960
Y -0.6575  0.4759 -0.5841
Z -0.1269  0.6942  0.7085

PART 47
OFFSET  26.4265  9.0699 -18.4444
X  0.8385  0.4927  0.2329
Y  0.1493  0.2034 -0.9676
Z -0.5241  0.8461  0.0969

PART 48
OFFSET -10.8444 -11.7139 -5.9426
X -0.9281  0.3530 -0.1181
Y -0.2303 -0.2953  0.9272
Z  0.2924  0.8878  0.3554

PART 49
OFFSET  0.3803 -15.9829 -4.5137
X -0.6775 -0.7267  0.1134
Y  0.7339 -0.6576  0.1702
Z -0.0491  0.1985  0.9789

PART 50
OFFSET  6.1428 -9.8019 -5.4782
X -0.6775 -0.7267  0.1134
Y  0.4837 -0.5563 -0.6757
Z  0.5541 -0.4029  0.7284

PART 51
OFFSET  6.6769 -8.5469 -6.9289
X -0.6817 -0.7234  0.1094
Y  0.0403 -0.1865 -0.9816
Z  0.7305 -0.6647  0.1563

PART 52
OFFSET  6.2259 -7.5228 -6.4435
X -0.6817 -0.7234  0.1094
Y  0.0403 -0.1865 -0.9816
Z  0.7305 -0.6647  0.1563

PART 53
OFFSET  6.3311 -7.2755 -5.1014
X -0.6817 -0.7234  0.1094
Y  0.0403 -0.1865 -0.9816
Z  0.7305 -0.6647  0.1563

PART 54
OFFSET  8.2199 -7.5740 -5.8258
X -0.5824 -0.7649  0.2752
Y  0.4479 -0.5845 -0.6766
Z  0.6784 -0.2708  0.6830

PART 55
OFFSET  7.7711 -6.5547 -5.5771
X  0.1442 -0.9667  0.2113
Y  0.3959 -0.1393 -0.9077
Z  0.9069  0.2145  0.3627

PART 56
OFFSET  7.3699 -4.4666 -5.9626
X -0.4735 -0.4783  0.7396
Y  0.3794 -0.8686 -0.3188
Z  0.7949  0.1297  0.5927

PART 57
OFFSET  8.0679 -3.7608 -7.2421
X -0.4895  0.2886  0.8228
Y -0.0242 -0.9478  0.3180
Z  0.8717  0.1358  0.4709

PART 58
OFFSET  8.5578 -4.0630 -8.1588
X -0.9262 -0.0695  0.3705
Y -0.3722  0.0138 -0.9280
Z  0.0594 -0.9975 -0.0387

PART 59
OFFSET  9.0552 -7.4978 -6.9212
X -0.5445 -0.4718  0.6935
Y  0.8187 -0.1189  0.5618
Z -0.1826  0.8736  0.4510

PART 60
OFFSET  10.1516 -6.2959 -8.4825
X  0.5646 -0.4824  0.6697
Y  0.8212  0.2470 -0.5144
Z  0.0827  0.8404  0.5356

PART 61
OFFSET  9.3522 -5.6129 -9.4307
X  0.9925 -0.0258 -0.1193
Y -0.0815  0.5875 -0.8051
Z  0.0909  0.8088  0.5810

PART 62
OFFSET  8.4722 -5.5901 -9.3250
X  0.5130  0.4200 -0.7486
Y -0.8550  0.3275 -0.4022
Z  0.0763  0.8464  0.5271

PART 63
OFFSET  7.9848 -5.9891 -8.6137
X  0.1333 -0.6492  0.7489
Y -0.9660  0.0840  0.2447
Z -0.2217 -0.7560 -0.6159

PART 64
OFFSET  8.9804 -6.9790 -6.4367
X -0.5642 -0.6124  0.5537
Y  0.7675 -0.1419  0.6251
Z -0.3042  0.7777  0.5501

PART 65
OFFSET  10.5068 -5.5082 -7.9417
X  0.5187 -0.4084  0.7511
Y  0.8546  0.2220 -0.4695
Z  0.0250  0.8854  0.4642

PART 66
OFFSET  9.6237 -4.8129 -9.2205
X  0.9545  0.1185 -0.2736
Y -0.2965  0.4743 -0.8289
Z  0.0315  0.8723  0.4879

PART 67
OFFSET  8.3009 -4.9771 -8.8413
X  0.3533  0.4505 -0.8199
Y -0.9352  0.1942 -0.2963
Z  0.0257  0.8714  0.4899

PART 68
OFFSET  7.9177 -5.4657 -7.9521
X  0.2460 -0.4372  0.8651
Y -0.9689 -0.1367  0.2064
Z  0.0280 -0.8889 -0.4572

PART 69
OFFSET  5.7807 -10.4083 -3.7423
X -0.4460 -0.6819  0.5797
Y -0.8003  0.0138 -0.5995
Z  0.4008 -0.7313 -0.5519

PART 70
OFFSET  10.4036 -4.2534 -6.1339
X -0.7027 -0.6514  0.2861
Y  0.6395 -0.4020  0.6553
Z -0.3118  0.6434  0.6991

PART 71
OFFSET  11.6408 -3.1065 -6.6377
X  0.3254 -0.5762  0.7497
Y  0.8813  0.4722 -0.0196
Z -0.3427  0.6671  0.6614

PART 72
OFFSET  11.2244 -2.3655 -7.5090
X  0.6783 -0.3819  0.6278
Y  0.6702  0.6717 -0.3155
Z -0.3012  0.6348  0.7116

PART 73
OFFSET  10.4582 -1.9342 -8.2181
X -0.9106 -0.3035  0.2806
Y -0.4001  0.4768 -0.7827
Z  0.1038 -0.8249 -0.5556

PART 74
OFFSET  10.7057 -4.9205 -6.9611
X  0.3961 -0.4403  0.8058
Y  0.9048  0.3363 -0.2610
Z -0.1561  0.8325  0.5316

PART 75
OFFSET  9.9319 -4.0604 -8.5352
X  0.9836  0.1806 -0.0020
Y -0.0911  0.4865 -0.8689
Z -0.1559  0.8548  0.4949

PART 76
OFFSET  8.4953 -4.3242 -8.5323
X  0.4356  0.4828 -0.7597
Y -0.8806  0.0536 -0.4708
Z -0.1866  0.8741  0.4485

PART 77
OFFSET  8.0027 -4.8771 -7.6754
X  0.2404 -0.4603  0.8546
Y -0.9655 -0.2038  0.1618
Z  0.0997 -0.8640 -0.4935

PART 78
OFFSET  0.0000 -0.0000 -0.0000
X  1.0000 -0.0000  0.0000
Y  0.0000  1.0000  0.0000
Z  0.0000 -0.0000  1.0000

PART 79
OFFSET  0.0000 -0.0000 -0.0000
X  1.0000 -0.0000  0.0000
Y  0.0000  1.0000  0.0000
Z  0.0000 -0.0000  1.0000

PART 80
OFFSET  1.5404 -0.0000  4.1357
X  1.0000 -0.0000  0.0000
Y  0.0000  1.0000  0.0000
Z  0.0000 -0.0000  1.0000


FRAME 1912
PART 0
OFFSET -4.6318 -0.0000 -1.3770
X  1.0000 -0.0000  0.0000
Y  0.0000  1.0000  0.0000
Z  0.0000 -0.0000  1.0000

PART 1
OFFSET -4.6318 -0.0000 -1.3770
X  1.0000 -0.0000  0.0000
Y  0.0000  1.0000  0.0000
Z  0.0000 -0.0000  1.0000

PART 2
OFFSET -3.5060  6.3408 -6.7125
X  0.7562 -0.0242 -0.6539
Y -0.1203 -0.9874 -0.1025
Z -0.6432  0.1562 -0.7496

PART 3
OFFSET  5.6389  6.0479 -14.6212
X  0.7872 -0.5758  0.2207
Y -0.4407 -0.2750  0.8545
Z -0.4314 -0.7699 -0.4703

PART 4
OFFSET  12.3347  1.1502 -12.7444
X  0.7872 -0.5758  0.2207
Y  0.5244  0.8134  0.2518
Z -0.3245 -0.0825  0.9423

PART 5
OFFSET  14.5459  1.9306 -12.2693
X  0.7910 -0.5721  0.2168
Y  0.4355  0.7754  0.4573
Z -0.4298 -0.2673  0.8625

PART 6
OFFSET  13.3713  0.3494 -13.9369
X  0.7910 -0.5721  0.2168
Y  0.4355  0.7754  0.4573
Z -0.4298 -0.2673  0.8625

PART 7
OFFSET  13.8128  0.7247 -10.4268
X  0.7910 -0.5721  0.2168
Y  0.4355  0.7754  0.4573
Z -0.4298 -0.2673  0.8625

PART 8
OFFSET  12.8333 -0.6784 -11.0382
X  0.7910 -0.5721  0.2168
Y  0.4355  0.7754  0.4573
Z -0.4298 -0.2673  0.8625

PART 9
OFFSET  12.2736 -1.1956 -12.1192
X  0.7910 -0.5721  0.2168
Y  0.4355  0.7754  0.4573
Z -0.4298 -0.2673  0.8625

PART 10
OFFSET  14.7481 -0.6151 -12.0680
X  0.7301  0.5970 -0.3326
Y -0.0430  0.5258  0.8495
Z  0.6820 -0.6059  0.4095

PART 11
OFFSET  15.3150 -0.0879 -11.2296
X  0.9009  0.3249  0.2879
Y -0.4178  0.4689  0.7782
Z  0.1178 -0.8213  0.5582

PART 12
OFFSET  17.2239  0.6142 -10.4996
X  0.7949  0.1405 -0.5903
Y  0.4746  0.4621  0.7491
Z  0.3781 -0.8756  0.3006

PART 13
OFFSET  18.5212  0.7155 -11.4635
X  0.0820 -0.5057 -0.8588
Y  0.9653  0.2547 -0.0578
Z  0.2480 -0.8242  0.5091

PART 14
OFFSET  18.6376  0.1352 -12.3699
X  0.1001  0.2086 -0.9729
Y -0.5245  0.8419  0.1265
Z  0.8455  0.4976  0.1937

PART 15
OFFSET  15.5497 -0.7954 -13.1762
X  0.7360  0.2035 -0.6456
Y  0.6470 -0.4920  0.5825
Z -0.1991 -0.8464 -0.4938

PART 16
OFFSET  17.3118 -0.2752 -14.4835
X  0.9290 -0.1885  0.3184
Y -0.3626 -0.2919  0.8851
Z -0.0739 -0.9377 -0.3395

PART 17
OFFSET  18.6271 -0.5420 -14.0327
X -0.3054 -0.3230  0.8958
Y -0.9520  0.1215 -0.2808
Z -0.0181 -0.9386 -0.3446

PART 18
OFFSET  18.3563 -0.8284 -13.2385
X -0.7339 -0.1977  0.6498
Y -0.6747  0.3232 -0.6636
Z -0.0789 -0.9254 -0.3706

PART 19
OFFSET  17.6591 -1.0162 -12.6211
X  0.9963  0.0821 -0.0269
Y -0.0470  0.2543 -0.9660
Z -0.0725  0.9636  0.2572

PART 20
OFFSET  15.5865 -0.2300 -12.7420
X  0.7121  0.4030 -0.5749
Y  0.6681 -0.6405  0.3786
Z -0.2157 -0.6537 -0.7253

PART 21
OFFSET  17.5017  0.6981 -14.2350
X  0.9385 -0.2676  0.2185
Y -0.3101 -0.3741  0.8740
Z -0.1521 -0.8879 -0.4341

PART 22
OFFSET  19.0994  0.2426 -13.8631
X -0.2694 -0.3919  0.8796
Y -0.9551  0.2255 -0.1921
Z -0.1231 -0.8919 -0.4351

PART 23
OFFSET  18.7260 -0.3006 -12.6439
X -0.9518 -0.0207  0.3059
Y -0.2812  0.4570 -0.8438
Z -0.1223 -0.8892 -0.4409

PART 24
OFFSET  17.6937 -0.3231 -12.3122
X  0.9344 -0.2878  0.2097
Y  0.3207  0.4241 -0.8469
Z  0.1548  0.8587  0.4886

PART 25
OFFSET  17.2960  1.7353 -11.5248
X  0.8849  0.2915 -0.3633
Y -0.4416  0.7733 -0.4550
Z  0.1483  0.5630  0.8130

PART 26
OFFSET  17.3070  2.3328 -12.8753
X  0.9085  0.0015 -0.4178
Y  0.3201 -0.6453  0.6936
Z -0.2686 -0.7639 -0.5868

PART 27
OFFSET  18.9066  2.3354 -13.6110
X  0.7703 -0.5873  0.2485
Y -0.5465 -0.4072  0.7318
Z -0.3286 -0.6995 -0.6346

PART 28
OFFSET  19.8630  1.6639 -13.2704
X  0.0935 -0.6199  0.7791
Y -0.9650  0.1363  0.2242
Z -0.2452 -0.7727 -0.5854

PART 29
OFFSET  19.9686  0.9637 -12.3904
X  0.7717 -0.1386 -0.6207
Y -0.3441  0.7298 -0.5907
Z  0.5349  0.6694  0.5155

PART 30
OFFSET  17.3981  1.5900 -13.6880
X  0.9468 -0.3209  0.0221
Y -0.1700 -0.4406  0.8815
Z -0.2731 -0.8384 -0.4718

PART 31
OFFSET  19.2478  0.9631 -13.6448
X -0.2292 -0.4008  0.8870
Y -0.9194  0.3883 -0.0622
Z -0.3196 -0.8298 -0.4575

PART 32
OFFSET  18.9130  0.3777 -12.3491
X -0.8572  0.0720  0.5100
Y -0.3734  0.5951 -0.7116
Z -0.3547 -0.8004 -0.4832

PART 33
OFFSET  17.9399  0.4531 -11.7745
X  0.9185 -0.3841  0.0944
Y  0.2388  0.3483 -0.9065
Z  0.3153  0.8551  0.4116

PART 34
OFFSET  17.7899 -0.2033 -12.8033
X -0.2191 -0.7035 -0.6760
Y -0.6820  0.6059 -0.4095
Z  0.6978  0.3713 -0.6126

PART 35
OFFSET  10.4105 -2.9181 -6.8958
X  0.7267  0.5720 -0.3804
Y -0.6670  0.4552 -0.5898
Z -0.1642  0.6823  0.7124

PART 36
OFFSET  10.4105 -2.9181 -6.8958
X  0.7267  0.5720 -0.3804
Y -0.6670  0.4552 -0.5898
Z -0.1642  0.6823  0.7124

PART 37
OFFSET  14.0633  1.5942 -7.0667
X  0.7232  0.5858 -0.3658
Y -0.6670  0.4552 -0.5898
Z -0.1790  0.6705  0.7200

PART 38
OFFSET  13.4154 -0.3117 -8.3080
X  0.7267  0.5720 -0.3804
Y -0.6670  0.4552 -0.5898
Z -0.1642  0.6823  0.7124

PART 39
OFFSET  29.9350  11.2476 -18.2418
X  0.7267  0.5720 -0.3804
Y -0.6670  0.4552 -0.5898
Z -0.1642  0.6823  0.7124

PART 40
OFFSET  10.2419 -4.9114 -8.2437
X  0.7267  0.5720 -0.3804
Y -0.6670  0.4552 -0.5898
Z -0.1642  0.6823  0.7124

PART 41
OFFSET  29.2209  10.6829 -17.9135
X -0.6670  0.4552 -0.5898
Y -0.7267 -0.5720  0.3804
Z -0.1642  0.6823  0.7124

PART 42
OFFSET  20.9226  3.9918 -12.8526
X -0.4293  0.4122  0.8036
Y -0.6089 -0.7892  0.0795
Z  0.6670 -0.4552  0.5898

PART 43
OFFSET  20.9226  3.9918 -12.8526
X -0.6670  0.4552 -0.5898
Y -0.7267 -0.5720  0.3804
Z -0.1642  0.6823  0.7124

PART 44
OFFSET  20.5139  3.5595 -13.2156
X -0.6670  0.4552 -0.5898
Y -0.7267 -0.5720  0.3804
Z -0.1642  0.6823  0.7124

PART 45
OFFSET  19.5801  4.1967 -14.0412
X -0.4816  0.0293 -0.8759
Y -0.7267 -0.5720  0.3804
Z -0.4899  0.8197  0.2967

PART 46
OFFSET  27.5203  9.4831 -16.9017
X  0.7267  0.5720 -0.3804
Y -0.6670  0.4552 -0.5898
Z -0.1642  0.6823  0.7124

PART 47
OFFSET  26.2218  9.1976 -18.0140
X  0.8151  0.5228  0.2495
Y  0.1553  0.2177 -0.9636
Z -0.5581  0.8242  0.0962

PART 48
OFFSET -10.8444 -11.7139 -5.9426
X -0.9182  0.3768 -0.1221
Y -0.2386 -0.2803  0.9298
Z  0.3161  0.8829  0.3472

PART 49
OFFSET  0.2606 -16.2702 -4.4660
X -0.7118 -0.6927  0.1160
Y  0.7010 -0.6903  0.1793
Z -0.0442  0.2089  0.9769

PART 50
OFFSET  6.3147 -10.3782 -5.4524
X -0.7118 -0.6927  0.1160
Y  0.4702 -0.5926 -0.6540
Z  0.5218 -0.4110  0.7475

PART 51
OFFSET  6.9145 -9.1623 -6.9108
X -0.7158 -0.6893  0.1120
Y  0.0360 -0.1966 -0.9798
Z  0.6974 -0.6973  0.1655

PART 52
OFFSET  6.5104 -8.1139 -6.4361
X -0.7158 -0.6893  0.1120
Y  0.0360 -0.1966 -0.9798
Z  0.6974 -0.6973  0.1655

PART 53
OFFSET  6.6210 -7.8605 -5.0955
X -0.7158 -0.6893  0.1120
Y  0.0360 -0.1966 -0.9798
Z  0.6974 -0.6973  0.1655

PART 54
OFFSET  8.4968 -8.2544 -5.8079
X -0.5561 -0.7894  0.2600
Y  0.4801 -0.5605 -0.6748
Z  0.6784 -0.2504  0.6907

PART 55
OFFSET  8.0051 -7.2556 -5.5574
X  0.1787 -0.9622  0.2053
Y  0.4142 -0.1156 -0.9028
Z  0.8925  0.2464  0.3779

PART 56
OFFSET  7.5284 -5.1813 -5.9312
X -0.4652 -0.5030  0.7285
Y  0.4176 -0.8503 -0.3204
Z  0.7805  0.1552  0.6056

PART 57
OFFSET  8.2168 -4.4375 -7.1941
X -0.5123  0.2619  0.8179
Y  0.0082 -0.9508  0.3097
Z  0.8588  0.1654  0.4850

PART 58
OFFSET  8.7314 -4.7121 -8.1060
X -0.9281 -0.1088  0.3560
Y -0.3589  0.0077 -0.9333
Z  0.0988 -0.9940 -0.0462

PART 59
OFFSET  9.3444 -8.1360 -6.8901
X -0.5357 -0.4989  0.6813
Y  0.8144 -0.0920  0.5729
Z -0.2231  0.8618  0.4556

PART 60
OFFSET  10.4156 -6.8783 -8.4248
X  0.5732 -0.4660  0.6740
Y  0.8183  0.2834 -0.5000
Z  0.0420  0.8382  0.5438

PART 61
OFFSET  9.6041 -6.2185 -9.3790
X  0.9944  0.0139 -0.1047
Y -0.0926  0.5911 -0.8012
Z  0.0508  0.8065  0.5891

PART 62
OFFSET  8.7224 -6.2308 -9.2861
X  0.5071  0.4463 -0.7374
Y -0.8612  0.2976 -0.4121
Z  0.0355  0.8439  0.5352

PART 63
OFFSET  8.2407 -6.6548 -8.5856
X  0.1476 -0.6502  0.7453
Y -0.9719  0.0441  0.2310
Z -0.1831 -0.7585 -0.6255

PART 64
OFFSET  9.2424 -7.6248 -6.4024
X -0.5479 -0.6388  0.5401
Y  0.7633 -0.1176  0.6352
Z -0.3423  0.7603  0.5521

PART 65
OFFSET  10.7320 -6.0823 -7.8722
X  0.5233 -0.3947  0.7553
Y  0.8520  0.2593 -0.4548
Z -0.0163  0.8815  0.4719

PART 66
OFFSET  9.8411 -5.4104 -9.1580
X  0.9530  0.1580 -0.2584
Y -0.3027  0.4699 -0.8292
Z -0.0096  0.8685  0.4956

PART 67
OFFSET  8.5203 -5.6294 -8.8000
X  0.3473  0.4713 -0.8107
Y -0.9376  0.1603 -0.3085
Z -0.0154  0.8673  0.4976

PART 68
OFFSET  8.1436 -6.1405 -7.9207
X  0.2503 -0.4350  0.8649
Y -0.9657 -0.1761  0.1908
Z  0.0693 -0.8830 -0.4642

PART 69
OFFSET  6.1401 -11.2001 -3.7848
X -0.4274 -0.7040  0.5672
Y -0.7914 -0.0119 -0.6112
Z  0.4370 -0.7101 -0.5520

PART 70
OFFSET  10.5536 -4.8488 -6.0556
X -0.6808 -0.6808  0.2702
Y  0.6451 -0.3827  0.6613
Z -0.3468  0.6245  0.6998

PART 71
OFFSET  11.7523 -3.6501 -6.5313
X  0.3367 -0.5698  0.7496
Y  0.8624  0.5062 -0.0026
Z -0.3780  0.6473  0.6619

PART 72
OFFSET  11.3200 -2.9181 -7.4024
X  0.6835 -0.3608  0.6346
Y  0.6480  0.7001 -0.2999
Z -0.3361  0.6162  0.7123

PART 73
OFFSET  10.5480 -2.5105 -8.1191
X -0.9020 -0.3412  0.2645
Y -0.4070  0.4679 -0.7845
Z  0.1439 -0.8153 -0.5609

PART 74
OFFSET  10.8935 -5.4961 -6.8838
X  0.4012 -0.4317  0.8078
Y  0.8947  0.3736 -0.2447
Z -0.1962  0.8210  0.5362

PART 75
OFFSET  10.1097 -4.6527 -8.4620
X  0.9757  0.2187  0.0141
Y -0.0974  0.4903 -0.8661
Z -0.1963  0.8436  0.4997

PART 76
OFFSET  8.6846 -4.9722 -8.4826
X  0.4274  0.5062 -0.7491
Y -0.8751  0.0236 -0.4834
Z -0.2270  0.8621  0.4530

PART 77
OFFSET  8.2015 -5.5515 -7.6378
X  0.2457 -0.4583  0.8542
Y -0.9591 -0.2426  0.1457
Z  0.1405 -0.8550 -0.4992

PART 78
OFFSET  0.0000 -0.0000 -0.0000
X  1.0000 -0.0000  0.0000
Y  0.0000  1.0000  0.0000
Z  0.0000 -0.0000  1.0000

PART 79
OFFSET  0.0000 -0.0000 -0.0000
X  1.0000 -0.0000  0.0000
Y  0.0000  1.0000  0.0000
Z  0.0000 -0.0000  1.0000

PART 80
OFFSET  1.5404 -0.0000  4.1357
X  1.0000 -0.0000  0.0000
Y  0.0000  1.0000  0.0000
Z  0.0000 -0.0000  1.0000


FRAME 1913
PART 0
OFFSET -4.6318 -0.0000 -1.3770
X  1.0000 -0.0000  0.0000
Y  0.0000  1.0000  0.0000
Z  0.0000 -0.0000  1.0000

PART 1
OFFSET -4.6318 -0.0000 -1.3770
X  1.0000 -0.0000  0.0000
Y  0.0000  1.0000  0.0000
Z  0.0000 -0.0000  1.0000

PART 2
OFFSET -3.5060  6.3408 -6.7125
X  0.7720 -0.0352 -0.6347
Y -0.1464 -0.9815 -0.1236
Z -0.6186  0.1883 -0.7628

PART 3
OFFSET  5.8302  5.9156 -14.3882
X  0.7714 -0.5982  0.2168
Y -0.4585 -0.2864  0.8413
Z -0.4412 -0.7484 -0.4952

PART 4
OFFSET  12.3916  0.8272 -12.5443
X  0.7714 -0.5982  0.2168
Y  0.5817  0.8011  0.1408
Z -0.2579  0.0175  0.9660

PART 5
OFFSET  14.6122  1.5469 -12.0198
X  0.7753 -0.5945  0.2131
Y  0.4456  0.7541  0.4824
Z -0.4475 -0.2791  0.8496

PART 6
OFFSET  13.4274  0.0336 -13.7423
X  0.7753 -0.5945  0.2131
Y  0.4456  0.7541  0.4824
Z -0.4475 -0.2791  0.8496

PART 7
OFFSET  13.8274  0.3122 -10.2183
X  0.7753 -0.5945  0.2131
Y  0.4456  0.7541  0.4824
Z -0.4475 -0.2791  0.8496

PART 8
OFFSET  12.8265 -1.0536 -10.8778
X  0.7753 -0.5945  0.2131
Y  0.4456  0.7541  0.4824
Z -0.4475 -0.2791  0.8496

PART 9
OFFSET  12.2711 -1.5315 -11.9789
X  0.7753 -0.5945  0.2131
Y  0.4456  0.7541  0.4824
Z -0.4475 -0.2791  0.8496

PART 10
OFFSET  14.7565 -1.0068 -11.8796
X  0.7334  0.5989 -0.3216
Y -0.0431  0.5131  0.8572
Z  0.6784 -0.6148  0.4022

PART 11
OFFSET  15.3234 -0.4946 -11.0319
X  0.9014  0.3168  0.2952
Y -0.4180  0.4588  0.7841
Z  0.1130 -0.8301  0.5460

PART 12
OFFSET  17.2331  0.1886 -10.2863
X  0.7970  0.1462 -0.5860
Y  0.4744  0.4488  0.7573
Z  0.3737 -0.8816  0.2884

PART 13
OFFSET  18.5333  0.2991 -11.2452
X  0.0822 -0.4930 -0.8661
Y  0.9665  0.2516 -0.0514
Z  0.2432 -0.8328  0.4972

PART 14
OFFSET  18.6498 -0.2679 -12.1599
X  0.1036  0.2229 -0.9693
Y -0.5215  0.8421  0.1379
Z  0.8469  0.4912  0.2035

PART 15
OFFSET  15.5604 -1.1737 -12.9884
X  0.7386  0.2102 -0.6405
Y  0.6434 -0.5034  0.5767
Z -0.2012 -0.8381 -0.5071

PART 16
OFFSET  17.3281 -0.6410 -14.2830
X  0.9274 -0.1970  0.3180
Y -0.3661 -0.3037  0.8796
Z -0.0767 -0.9322 -0.3538

PART 17
OFFSET  18.6411 -0.9199 -13.8328
X -0.3092 -0.3352  0.8900
Y -0.9508  0.1296 -0.2815
Z -0.0210 -0.9332 -0.3588

PART 18
OFFSET  18.3670 -1.2171 -13.0437
X -0.7365 -0.2045  0.6448
Y -0.6716  0.3360 -0.6604
Z -0.0816 -0.9194 -0.3847

PART 19
OFFSET  17.6674 -1.4114 -12.4311
X  0.9967  0.0785 -0.0230
Y -0.0434  0.2690 -0.9622
Z -0.0693  0.9599  0.2715

PART 20
OFFSET  15.5983 -0.6151 -12.5456
X  0.7153  0.4087 -0.5669
Y  0.6645 -0.6489  0.3706
Z -0.2164 -0.6418 -0.7357

PART 21
OFFSET  17.5213  0.3277 -14.0193
X  0.9368 -0.2746  0.2169
Y -0.3140 -0.3860  0.8674
Z -0.1545 -0.8807 -0.4478

PART 22
OFFSET  19.1162 -0.1399 -13.6501
X -0.2734 -0.4041  0.8729
Y -0.9537  0.2323 -0.1912
Z -0.1255 -0.8847 -0.4489

PART 23
OFFSET  18.7372 -0.6999 -12.4403
X -0.9527 -0.0215  0.3031
Y -0.2770  0.4709 -0.8376
Z -0.1247 -0.8819 -0.4546

PART 24
OFFSET  17.7040 -0.7232 -12.1116
X  0.9327 -0.2948  0.2078
Y  0.3247  0.4355 -0.8396
Z  0.1570  0.8505  0.5019

PART 25
OFFSET  17.3125  1.3247 -11.2943
X  0.8870  0.2933 -0.3566
Y -0.4372  0.7819 -0.4444
Z  0.1484  0.5501  0.8218

PART 26
OFFSET  17.3296  1.9424 -12.6356
X  0.9096  0.0041 -0.4154
Y  0.3156 -0.6570  0.6846
Z -0.2701 -0.7538 -0.5989

PART 27
OFFSET  18.9311  1.9496 -13.3670
X  0.7673 -0.5941  0.2416
Y -0.5501 -0.4160  0.7241
Z -0.3297 -0.6885 -0.6460

PART 28
OFFSET  19.8839  1.2692 -13.0340
X  0.0889 -0.6320  0.7699
Y -0.9650  0.1368  0.2237
Z -0.2467 -0.7628 -0.5977

PART 29
OFFSET  19.9843  0.5554 -12.1644
X  0.7728 -0.1324 -0.6207
Y -0.3395  0.7400 -0.5806
Z  0.5362  0.6594  0.5270

PART 30
OFFSET  17.4198  1.2116 -13.4592
X  0.9455 -0.3251  0.0198
Y -0.1741 -0.4532  0.8742
Z -0.2752 -0.8300 -0.4851

PART 31
OFFSET  19.2669  0.5766 -13.4205
X -0.2333 -0.4132  0.8803
Y -0.9177  0.3930 -0.0587
Z -0.3217 -0.8215 -0.4708

PART 32
OFFSET  18.9262 -0.0269 -12.1348
X -0.8583  0.0677  0.5087
Y -0.3691  0.6073 -0.7036
Z -0.3566 -0.7916 -0.4962

PART 33
OFFSET  17.9519  0.0438 -11.5616
X  0.9166 -0.3892  0.0910
Y  0.2427  0.3609 -0.9005
Z  0.3176  0.8475  0.4253

PART 34
OFFSET  17.8020 -0.5964 -12.6007
X -0.2201 -0.6924 -0.6872
Y -0.6784  0.6148 -0.4022
Z  0.7009  0.3777 -0.6050

PART 35
OFFSET  10.3958 -3.3699 -6.7543
X  0.7300  0.5747 -0.3698
Y -0.6636  0.4668 -0.5846
Z -0.1634  0.6722  0.7221

PART 36
OFFSET  10.3958 -3.3699 -6.7543
X  0.7300  0.5747 -0.3698
Y -0.6636  0.4668 -0.5846
Z -0.1634  0.6722  0.7221

PART 37
OFFSET  14.0672  1.1296 -6.8474
X  0.7265  0.5883 -0.3550
Y -0.6636  0.4668 -0.5846
Z -0.1782  0.6603  0.7296

PART 38
OFFSET  13.4150 -0.7547 -8.1191
X  0.7300  0.5747 -0.3698
Y -0.6636  0.4668 -0.5846
Z -0.1634  0.6722  0.7221

PART 39
OFFSET  30.0079  10.8856 -17.8335
X  0.7300  0.5747 -0.3698
Y -0.6636  0.4668 -0.5846
Z -0.1634  0.6722  0.7221

PART 40
OFFSET  10.2228 -5.3420 -8.1326
X  0.7300  0.5747 -0.3698
Y -0.6636  0.4668 -0.5846
Z -0.1634  0.6722  0.7221

PART 41
OFFSET  29.2906  10.3189 -17.5156
X -0.6636  0.4668 -0.5846
Y -0.7300 -0.5747  0.3698
Z -0.1634  0.6722  0.7221

PART 42
OFFSET  20.9517  3.5862 -12.5783
X -0.4298  0.4017  0.8086
Y -0.6123 -0.7879  0.0660
Z  0.6636 -0.4668  0.5846

PART 43
OFFSET  20.9517  3.5862 -12.5783
X -0.6636  0.4668 -0.5846
Y -0.7300 -0.5747  0.3698
Z -0.1634  0.6722  0.7221

PART 44
OFFSET  20.5422  3.1610 -12.9488
X -0.6636  0.4668 -0.5846
Y -0.7300 -0.5747  0.3698
Z -0.1634  0.6722  0.7221

PART 45
OFFSET  19.6132  3.8145 -13.7673
X -0.4791  0.0445 -0.8766
Y -0.7300 -0.5747  0.3698
Z -0.4874  0.8171  0.3078

PART 46
OFFSET  27.5825  9.1109 -16.5266
X  0.7300  0.5747 -0.3698
Y -0.6636  0.4668 -0.5846
Z -0.1634  0.6722  0.7221

PART 47
OFFSET  26.2858  8.8476 -17.6465
X  0.8165  0.5156  0.2595
Y  0.1588  0.2316 -0.9598
Z -0.5550  0.8249  0.1072

PART 48
OFFSET -10.8444 -11.7139 -5.9426
X -0.9055  0.4047 -0.1275
Y -0.2519 -0.2708  0.9291
Z  0.3415  0.8734  0.3472

PART 49
OFFSET  0.1066 -16.6087 -4.4006
X -0.7217 -0.6823  0.1168
Y  0.6909 -0.6996  0.1822
Z -0.0426  0.2122  0.9763

PART 50
OFFSET  6.2451 -10.8058 -5.3941
X -0.7217 -0.6823  0.1168
Y  0.4593 -0.5983 -0.6566
Z  0.5179 -0.4202  0.7451

PART 51
OFFSET  6.8642 -9.6025 -6.8549
X -0.7256 -0.6788  0.1128
Y  0.0346 -0.1997 -0.9792
Z  0.6872 -0.7067  0.1684

PART 52
OFFSET  6.4743 -8.5472 -6.3837
X -0.7256 -0.6788  0.1128
Y  0.0346 -0.1997 -0.9792
Z  0.6872 -0.7067  0.1684

PART 53
OFFSET  6.5865 -8.2917 -5.0437
X -0.7256 -0.6788  0.1128
Y  0.0346 -0.1997 -0.9792
Z  0.6872 -0.7067  0.1684

PART 54
OFFSET  8.4576 -8.7142 -5.7522
X -0.5600 -0.7910  0.2466
Y  0.4797 -0.5522 -0.6819
Z  0.6755 -0.2635  0.6886

PART 55
OFFSET  7.9692 -7.7173 -5.4879
X  0.1743 -0.9660  0.1912
Y  0.4162 -0.1037 -0.9034
Z  0.8924  0.2370  0.3839

PART 56
OFFSET  7.5019 -5.6356 -5.8316
X -0.4691 -0.5120  0.7196
Y  0.4151 -0.8470 -0.3321
Z  0.7795  0.1429  0.6099

PART 57
OFFSET  8.1968 -4.8756 -7.0814
X -0.5135  0.2517  0.8204
Y  0.0035 -0.9554  0.2953
Z  0.8581  0.1545  0.4897

PART 58
OFFSET  8.7127 -5.1386 -7.9960
X -0.9295 -0.1104  0.3519
Y -0.3564  0.0232 -0.9340
Z  0.0949 -0.9936 -0.0609

PART 59
OFFSET  9.3086 -8.5829 -6.8302
X -0.5395 -0.5069  0.6723
Y  0.8125 -0.1040  0.5736
Z -0.2209  0.8557  0.4680

PART 60
OFFSET  10.3890 -7.3066 -8.3429
X  0.5695 -0.4785  0.6684
Y  0.8208  0.2876 -0.4935
Z  0.0440  0.8297  0.5565

PART 61
OFFSET  9.5827 -6.6291 -9.2892
X  0.9947  0.0114 -0.1019
Y -0.0881  0.6035 -0.7925
Z  0.0525  0.7973  0.6014

PART 62
OFFSET  8.7008 -6.6393 -9.1988
X  0.5109  0.4553 -0.7292
Y -0.8588  0.3073 -0.4098
Z  0.0375  0.8356  0.5480

PART 63
OFFSET  8.2154 -7.0718 -8.5061
X  0.1430 -0.6620  0.7357
Y -0.9724  0.0446  0.2291
Z -0.1845 -0.7482 -0.6373

PART 64
OFFSET  9.2073 -8.0787 -6.3351
X -0.5519 -0.6447  0.5290
Y  0.7611 -0.1303  0.6354
Z -0.3407  0.7533  0.5626

PART 65
OFFSET  10.7071 -6.5203 -7.7775
X  0.5196 -0.4082  0.7506
Y  0.8543  0.2626 -0.4486
Z -0.0140  0.8743  0.4851

PART 66
OFFSET  9.8224 -5.8254 -9.0554
X  0.9544  0.1580 -0.2534
Y -0.2985  0.4835 -0.8228
Z -0.0075  0.8609  0.5086

PART 67
OFFSET  8.4997 -6.0444 -8.7042
X  0.3514  0.4820 -0.8026
Y -0.9361  0.1688 -0.3085
Z -0.0132  0.8597  0.5106

PART 68
OFFSET  8.1186 -6.5672 -7.8338
X  0.2462 -0.4491  0.8589
Y -0.9669 -0.1751  0.1856
Z  0.0670 -0.8762 -0.4773

PART 69
OFFSET  6.0835 -11.6804 -3.7801
X -0.4318 -0.7107  0.5554
Y -0.7898  0.0005 -0.6134
Z  0.4356 -0.7035 -0.5615

PART 70
OFFSET  10.5288 -5.3136 -5.9430
X -0.6843 -0.6820  0.2581
Y  0.6418 -0.3953  0.6571
Z -0.3462  0.6153  0.7082

PART 71
OFFSET  11.7336 -4.1128 -6.3974
X  0.3324 -0.5824  0.7418
Y  0.8644  0.5027  0.0074
Z -0.3772  0.6388  0.6706

PART 72
OFFSET  11.3066 -3.3660 -7.2584
X  0.6803 -0.3732  0.6308
Y  0.6517  0.7019 -0.2876
Z -0.3355  0.6067  0.7207

PART 73
