// Export filename: `C:\projects\cod\t5\xanim_export\t5_viewmodels\ak47\ak47_masterkey_reloadmk_loop.XANIM_EXPORT`
// Source filename: `D:\projects\devanim\t5\animation_assets\viewmodels/ak47/masterkey_set/ak47_masterkey_mkreload_empty.fbx`
// Export time: Wed Oct 28 14:21:49 2009

ANIMATION
VERSION 3

NUMPARTS 87
PART 0 "tag_torso"
PART 1 "J_Shoulder_LE"
PART 2 "J_Elbow_LE"
PART 3 "J_WristTwist_LE"
PART 4 "J_Sleave_Reshape_Bottom_LE_1"
PART 5 "J_Sleave_Reshape_Bottom_LE_2"
PART 6 "J_Sleave_Reshape_Top_LE_1"
PART 7 "J_Sleave_Reshape_Top_LE_2"
PART 8 "J_Sleave_Reshape_Top_LE_3"
PART 9 "J_Wrist_LE"
PART 10 "J_Thumb_LE_0"
PART 11 "J_Thumb_LE_1"
PART 12 "J_Thumb_LE_2"
PART 13 "J_Thumb_LE_3"
PART 14 "J_PinkyPalm_LE"
PART 15 "J_Pinky_LE_0"
PART 16 "J_Pinky_LE_1"
PART 17 "J_Pinky_LE_2"
PART 18 "J_Pinky_LE_3"
PART 19 "J_RingPalm_LE"
PART 20 "J_Ring_LE_0"
PART 21 "J_Ring_LE_1"
PART 22 "J_Ring_LE_2"
PART 23 "J_Ring_LE_3"
PART 24 "J_Webbing_LE"
PART 25 "J_Index_LE_0"
PART 26 "J_Index_LE_1"
PART 27 "J_Index_LE_2"
PART 28 "J_Index_LE_3"
PART 29 "J_Mid_LE_0"
PART 30 "J_Mid_LE_1"
PART 31 "J_Mid_LE_2"
PART 32 "J_Mid_LE_3"
PART 33 "tag_knife_attach"
PART 34 "J_Shoulder_RI"
PART 35 "J_Elbow_RI"
PART 36 "J_WristTwist_RI"
PART 37 "J_Sleave_Reshape_Top_RI_3"
PART 38 "J_Sleave_Reshape_Top_RI_2"
PART 39 "J_Sleave_Reshape_Top_RI_1"
PART 40 "J_Wrist_RI"
PART 41 "J_Thumb_RI_0"
PART 42 "J_Thumb_RI_1"
PART 43 "J_Thumb_RI_2"
PART 44 "J_Thumb_RI_3"
PART 45 "J_PinkyPalm_RI"
PART 46 "J_Pinky_RI_0"
PART 47 "J_Pinky_RI_1"
PART 48 "J_Pinky_RI_2"
PART 49 "J_Pinky_RI_3"
PART 50 "J_RingPalm_RI"
PART 51 "J_Ring_RI_0"
PART 52 "J_Ring_RI_1"
PART 53 "J_Ring_RI_2"
PART 54 "J_Ring_RI_3"
PART 55 "J_Webbing_RI"
PART 56 "J_Index_RI_0"
PART 57 "J_Index_RI_1"
PART 58 "J_Index_RI_2"
PART 59 "J_Index_RI_3"
PART 60 "J_Mid_RI_0"
PART 61 "J_Mid_RI_1"
PART 62 "J_Mid_RI_2"
PART 63 "J_Mid_RI_3"
PART 64 "tag_weapon"
PART 65 "J_Gun"
PART 66 "J_Bolt2"
PART 67 "TAG_CLIP"
PART 68 "TAG_BIG_MAG"
PART 69 "J_Trigger"
PART 70 "tag_mount"
PART 71 "TAG_GRIP"
PART 72 "tag_scope_ir"
PART 73 "TAG_TRILUX"
PART 74 "tag_masterkey"
PART 75 "tag_brass2"
PART 76 "tag_ammo2"
PART 77 "tag_pump2"
PART 78 "TAG_REFLEX"
PART 79 "tag_he_grenade"
PART 80 "tag_grenadier"
PART 81 "tag_suppressor"
PART 82 "tag_scope_colt"
PART 83 "tag_cambone"
PART 84 "tag_camera"
PART 85 "tag_gasmask"
PART 86 "tag_ads"

FRAMERATE 30
NUMFRAMES 18

FRAME 269
PART 0
OFFSET -4.6318 -0.0000 -1.3770
X  1.0000 -0.0000  0.0000
Y  0.0000  1.0000  0.0000
Z  0.0000 -0.0000  1.0000

PART 1
OFFSET -2.6015  6.9381 -8.1116
X  0.4799  0.2852 -0.8297
Y  0.3247 -0.9363 -0.1340
Z -0.8150 -0.2051 -0.5419

PART 2
OFFSET  3.2020  10.3873 -18.1458
X  0.8267 -0.3221  0.4613
Y -0.5459 -0.2609  0.7962
Z -0.1361 -0.9100 -0.3915

PART 3
OFFSET  10.2336  7.6479 -14.2222
X  0.8267 -0.3221  0.4613
Y -0.5550 -0.6010  0.5751
Z  0.0920 -0.7315 -0.6756

PART 4
OFFSET  12.0574  8.3623 -13.9451
X  0.8303 -0.3180  0.4576
Y  0.1416  0.9146  0.3787
Z -0.5390 -0.2497  0.8045

PART 5
OFFSET  11.7146  7.0281 -15.1124
X  0.8303 -0.3180  0.4576
Y  0.1416  0.9146  0.3787
Z -0.5390 -0.2497  0.8045

PART 6
OFFSET  11.1022  7.4236 -11.9998
X  0.8303 -0.3180  0.4576
Y  0.1416  0.9146  0.3787
Z -0.5390 -0.2497  0.8045

PART 7
OFFSET  10.7623  5.9707 -12.3914
X  0.8303 -0.3180  0.4576
Y  0.1416  0.9146  0.3787
Z -0.5390 -0.2497  0.8045

PART 8
OFFSET  10.6866  5.7294 -13.2547
X  0.8303 -0.3180  0.4576
Y  0.1416  0.9146  0.3787
Z -0.5390 -0.2497  0.8045

PART 9
OFFSET  12.7681  6.6605 -12.8080
X  0.8909 -0.1319  0.4346
Y -0.4190 -0.6077  0.6746
Z  0.1751 -0.7831 -0.5967

PART 10
OFFSET  12.8364  5.6931 -12.2066
X  0.4426 -0.8683  0.2242
Y -0.8380 -0.3114  0.4482
Z -0.3193 -0.3862 -0.8654

PART 11
OFFSET  13.6899  3.7669 -11.7262
X  0.8969 -0.3810  0.2247
Y -0.4393 -0.8262  0.3526
Z  0.0513 -0.4149 -0.9084

PART 12
OFFSET  15.1697  3.1547 -11.4862
X  0.9609  0.0953 -0.2600
Y  0.1927 -0.9044  0.3806
Z -0.1988 -0.4159 -0.8874

PART 13
OFFSET  16.2030  3.2233 -11.8015
X  0.8767  0.1511  0.4566
Y -0.4615  0.5315  0.7103
Z -0.1353 -0.8335  0.5357

PART 14
OFFSET  14.0061  7.0413 -13.2832
X  0.9982 -0.0598  0.0067
Y -0.0429 -0.7846 -0.6185
Z  0.0422  0.6171 -0.7857

PART 15
OFFSET  16.2374  6.7208 -13.2296
X  0.5716 -0.7981 -0.1906
Y -0.8066 -0.5039 -0.3089
Z  0.1504  0.3303 -0.9318

PART 16
OFFSET  17.0467  5.5909 -13.4996
X -0.6744 -0.6482 -0.3537
Y -0.7111  0.6991  0.0747
Z  0.1988  0.3019 -0.9324

PART 17
OFFSET  16.4488  5.0162 -13.8131
X -0.9662  0.2481 -0.0693
Y  0.2043  0.9018  0.3808
Z  0.1570  0.3537 -0.9221

PART 18
OFFSET  15.5308  5.2519 -13.8790
X  0.5881 -0.8071 -0.0527
Y  0.7958  0.5659  0.2155
Z -0.1441 -0.1687  0.9751

PART 19
OFFSET  13.8991  6.7178 -12.6560
X  0.9776  0.0564  0.2028
Y  0.1751 -0.7528 -0.6345
Z  0.1169  0.6558 -0.7458

PART 20
OFFSET  16.4393  6.9254 -12.1435
X  0.6388 -0.7535 -0.1554
Y -0.7438 -0.5532 -0.3752
Z  0.1967  0.3553 -0.9138

PART 21
OFFSET  17.5268  5.6425 -12.4081
X -0.3140 -0.8628 -0.3961
Y -0.9233  0.3747 -0.0843
Z  0.2212  0.3392 -0.9143

PART 22
OFFSET  17.0916  4.4467 -12.9571
X -0.9745  0.1075 -0.1968
Y  0.0301  0.9324  0.3601
Z  0.2222  0.3450 -0.9119

PART 23
OFFSET  16.0347  4.5632 -13.1706
X  0.7922 -0.6037 -0.0893
Y  0.5736  0.6866  0.4467
Z -0.2084 -0.4051  0.8902

PART 24
OFFSET  14.9430  4.8692 -10.7171
X  0.9680 -0.2243  0.1125
Y  0.0751  0.6866  0.7231
Z -0.2395 -0.6915  0.6815

PART 25
OFFSET  15.8584  5.9792 -10.3841
X  0.7657 -0.6047 -0.2191
Y -0.6200 -0.6035 -0.5013
Z  0.1709  0.5197 -0.8371

PART 26
OFFSET  17.2066  4.9145 -10.7698
X  0.5591 -0.7176 -0.4153
Y -0.8109 -0.3688 -0.4544
Z  0.1729  0.5908 -0.7880

PART 27
OFFSET  17.8758  4.0063 -11.2269
X  0.3917 -0.8350 -0.3864
Y -0.8929 -0.2436 -0.3786
Z  0.2220  0.4933 -0.8410

PART 28
OFFSET  18.3182  3.0631 -11.6633
X  0.7410  0.6305  0.2310
Y -0.6668  0.6501  0.3644
Z  0.0796 -0.4240  0.9021

PART 29
OFFSET  16.2494  6.5121 -11.2693
X  0.7397 -0.6589 -0.1366
Y -0.6356 -0.6176 -0.4632
Z  0.2209  0.4295 -0.8756

PART 30
OFFSET  17.6946  5.2249 -11.5362
X  0.3418 -0.8649 -0.3677
Y -0.9235 -0.2366 -0.3018
Z  0.1740  0.4427 -0.8796

PART 31
OFFSET  18.1938  3.9617 -12.0732
X -0.2913 -0.8334 -0.4697
Y -0.9487  0.3148  0.0300
Z  0.1229  0.4543 -0.8823

PART 32
OFFSET  17.8653  3.0208 -12.6115
X  0.8215  0.4089  0.3974
Y -0.5278  0.8090  0.2586
Z -0.2158 -0.4222  0.8804

PART 33
OFFSET  15.6762  5.4370 -12.9026
X  0.0754  0.6150 -0.7850
Y -0.1751  0.7831  0.5967
Z  0.9817  0.0925  0.1667

PART 34
OFFSET -7.2604 -4.8127 -5.4071
X -0.4219  0.7032  0.5723
Y  0.1358 -0.5751  0.8067
Z  0.8964  0.4181  0.1471

PART 35
OFFSET -2.1583 -13.3171 -12.3285
X -0.1177 -0.9576 -0.2629
Y  0.8105  0.0603 -0.5826
Z  0.5738 -0.2817  0.7690

PART 36
OFFSET -1.1569 -5.1721 -10.0926
X -0.1177 -0.9576 -0.2629
Y -0.7305  0.2628 -0.6303
Z  0.6727  0.1178 -0.7305

PART 37
OFFSET -2.2438 -3.5171 -10.1640
X -0.1241 -0.9572 -0.2615
Y -0.5850  0.2835 -0.7598
Z  0.8014  0.0587 -0.5952

PART 38
OFFSET -2.6284 -3.3779 -9.0378
X -0.1241 -0.9572 -0.2615
Y -0.5850  0.2835 -0.7598
Z  0.8014  0.0587 -0.5952

PART 39
OFFSET -1.6816 -3.6427 -8.1185
X -0.1241 -0.9572 -0.2615
Y -0.5850  0.2835 -0.7598
Z  0.8014  0.0587 -0.5952

PART 40
OFFSET -0.7959 -2.2364 -9.2867
X -0.9021  0.0837 -0.4232
Y  0.4039  0.5084 -0.7605
Z  0.1515 -0.8570 -0.4925

PART 41
OFFSET -0.8422 -2.4128 -8.1603
X -0.3708 -0.1247 -0.9203
Y  0.6423  0.6813 -0.3511
Z  0.6708 -0.7213 -0.1725

PART 42
OFFSET -0.1434 -2.1715 -6.1297
X -0.8898 -0.4181 -0.1828
Y  0.0817  0.2483 -0.9652
Z  0.4490 -0.8738 -0.1868

PART 43
OFFSET  1.2476 -1.3838 -5.8712
X -0.6209 -0.5861  0.5206
Y -0.5439 -0.1562 -0.8245
Z  0.5645 -0.7951 -0.2218

PART 44
OFFSET  1.9025 -0.7110 -6.4099
X -0.9330  0.0459  0.3568
Y  0.0925  0.9891  0.1146
Z -0.3477  0.1399 -0.9271

PART 45
OFFSET  0.3694 -1.5896 -9.6434
X -0.9253 -0.3485 -0.1495
Y  0.3784 -0.8233 -0.4231
Z  0.0244 -0.4481  0.8937

PART 46
OFFSET  2.4055 -0.7708 -9.1255
X -0.0223 -0.7719 -0.6353
Y  0.9815  0.1039 -0.1607
Z  0.1900 -0.6272  0.7553

PART 47
OFFSET  2.4371  0.3221 -8.2260
X  0.8423 -0.2879 -0.4556
Y  0.5132  0.6866  0.5149
Z  0.1646 -0.6676  0.7261

PART 48
OFFSET  1.6902  0.5773 -7.8220
X  0.9015  0.4179  0.1128
Y -0.3884  0.6663  0.6366
Z  0.1909 -0.6177  0.7629

PART 49
OFFSET  0.8338  0.1804 -7.9291
X -0.4733 -0.6485 -0.5962
Y -0.8492  0.1560  0.5044
Z -0.2341  0.7450 -0.6246

PART 50
OFFSET  0.3205 -2.0656 -9.1137
X -0.9409 -0.1958 -0.2764
Y  0.3011 -0.8570 -0.4181
Z -0.1550 -0.4766  0.8653

PART 51
OFFSET  2.7921 -1.5055 -8.5341
X -0.0629 -0.8367 -0.5440
Y  0.9794  0.0530 -0.1948
Z  0.1918 -0.5450  0.8162

PART 52
OFFSET  2.8993 -0.0810 -7.6080
X  0.9357 -0.1514 -0.3187
Y  0.3025  0.8094  0.5034
Z  0.1817 -0.5675  0.8031

PART 53
OFFSET  1.6025  0.1289 -7.1662
X  0.8147  0.5428  0.2043
Y -0.5526  0.6197  0.5572
Z  0.1758 -0.5669  0.8048

PART 54
OFFSET  0.7190 -0.4598 -7.3878
X -0.3431 -0.8266 -0.4461
Y -0.9267  0.2204  0.3043
Z -0.1532  0.5178 -0.8416

PART 55
OFFSET -4.8110 -2.7774 -10.6691
X -0.8848 -0.2579 -0.3881
Y -0.3912  0.8635  0.3182
Z  0.2531  0.4333 -0.8650

PART 56
OFFSET  2.4710 -3.2645 -7.2470
X -0.9572  0.1075 -0.2687
Y  0.0775 -0.7993 -0.5959
Z -0.2789 -0.5912  0.7568

PART 57
OFFSET  4.1562 -3.4537 -6.7739
X -0.2880 -0.7361 -0.6126
Y  0.9163 -0.3978  0.0471
Z -0.2783 -0.5477  0.7890

PART 58
OFFSET  4.4895 -2.5922 -5.9813
X  0.1287 -0.7926 -0.5960
Y  0.9516 -0.0704  0.2992
Z -0.2791 -0.6057  0.7452

PART 59
OFFSET  4.3441 -1.6969 -5.3081
X -0.9794  0.1512  0.1335
Y  0.2003  0.8088  0.5529
Z -0.0244  0.5683 -0.8225

PART 60
OFFSET  2.7858 -2.5502 -8.0289
X -0.1983 -0.8328 -0.5168
Y  0.9801 -0.1710 -0.1004
Z -0.0048 -0.5264  0.8502

PART 61
OFFSET  3.1731 -0.9232 -7.0192
X  0.8712 -0.4173 -0.2585
Y  0.4905  0.7614  0.4240
Z  0.0199 -0.4962  0.8680

PART 62
OFFSET  1.9006 -0.3136 -6.6417
X  0.8695  0.4509  0.2018
Y -0.4935  0.7742  0.3964
Z  0.0225 -0.4443  0.8956

PART 63
OFFSET  0.9153 -0.8206 -6.8763
X -0.3529 -0.8118 -0.4652
Y -0.9330  0.2683  0.2397
Z -0.0698  0.5187 -0.8521

PART 64
OFFSET  3.5598 -2.7057 -5.5275
X  0.9895 -0.0096  0.1444
Y -0.0913  0.7325  0.6746
Z -0.1123 -0.6807  0.7239

PART 65
OFFSET  3.5598 -2.7057 -5.5275
X  0.9895 -0.0096  0.1444
Y -0.0913  0.7325  0.6746
Z -0.1123 -0.6807  0.7239

PART 66
OFFSET  8.5736 -4.5678 -3.2443
X  0.9870 -0.0235  0.1592
Y -0.0913  0.7325  0.6746
Z -0.1325 -0.6804  0.7208

PART 67
OFFSET  7.6943 -2.9252 -4.7073
X  0.9895 -0.0096  0.1444
Y -0.0913  0.7325  0.6746
Z -0.1123 -0.6807  0.7239

PART 68
OFFSET  7.0248 -3.8388 -3.8282
X  0.9895 -0.0096  0.1444
Y -0.0913  0.7325  0.6746
Z -0.1123 -0.6807  0.7239

PART 69
OFFSET  6.0625 -1.9575 -6.0010
X  0.9895 -0.0096  0.1444
Y -0.0913  0.7325  0.6746
Z -0.1123 -0.6807  0.7239

PART 70
OFFSET  6.2833 -4.6575 -3.0395
X  0.9895 -0.0096  0.1444
Y -0.0913  0.7325  0.6746
Z -0.1123 -0.6807  0.7239

PART 71
OFFSET  14.1350 -3.2621 -3.4038
X  0.9895 -0.0096  0.1444
Y -0.0913  0.7325  0.6746
Z -0.1123 -0.6807  0.7239

PART 72
OFFSET  3.9536 -4.6974 -3.1917
X  0.9895 -0.0096  0.1444
Y -0.0913  0.7325  0.6746
Z -0.1123 -0.6807  0.7239

PART 73
OFFSET  5.6314 -4.3763 -3.4105
X  0.9895 -0.0096  0.1444
Y -0.0913  0.7325  0.6746
Z -0.1123 -0.6807  0.7239

PART 74
OFFSET  13.3917 -1.3830 -5.6336
X  0.9895 -0.0096  0.1444
Y -0.0913  0.7325  0.6746
Z -0.1123 -0.6807  0.7239

PART 75
OFFSET  18.3511 -2.8814 -3.8341
X  0.9210  0.3430  0.1843
Y  0.0852  0.2844 -0.9549
Z -0.3800  0.8952  0.2327

PART 76
OFFSET  16.8993  3.2449 -11.9355
X  0.8732 -0.4861 -0.0353
Y  0.4133  0.7002  0.5822
Z -0.2583 -0.5229  0.8123

PART 77
OFFSET  23.5228 -0.0795 -5.6775
X  0.0913 -0.7325 -0.6746
Y  0.9895 -0.0096  0.1444
Z -0.1123 -0.6807  0.7239

PART 78
OFFSET  4.2213 -4.8999 -3.0299
X  0.9895 -0.0096  0.1444
Y -0.0913  0.7325  0.6746
Z -0.1123 -0.6807  0.7239

PART 79
OFFSET  21.4573 -2.0207 -3.8484
X  0.9895 -0.0096  0.1444
Y -0.0913  0.7325  0.6746
Z -0.1123 -0.6807  0.7239

PART 80
OFFSET  13.3935 -1.9423 -5.0251
X  0.9895 -0.0096  0.1444
Y -0.0913  0.7325  0.6746
Z -0.1123 -0.6807  0.7239

PART 81
OFFSET  28.5370 -3.8830 -0.8678
X  0.0913 -0.7325 -0.6746
Y  0.9895 -0.0096  0.1444
Z -0.1123 -0.6807  0.7239

PART 82
OFFSET  5.4944 -5.5382 -2.1847
X  0.9895 -0.0096  0.1444
Y -0.0913  0.7325  0.6746
Z -0.1123 -0.6807  0.7239

PART 83
OFFSET  0.0000 -0.0000 -0.0000
X  1.0000 -0.0000  0.0000
Y  0.0000  1.0000  0.0000
Z  0.0000 -0.0000  1.0000

PART 84
OFFSET  0.0000 -0.0000 -0.0000
X  1.0000  0.0000  0.0000
Y -0.0000  1.0000  0.0000
Z  0.0000 -0.0000  1.0000

PART 85
OFFSET  1.5404 -0.0000  4.1357
X  1.0000  0.0000  0.0000
Y -0.0000  1.0000  0.0000
Z  0.0000 -0.0000  1.0000

PART 86
OFFSET  0.0000 -0.0000 -0.0000
X  1.0000 -0.0000  0.0000
Y  0.0000  1.0000  0.0000
Z  0.0000 -0.0000  1.0000


FRAME 270
PART 0
OFFSET -4.6318 -0.0000 -1.3770
X  1.0000 -0.0000  0.0000
Y  0.0000  1.0000  0.0000
Z  0.0000 -0.0000  1.0000

PART 1
OFFSET -2.6015  6.9381 -8.1116
X  0.5143  0.2730 -0.8130
Y  0.3152 -0.9418 -0.1169
Z -0.7976 -0.1961 -0.5705

PART 2
OFFSET  3.6189  10.2399 -17.9436
X  0.7990 -0.3339  0.5002
Y -0.5860 -0.2449  0.7724
Z -0.1354 -0.9102 -0.3913

PART 3
OFFSET  10.4143  7.4002 -13.6891
X  0.7990 -0.3339  0.5002
Y -0.5868 -0.6149  0.5269
Z  0.1317 -0.7145 -0.6872

PART 4
OFFSET  12.2368  8.0829 -13.3346
X  0.8028 -0.3299  0.4967
Y  0.1415  0.9146  0.3787
Z -0.5792 -0.2338  0.7809

PART 5
OFFSET  11.9219  6.7468 -14.5075
X  0.8028 -0.3299  0.4967
Y  0.1415  0.9146  0.3787
Z -0.5792 -0.2338  0.7809

PART 6
OFFSET  11.1777  7.1763 -11.4283
X  0.8028 -0.3299  0.4967
Y  0.1415  0.9146  0.3787
Z -0.5792 -0.2338  0.7809

PART 7
OFFSET  10.8286  5.7271 -11.8253
X  0.8028 -0.3299  0.4967
Y  0.1415  0.9146  0.3787
Z -0.5792 -0.2338  0.7809

PART 8
OFFSET  10.7873  5.4809 -12.6896
X  0.8028 -0.3299  0.4967
Y  0.1415  0.9146  0.3787
Z -0.5792 -0.2338  0.7809

PART 9
OFFSET  12.8637  6.3767 -12.1556
X  0.8363 -0.1823  0.5171
Y -0.5073 -0.6151  0.6036
Z  0.2080 -0.7671 -0.6068

PART 10
OFFSET  12.8357  5.3862 -11.5896
X  0.3811 -0.8947  0.2331
Y -0.8918 -0.2893  0.3477
Z -0.2437 -0.3404 -0.9082

PART 11
OFFSET  13.5556  3.4078 -11.1025
X  0.8486 -0.4345  0.3017
Y -0.5133 -0.8142  0.2713
Z  0.1278 -0.3851 -0.9140

PART 12
OFFSET  14.9705  2.7117 -10.7340
X  0.9873  0.0475 -0.1513
Y  0.1002 -0.9263  0.3633
Z -0.1229 -0.3738 -0.9193

PART 13
OFFSET  16.0343  2.7302 -10.9335
X  0.8284  0.0843  0.5537
Y -0.5068  0.5337  0.6770
Z -0.2385 -0.8414  0.4849

PART 14
OFFSET  14.1566  6.7260 -12.4870
X  0.9895 -0.0989  0.1055
Y -0.0065 -0.7593 -0.6507
Z  0.1445  0.6432 -0.7520

PART 15
OFFSET  16.3579  6.3170 -12.2202
X  0.5762 -0.8025 -0.1550
Y -0.7758 -0.4774 -0.4125
Z  0.2570  0.3579 -0.8977

PART 16
OFFSET  17.1737  5.1809 -12.4396
X -0.6269 -0.6375 -0.4479
Y -0.7171  0.6969  0.0117
Z  0.3047  0.3285 -0.8940

PART 17
OFFSET  16.6179  4.6157 -12.8367
X -0.9555  0.2317 -0.1827
Y  0.1361  0.8955  0.4238
Z  0.2618  0.3801 -0.8871

PART 18
OFFSET  15.7102  4.8358 -13.0103
X  0.6075 -0.7943  0.0020
Y  0.7507  0.5750  0.3254
Z -0.2596 -0.1962  0.9456

PART 19
OFFSET  13.9743  6.3843 -11.8874
X  0.9529  0.0108  0.3031
Y  0.2129 -0.7355 -0.6432
Z  0.2160  0.6774 -0.7032

PART 20
OFFSET  16.4540  6.4739 -11.1118
X  0.6380 -0.7620 -0.1111
Y -0.7083 -0.5242 -0.4728
Z  0.3021  0.3803 -0.8741

PART 21
OFFSET  17.5403  5.1766 -11.3009
X -0.2748 -0.8466 -0.4557
Y -0.9045  0.3884 -0.1761
Z  0.3262  0.3638 -0.8725

PART 22
OFFSET  17.1594  4.0033 -11.9325
X -0.9446  0.1006 -0.3123
Y -0.0279  0.9238  0.3819
Z  0.3269  0.3695 -0.8698

PART 23
OFFSET  16.1349  4.1124 -12.2712
X  0.8060 -0.5919 -0.0051
Y  0.5045  0.6824  0.5289
Z -0.3096 -0.4288  0.8487

PART 24
OFFSET  14.7477  4.4271 -9.9283
X  0.9428 -0.2659  0.2011
Y  0.0243  0.6564  0.7540
Z -0.3324 -0.7060  0.6253

PART 25
OFFSET  15.6624  5.4877 -9.4599
X  0.7684 -0.6215 -0.1525
Y -0.5762 -0.5683 -0.5874
Z  0.2784  0.5392 -0.7948

PART 26
OFFSET  17.0153  4.3934 -9.7284
X  0.5866 -0.7199 -0.3710
Y -0.7612 -0.3336 -0.5562
Z  0.2766  0.6086 -0.7437

PART 27
OFFSET  17.7115  3.4812 -10.1342
X  0.4130 -0.8339 -0.3661
Y -0.8492 -0.2073 -0.4858
Z  0.3292  0.5114 -0.7937

PART 28
OFFSET  18.1780  2.5393 -10.5477
X  0.7247  0.6024  0.3344
Y -0.6881  0.6575  0.3068
Z -0.0351 -0.4524  0.8911

PART 29
OFFSET  16.1608  6.0368 -10.2787
X  0.7380 -0.6704 -0.0767
Y -0.5913 -0.5877 -0.5522
Z  0.3252  0.4528 -0.8302

PART 30
OFFSET  17.6026  4.7270 -10.4285
X  0.3663 -0.8594 -0.3567
Y -0.8876 -0.2076 -0.4112
Z  0.2793  0.4672 -0.8389

PART 31
OFFSET  18.1375  3.4717 -10.9495
X -0.2385 -0.8158 -0.5269
Y -0.9437  0.3227 -0.0724
Z  0.2290  0.4800 -0.8469

PART 32
OFFSET  17.8697  2.5509 -11.5522
X  0.7710  0.3888  0.5043
Y -0.5500  0.8057  0.2198
Z -0.3209 -0.4469  0.8351

PART 33
OFFSET  15.7214  5.0450 -12.0037
X  0.1773  0.6397 -0.7479
Y -0.2080  0.7671  0.6068
Z  0.9619  0.0480  0.2691

PART 34
OFFSET -7.2604 -4.8127 -5.4071
X -0.4215  0.7035  0.5722
Y  0.1341 -0.5757  0.8066
Z  0.8969  0.4167  0.1484

PART 35
OFFSET -2.1627 -13.3206 -12.3275
X -0.1181 -0.9572 -0.2640
Y  0.8113  0.0602 -0.5815
Z  0.5725 -0.2829  0.7695

PART 36
OFFSET -1.1578 -5.1788 -10.0817
X -0.1181 -0.9572 -0.2640
Y -0.7236  0.2651 -0.6372
Z  0.6800  0.1158 -0.7240

PART 37
OFFSET -2.2434 -3.5228 -10.1529
X -0.1246 -0.9568 -0.2627
Y -0.5838  0.2847 -0.7604
Z  0.8023  0.0586 -0.5940

PART 38
OFFSET -2.6294 -3.3845 -9.0270
X -0.1246 -0.9568 -0.2627
Y -0.5838  0.2847 -0.7604
Z  0.8023  0.0586 -0.5940

PART 39
OFFSET -1.6840 -3.6510 -8.1067
X -0.1246 -0.9568 -0.2627
Y -0.5838  0.2847 -0.7604
Z  0.8023  0.0586 -0.5940

PART 40
OFFSET -0.7957 -2.2441 -9.2722
X -0.9021  0.0827 -0.4235
Y  0.4042  0.5055 -0.7623
Z  0.1511 -0.8588 -0.4894

PART 41
OFFSET -0.8419 -2.4165 -8.1452
X -0.3709 -0.1278 -0.9198
Y  0.6426  0.6797 -0.3536
Z  0.6704 -0.7223 -0.1700

PART 42
OFFSET -0.1430 -2.1683 -6.1155
X -0.8900 -0.4183 -0.1813
Y  0.0818  0.2448 -0.9661
Z  0.4485 -0.8747 -0.1837

PART 43
OFFSET  1.2485 -1.3805 -5.8598
X -0.6212 -0.5839  0.5227
Y -0.5440 -0.1588 -0.8239
Z  0.5641 -0.7961 -0.2190

PART 44
OFFSET  1.9037 -0.7100 -6.4010
X -0.9330  0.0477  0.3567
Y  0.0930  0.9894  0.1111
Z -0.3476  0.1368 -0.9276

PART 45
OFFSET  0.3700 -1.5992 -9.6312
X -0.9255 -0.3486 -0.1482
Y  0.3780 -0.8250 -0.4202
Z  0.0242 -0.4449  0.8953

PART 46
OFFSET  2.4066 -0.7797 -9.1163
X -0.0227 -0.7742 -0.6326
Y  0.9816  0.1028 -0.1611
Z  0.1897 -0.6246  0.7576

PART 47
OFFSET  2.4387  0.3164 -8.2207
X  0.8422 -0.2900 -0.4546
Y  0.5136  0.6882  0.5125
Z  0.1643 -0.6651  0.7285

PART 48
OFFSET  1.6920  0.5735 -7.8177
X  0.9017  0.4178  0.1112
Y -0.3881  0.6687  0.6342
Z  0.1906 -0.6150  0.7651

PART 49
OFFSET  0.8354  0.1766 -7.9233
X -0.4736 -0.6504 -0.5938
Y -0.8491  0.1583  0.5039
Z -0.2337  0.7429 -0.6273

PART 50
OFFSET  0.3208 -2.0733 -9.0998
X -0.9410 -0.1963 -0.2756
Y  0.3007 -0.8587 -0.4150
Z -0.1552 -0.4734  0.8670

PART 51
OFFSET  2.7928 -1.5125 -8.5223
X -0.0634 -0.8386 -0.5410
Y  0.9794  0.0517 -0.1950
Z  0.1915 -0.5422  0.8181

PART 52
OFFSET  2.9007 -0.0847 -7.6013
X  0.9356 -0.1530 -0.3182
Y  0.3029  0.8110  0.5005
Z  0.1815 -0.5647  0.8051

PART 53
OFFSET  1.6041  0.1274 -7.1603
X  0.8149  0.5431  0.2023
Y -0.5523  0.6220  0.5550
Z  0.1756 -0.5641  0.8068

PART 54
OFFSET  0.7202 -0.4616 -7.3797
X -0.3436 -0.8280 -0.4432
Y -0.9266  0.2220  0.3036
Z -0.1530  0.5149 -0.8435

PART 55
OFFSET -4.8110 -2.7880 -10.6526
X -0.8850 -0.2588 -0.3871
Y -0.3908  0.8649  0.3151
Z  0.2533  0.4301 -0.8665

PART 56
OFFSET  2.4708 -3.2667 -7.2290
X -0.9571  0.1071 -0.2691
Y  0.0771 -0.8015 -0.5930
Z -0.2792 -0.5884  0.7589

PART 57
OFFSET  4.1560 -3.4551 -6.7552
X -0.2884 -0.7381 -0.6099
Y  0.9161 -0.3981  0.0485
Z -0.2786 -0.5448  0.7910

PART 58
OFFSET  4.4897 -2.5909 -5.9657
X  0.1283 -0.7948 -0.5932
Y  0.9516 -0.0699  0.2994
Z -0.2794 -0.6029  0.7473

PART 59
OFFSET  4.3448 -1.6932 -5.2957
X -0.9794  0.1522  0.1330
Y  0.2007  0.8107  0.5500
Z -0.0241  0.5654 -0.8245

PART 60
OFFSET  2.7859 -2.5554 -8.0134
X -0.1987 -0.8346 -0.5138
Y  0.9800 -0.1719 -0.0998
Z -0.0050 -0.5234  0.8521

PART 61
OFFSET  3.1741 -0.9250 -7.0096
X  0.8710 -0.4187 -0.2570
Y  0.4909  0.7626  0.4212
Z  0.0197 -0.4931  0.8698

PART 62
OFFSET  1.9020 -0.3134 -6.6341
X  0.8697  0.4511  0.2002
Y -0.4931  0.7758  0.3937
Z  0.0223 -0.4411  0.8972

PART 63
OFFSET  0.9164 -0.8207 -6.8669
X -0.3534 -0.8133 -0.4623
Y -0.9329  0.2696  0.2388
Z -0.0696  0.5157 -0.8540

PART 64
OFFSET  3.5600 -2.7023 -5.5115
X  0.9895 -0.0096  0.1444
Y -0.0909  0.7350  0.6720
Z -0.1126 -0.6781  0.7263

PART 65
OFFSET  3.5600 -2.7023 -5.5115
X  0.9895 -0.0096  0.1444
Y -0.0909  0.7350  0.6720
Z -0.1126 -0.6781  0.7263

PART 66
OFFSET  8.5729 -4.5589 -3.2218
X  0.9870 -0.0235  0.1592
Y -0.0909  0.7350  0.6720
Z -0.1328 -0.6777  0.7232

PART 67
OFFSET  7.6944 -2.9211 -4.6906
X  0.9895 -0.0096  0.1444
Y -0.0909  0.7350  0.6720
Z -0.1126 -0.6781  0.7263

PART 68
OFFSET  7.0244 -3.8312 -3.8083
X  0.9895 -0.0096  0.1444
Y -0.0909  0.7350  0.6720
Z -0.1126 -0.6781  0.7263

PART 69
OFFSET  6.0631 -1.9572 -5.9878
X  0.9895 -0.0096  0.1444
Y -0.0909  0.7350  0.6720
Z -0.1126 -0.6781  0.7263

PART 70
OFFSET  6.2825 -4.6467 -3.0166
X  0.9895 -0.0096  0.1444
Y -0.0909  0.7350  0.6720
Z -0.1126 -0.6781  0.7263

PART 71
OFFSET  14.1350 -3.2567 -3.3862
X  0.9895 -0.0096  0.1444
Y -0.0909  0.7350  0.6720
Z -0.1126 -0.6781  0.7263

PART 72
OFFSET  3.9529 -4.6859 -3.1687
X  0.9895 -0.0096  0.1444
Y -0.0909  0.7350  0.6720
Z -0.1126 -0.6781  0.7263

PART 73
OFFSET  5.6308 -4.3664 -3.3886
X  0.9895 -0.0096  0.1444
Y -0.0909  0.7350  0.6720
Z -0.1126 -0.6781  0.7263

PART 74
OFFSET  13.3926 -1.3852 -5.6227
X  0.9895 -0.0096  0.1444
Y -0.0909  0.7350  0.6720
Z -0.1126 -0.6781  0.7263

PART 75
OFFSET  18.3513 -2.8797 -3.8180
X  0.9212  0.3432  0.1831
Y  0.0853  0.2809 -0.9559
Z -0.3795  0.8963  0.2295

PART 76
OFFSET  16.7608  2.7731 -11.0063
X  0.8546 -0.5182  0.0340
Y  0.3755  0.6619  0.6488
Z -0.3587 -0.5417  0.7602

PART 77
OFFSET  23.5243 -0.0871 -5.6716
X  0.0909 -0.7350 -0.6720
Y  0.9895 -0.0096  0.1444
Z -0.1126 -0.6781  0.7263

PART 78
OFFSET  4.2204 -4.8880 -3.0062
X  0.9895 -0.0096  0.1444
Y -0.0909  0.7350  0.6720
Z -0.1126 -0.6781  0.7263

PART 79
OFFSET  21.4578 -2.0206 -3.8354
X  0.9895 -0.0096  0.1444
Y -0.0909  0.7350  0.6720
Z -0.1126 -0.6781  0.7263

PART 80
OFFSET  13.3941 -1.9423 -5.0122
X  0.9895 -0.0096  0.1444
Y -0.0909  0.7350  0.6720
Z -0.1126 -0.6781  0.7263

PART 81
OFFSET  28.5368 -3.8760 -0.8485
X  0.0909 -0.7350 -0.6720
Y  0.9895 -0.0096  0.1444
Z -0.1126 -0.6781  0.7263

PART 82
OFFSET  5.4932 -5.5239 -2.1587
X  0.9895 -0.0096  0.1444
Y -0.0909  0.7350  0.6720
Z -0.1126 -0.6781  0.7263

PART 83
OFFSET  0.0000 -0.0000 -0.0000
X  1.0000 -0.0000  0.0000
Y  0.0000  1.0000  0.0000
Z  0.0000 -0.0000  1.0000

PART 84
OFFSET  0.0000 -0.0000 -0.0000
X  1.0000  0.0000  0.0000
Y -0.0000  1.0000  0.0000
Z  0.0000 -0.0000  1.0000

PART 85
OFFSET  1.5404 -0.0000  4.1357
X  1.0000  0.0000  0.0000
Y -0.0000  1.0000  0.0000
Z  0.0000 -0.0000  1.0000

PART 86
OFFSET  0.0000 -0.0000 -0.0000
X  1.0000 -0.0000  0.0000
Y  0.0000  1.0000  0.0000
Z  0.0000 -0.0000  1.0000


FRAME 271
PART 0
OFFSET -4.6318 -0.0000 -1.3770
X  1.0000 -0.0000  0.0000
Y  0.0000  1.0000  0.0000
Z  0.0000 -0.0000  1.0000

PART 1
OFFSET -2.6015  6.9381 -8.1116
X  0.5565  0.2571 -0.7901
Y  0.3022 -0.9484 -0.0959
Z -0.7740 -0.1854 -0.6055

PART 2
OFFSET  4.1283  10.0480 -17.6668
X  0.7645 -0.3465  0.5436
Y -0.6305 -0.2258  0.7426
Z -0.1346 -0.9105 -0.3911

PART 3
OFFSET  10.6303  7.1009 -13.0429
X  0.7645 -0.3465  0.5436
Y -0.6178 -0.6345  0.4644
Z  0.1840 -0.6909 -0.6991

PART 4
OFFSET  12.4463  7.7477 -12.5990
X  0.7686 -0.3426  0.5403
Y  0.1414  0.9146  0.3788
Z -0.6239 -0.2147  0.7514

PART 5
OFFSET  12.1639  6.4085 -13.7768
X  0.7686 -0.3426  0.5403
Y  0.1414  0.9146  0.3788
Z -0.6239 -0.2147  0.7514

PART 6
OFFSET  11.2702  6.8801 -10.7438
X  0.7686 -0.3426  0.5403
Y  0.1414  0.9146  0.3788
Z -0.6239 -0.2147  0.7514

PART 7
OFFSET  10.9108  5.4353 -11.1478
X  0.7686 -0.3426  0.5403
Y  0.1414  0.9146  0.3788
Z -0.6239 -0.2147  0.7514

PART 8
OFFSET  10.9092  5.1826 -12.0111
X  0.7686 -0.3426  0.5403
Y  0.1414  0.9146  0.3788
Z -0.6239 -0.2147  0.7514

PART 9
OFFSET  12.9739  6.0386 -11.3763
X  0.7584 -0.2417  0.6053
Y -0.6001 -0.6213  0.5038
Z  0.2543 -0.7453 -0.6163

PART 10
OFFSET  12.8404  5.0243 -10.8709
X  0.3157 -0.9198  0.2330
Y -0.9385 -0.2666  0.2195
Z -0.1398 -0.2880 -0.9474

PART 11
OFFSET  13.4202  2.9968 -10.3989
X  0.7874 -0.4836  0.3822
Y -0.5729 -0.8031  0.1641
Z  0.2276 -0.3482 -0.9094

PART 12
OFFSET  14.7510  2.2250 -9.8935
X  0.9997  0.0097 -0.0243
Y  0.0171 -0.9453  0.3257
Z -0.0198 -0.3260 -0.9452

PART 13
OFFSET  15.8315  2.2045 -9.9575
X  0.7542  0.0218  0.6563
Y -0.5673  0.5249  0.6345
Z -0.3307 -0.8509  0.4082

PART 14
OFFSET  14.3096  6.3488 -11.5281
X  0.9645 -0.1453  0.2206
Y  0.0474 -0.7264 -0.6856
Z  0.2598  0.6717 -0.6937

PART 15
OFFSET  16.4447  5.8355 -11.0156
X  0.5587 -0.8195 -0.1275
Y -0.7375 -0.4206 -0.5283
Z  0.3793  0.3892 -0.8394

PART 16
OFFSET  17.2357  4.6752 -11.1961
X -0.6044 -0.5718 -0.5548
Y -0.6738  0.7384 -0.0269
Z  0.4250  0.3576 -0.8316

PART 17
OFFSET  16.6998  4.1683 -11.6880
X -0.9106  0.3161 -0.2663
Y  0.1518  0.8549  0.4960
Z  0.3845  0.4112 -0.8265

PART 18
OFFSET  15.8347  4.4686 -11.9410
X  0.5456 -0.8380  0.0118
Y  0.7491  0.4940  0.4414
Z -0.3757 -0.2320  0.8972

PART 19
OFFSET  14.0421  5.9868 -10.9741
X  0.9076 -0.0437  0.4176
Y  0.2649 -0.7122 -0.6501
Z  0.3258  0.7006 -0.6348

PART 20
OFFSET  16.4077  5.9350 -9.8971
X  0.6163 -0.7840 -0.0746
Y -0.6650 -0.4674 -0.5826
Z  0.4219  0.4086 -0.8094

PART 21
OFFSET  17.4569  4.6003 -10.0240
X -0.2659 -0.8015 -0.5357
Y -0.8552  0.4525 -0.2527
Z  0.4449  0.3909 -0.8058

PART 22
OFFSET  17.0884  3.4895 -10.7664
X -0.8952  0.1924 -0.4020
Y -0.0049  0.8977  0.4406
Z  0.4457  0.3964 -0.8026

PART 23
OFFSET  16.1176  3.6982 -11.2024
X  0.7582 -0.6509  0.0382
Y  0.4899  0.6073  0.6255
Z -0.4304 -0.4555  0.7793

PART 24
OFFSET  14.4953  3.9075 -9.0407
X  0.9004 -0.3145  0.3008
Y -0.0463  0.6181  0.7848
Z -0.4327 -0.7205  0.5419

PART 25
OFFSET  15.3819  4.9052 -8.4086
X  0.7351 -0.6716 -0.0924
Y -0.5393 -0.4968 -0.6800
Z  0.4108  0.5497 -0.7274

PART 26
OFFSET  16.6762  3.7228 -8.5713
X  0.5736 -0.7467 -0.3367
Y -0.7104 -0.2489 -0.6583
Z  0.4078  0.6168 -0.6733

PART 27
OFFSET  17.3487  2.7775 -8.9397
X  0.3797 -0.8488 -0.3679
Y -0.8033 -0.1052 -0.5862
Z  0.4589  0.5181 -0.7218

PART 28
OFFSET  17.7776  1.8187 -9.3552
X  0.7306  0.5171  0.4459
Y -0.6603  0.7012  0.2688
Z -0.1737 -0.4908  0.8538

PART 29
OFFSET  15.9977  5.4714 -9.1303
X  0.7132 -0.7006 -0.0224
Y -0.5425 -0.5314 -0.6506
Z  0.4440  0.4761 -0.7591

PART 30
OFFSET  17.3909  4.1026 -9.1740
X  0.3649 -0.8589 -0.3593
Y -0.8407 -0.1380 -0.5236
Z  0.4002  0.4931 -0.7725

PART 31
OFFSET  17.9238  2.8480 -9.6988
X -0.2179 -0.7717 -0.5976
Y -0.9103  0.3814 -0.1606
Z  0.3519  0.5090 -0.7856

PART 32
OFFSET  17.6801  1.9774 -10.3811
X  0.7260  0.3155  0.6110
Y -0.5286  0.8244  0.2024
Z -0.4398 -0.4700  0.7653

PART 33
OFFSET  15.7411  4.5824 -10.9458
X  0.2917  0.6667 -0.6859
Y -0.2544  0.7453  0.6163
Z  0.9221 -0.0053  0.3870

PART 34
OFFSET -7.2604 -4.8127 -5.4071
X -0.4206  0.7042  0.5720
Y  0.1298 -0.5773  0.8061
Z  0.8979  0.4134  0.1514

PART 35
OFFSET -2.1733 -13.3288 -12.3251
X -0.1191 -0.9564 -0.2668
Y  0.8134  0.0601 -0.5786
Z  0.5694 -0.2860  0.7707

PART 36
OFFSET -1.1602 -5.1946 -10.0556
X -0.1191 -0.9564 -0.2668
Y -0.7063  0.2705 -0.6542
Z  0.6978  0.1106 -0.7077

PART 37
OFFSET -2.2423 -3.5364 -10.1262
X -0.1255 -0.9559 -0.2655
Y -0.5807  0.2878 -0.7616
Z  0.8044  0.0586 -0.5912

PART 38
OFFSET -2.6317 -3.4002 -9.0012
X -0.1255 -0.9559 -0.2655
Y -0.5807  0.2878 -0.7616
Z  0.8044  0.0586 -0.5912

PART 39
OFFSET -1.6900 -3.6708 -8.0785
X -0.1255 -0.9559 -0.2655
Y -0.5807  0.2878 -0.7616
Z  0.8044  0.0586 -0.5912

PART 40
OFFSET -0.7950 -2.2627 -9.2375
X -0.9021  0.0802 -0.4241
Y  0.4047  0.4985 -0.7666
Z  0.1500 -0.8632 -0.4821

PART 41
OFFSET -0.8414 -2.4255 -8.1090
X -0.3711 -0.1352 -0.9187
Y  0.6434  0.6759 -0.3594
Z  0.6695 -0.7245 -0.1639

PART 42
OFFSET -0.1420 -2.1609 -6.0816
X -0.8906 -0.4187 -0.1777
Y  0.0820  0.2365 -0.9682
Z  0.4474 -0.8768 -0.1763

PART 43
OFFSET  1.2505 -1.3727 -5.8327
X -0.6219 -0.5787  0.5277
Y -0.5442 -0.1651 -0.8225
Z  0.5631 -0.7987 -0.2122

PART 44
OFFSET  1.9064 -0.7076 -6.3796
X -0.9329  0.0519  0.3563
Y  0.0943  0.9902  0.1027
Z -0.3475  0.1294 -0.9287

PART 45
OFFSET  0.3713 -1.6223 -9.6021
X -0.9259 -0.3487 -0.1452
Y  0.3769 -0.8290 -0.4132
Z  0.0237 -0.4373  0.8990

PART 46
OFFSET  2.4090 -0.8010 -9.0943
X -0.0237 -0.7795 -0.6260
Y  0.9817  0.1002 -0.1620
Z  0.1890 -0.6184  0.7628

PART 47
OFFSET  2.4426  0.3026 -8.2081
X  0.8418 -0.2949 -0.4522
Y  0.5145  0.6919  0.5066
Z  0.1635 -0.6591  0.7341

PART 48
OFFSET  1.6963  0.5640 -7.8071
X  0.9022  0.4176  0.1076
Y -0.3872  0.6746  0.6285
Z  0.1899 -0.6087  0.7703

PART 49
OFFSET  0.8391  0.1673 -7.9094
X -0.4745 -0.6548 -0.5883
Y -0.8489  0.1636  0.5026
Z -0.2329  0.7378 -0.6335

PART 50
OFFSET  0.3217 -2.0918 -9.0666
X -0.9413 -0.1974 -0.2739
Y  0.2996 -0.8626 -0.4077
Z -0.1557 -0.4658  0.8711

PART 51
OFFSET  2.7944 -1.5292 -8.4942
X -0.0645 -0.8431 -0.5338
Y  0.9795  0.0489 -0.1955
Z  0.1909 -0.5355  0.8227

PART 52
OFFSET  2.9042 -0.0938 -7.5853
X  0.9354 -0.1569 -0.3170
Y  0.3040  0.8148  0.4936
Z  0.1808 -0.5581  0.8099

PART 53
OFFSET  1.6079  0.1237 -7.1460
X  0.8156  0.5438  0.1977
Y -0.5515  0.6274  0.5498
Z  0.1749 -0.5574  0.8116

PART 54
OFFSET  0.7233 -0.4660 -7.3603
X -0.3446 -0.8313 -0.4361
Y -0.9263  0.2257  0.3018
Z -0.1524  0.5079 -0.8478

PART 55
OFFSET -4.8112 -2.8133 -10.6129
X -0.8853 -0.2610 -0.3848
Y -0.3897  0.8680  0.3078
Z  0.2537  0.4224 -0.8702

PART 56
OFFSET  2.4703 -3.2719 -7.1859
X -0.9570  0.1060 -0.2699
Y  0.0760 -0.8066 -0.5862
Z -0.2798 -0.5815  0.7639

PART 57
OFFSET  4.1553 -3.4584 -6.7107
X -0.2894 -0.7429 -0.6036
Y  0.9156 -0.3988  0.0518
Z -0.2792 -0.5377  0.7956

PART 58
OFFSET  4.4902 -2.5880 -5.9286
X  0.1272 -0.8000 -0.5864
Y  0.9515 -0.0685  0.2999
Z -0.2801 -0.5961  0.7525

PART 59
OFFSET  4.3465 -1.6844 -5.2662
X -0.9791  0.1546  0.1318
Y  0.2018  0.8151  0.5431
Z -0.0235  0.5584 -0.8293

PART 60
OFFSET  2.7863 -2.5677 -7.9763
X -0.1998 -0.8387 -0.5067
Y  0.9798 -0.1740 -0.0984
Z -0.0056 -0.5161  0.8565

PART 61
OFFSET  3.1766 -0.9293 -6.9865
X  0.8704 -0.4219 -0.2535
Y  0.4919  0.7656  0.4147
Z  0.0191 -0.4857  0.8739

PART 62
OFFSET  1.9052 -0.3130 -6.6161
X  0.8703  0.4517  0.1963
Y -0.4921  0.7798  0.3871
Z  0.0218 -0.4335  0.9009

PART 63
OFFSET  0.9190 -0.8211 -6.8446
X -0.3544 -0.8167 -0.4553
Y -0.9325  0.2728  0.2366
Z -0.0690  0.5085 -0.8583

PART 64
OFFSET  3.5604 -2.6943 -5.4734
X  0.9895 -0.0096  0.1444
Y -0.0900  0.7408  0.6657
Z -0.1134 -0.6717  0.7321

PART 65
OFFSET  3.5604 -2.6943 -5.4734
X  0.9895 -0.0096  0.1444
Y -0.0900  0.7408  0.6657
Z -0.1134 -0.6717  0.7321

PART 66
OFFSET  8.5711 -4.5376 -3.1684
X  0.9869 -0.0233  0.1593
Y -0.0900  0.7408  0.6657
Z -0.1336 -0.6714  0.7290

PART 67
OFFSET  7.6946 -2.9112 -4.6510
X  0.9895 -0.0096  0.1444
Y -0.0900  0.7408  0.6657
Z -0.1134 -0.6717  0.7321

PART 68
OFFSET  7.0235 -3.8130 -3.7608
X  0.9895 -0.0096  0.1444
Y -0.0900  0.7408  0.6657
Z -0.1134 -0.6717  0.7321

PART 69
OFFSET  6.0643 -1.9564 -5.9561
X  0.9895 -0.0096  0.1444
Y -0.0900  0.7408  0.6657
Z -0.1134 -0.6717  0.7321

PART 70
OFFSET  6.2807 -4.6208 -2.9623
X  0.9895 -0.0096  0.1444
Y -0.0900  0.7408  0.6657
Z -0.1134 -0.6717  0.7321

PART 71
OFFSET  14.1349 -3.2437 -3.3443
X  0.9895 -0.0096  0.1444
Y -0.0900  0.7408  0.6657
Z -0.1134 -0.6717  0.7321

PART 72
OFFSET  3.9510 -4.6584 -3.1138
X  0.9895 -0.0096  0.1444
Y -0.0900  0.7408  0.6657
Z -0.1134 -0.6717  0.7321

PART 73
OFFSET  5.6293 -4.3429 -3.3366
X  0.9895 -0.0096  0.1444
Y -0.0900  0.7408  0.6657
Z -0.1134 -0.6717  0.7321

PART 74
OFFSET  13.3946 -1.3904 -5.5965
X  0.9895 -0.0096  0.1444
Y -0.0900  0.7408  0.6657
Z -0.1134 -0.6717  0.7321

PART 75
OFFSET  18.3516 -2.8756 -3.7796
X  0.9217  0.3436  0.1801
Y  0.0856  0.2727 -0.9583
Z -0.3784  0.8986  0.2219

PART 76
OFFSET  16.5664  2.2239 -9.9494
X  0.8247 -0.5546  0.1111
Y  0.3153  0.6138  0.7238
Z -0.4696 -0.5618  0.6811

PART 77
OFFSET  23.5280 -0.1053 -5.6572
X  0.0900 -0.7408 -0.6657
Y  0.9895 -0.0096  0.1444
Z -0.1134 -0.6717  0.7321

PART 78
OFFSET  4.2183 -4.8594 -2.9496
X  0.9895 -0.0096  0.1444
Y -0.0900  0.7408  0.6657
Z -0.1134 -0.6717  0.7321

PART 79
OFFSET  21.4592 -2.0206 -3.8045
X  0.9895 -0.0096  0.1444
Y -0.0900  0.7408  0.6657
Z -0.1134 -0.6717  0.7321

PART 80
OFFSET  13.3954 -1.9423 -4.9813
X  0.9895 -0.0096  0.1444
Y -0.0900  0.7408  0.6657
Z -0.1134 -0.6717  0.7321

PART 81
OFFSET  28.5361 -3.8593 -0.8025
X  0.0900 -0.7408 -0.6657
Y  0.9895 -0.0096  0.1444
Z -0.1134 -0.6717  0.7321

PART 82
OFFSET  5.4904 -5.4897 -2.0969
X  0.9895 -0.0096  0.1444
Y -0.0900  0.7408  0.6657
Z -0.1134 -0.6717  0.7321

PART 83
OFFSET  0.0000 -0.0000 -0.0000
X  1.0000 -0.0000  0.0000
Y  0.0000  1.0000  0.0000
Z  0.0000 -0.0000  1.0000

PART 84
OFFSET  0.0000 -0.0000 -0.0000
X  1.0000  0.0000  0.0000
Y -0.0000  1.0000  0.0000
Z  0.0000 -0.0000  1.0000

PART 85
OFFSET  1.5404 -0.0000  4.1357
X  1.0000  0.0000  0.0000
Y -0.0000  1.0000  0.0000
Z  0.0000 -0.0000  1.0000

PART 86
OFFSET  0.0000 -0.0000 -0.0000
X  1.0000 -0.0000  0.0000
Y  0.0000  1.0000  0.0000
Z  0.0000 -0.0000  1.0000


FRAME 272
PART 0
OFFSET -4.6318 -0.0000 -1.3770
X  1.0000 -0.0000  0.0000
Y  0.0000  1.0000  0.0000
Z  0.0000 -0.0000  1.0000

PART 1
OFFSET -2.6015  6.9381 -8.1116
X  0.6045  0.2375 -0.7604
Y  0.2852 -0.9558 -0.0719
Z -0.7438 -0.1734 -0.6455

PART 2
OFFSET  4.7093  9.8110 -17.3073
X  0.7266 -0.3584  0.5862
Y -0.6739 -0.2056  0.7096
Z -0.1338 -0.9107 -0.3909

PART 3
OFFSET  10.8893  6.7628 -12.3215
X  0.7266 -0.3584  0.5862
Y -0.6416 -0.6592  0.3923
Z  0.2458 -0.6611 -0.7089

PART 4
OFFSET  12.6931  7.3737 -11.7862
X  0.7310 -0.3546  0.5830
Y  0.1414  0.9145  0.3789
Z -0.6676 -0.1945  0.7187

PART 5
OFFSET  12.4439  6.0308 -12.9674
X  0.7310 -0.3546  0.5830
Y  0.1414  0.9145  0.3789
Z -0.6676 -0.1945  0.7187

PART 6
OFFSET  11.4010  6.5480 -9.9900
X  0.7310 -0.3546  0.5830
Y  0.1414  0.9145  0.3789
Z -0.6676 -0.1945  0.7187

PART 7
OFFSET  11.0316  5.1080 -10.4017
X  0.7310 -0.3546  0.5830
Y  0.1414  0.9145  0.3789
Z -0.6676 -0.1945  0.7187

PART 8
OFFSET  11.0702  4.8479 -11.2620
X  0.7310 -0.3546  0.5830
Y  0.1414  0.9145  0.3789
Z -0.6676 -0.1945  0.7187

PART 9
OFFSET  13.1168  5.6642 -10.5244
X  0.6612 -0.3048  0.6856
Y -0.6820 -0.6250  0.3799
Z  0.3127 -0.7187 -0.6210

PART 10
OFFSET  12.8845  4.6288 -10.1044
X  0.2495 -0.9428  0.2209
Y -0.9682 -0.2390  0.0735
Z -0.0165 -0.2322 -0.9725

PART 11
OFFSET  13.3253  2.5575 -9.6745
X  0.7102 -0.5347  0.4579
Y -0.6166 -0.7864  0.0380
Z  0.3398 -0.3093 -0.8882

PART 12
OFFSET  14.5466  1.7065 -9.0370
X  0.9928 -0.0349  0.1145
Y -0.0649 -0.9608  0.2697
Z  0.1006 -0.2752 -0.9561

PART 13
OFFSET  15.6237  1.6398 -8.9523
X  0.6549 -0.0470  0.7543
Y -0.6303  0.5167  0.5794
Z -0.4170 -0.8549  0.3088

PART 14
OFFSET  14.4697  5.9302 -10.4765
X  0.9206 -0.1949  0.3385
Y  0.1178 -0.6879 -0.7162
Z  0.3724  0.6992 -0.6103

PART 15
OFFSET  16.4983  5.3062 -9.7149
X  0.5393 -0.8353 -0.1071
Y -0.6762 -0.3538 -0.6462
Z  0.5018  0.4209 -0.7556

PART 16
OFFSET  17.2618  4.1236 -9.8666
X -0.5698 -0.4802 -0.6669
Y -0.6152  0.7873 -0.0412
Z  0.5448  0.3868 -0.7440

PART 17
OFFSET  16.7566  3.6979 -10.4579
X -0.8428  0.4332 -0.3194
Y  0.1787  0.7850  0.5931
Z  0.5077  0.4428 -0.7390

PART 18
OFFSET  15.9560  4.1094 -10.7613
X  0.4590 -0.8882 -0.0212
Y  0.7414  0.3699  0.5599
Z -0.4895 -0.2727  0.8283

PART 19
OFFSET  14.1182  5.5482 -9.9866
X  0.8405 -0.1024  0.5320
Y  0.3287 -0.6842 -0.6510
Z  0.4307  0.7221 -0.5414

PART 20
OFFSET  16.3125  5.3438 -8.6075
X  0.5909 -0.8054 -0.0452
Y -0.5989 -0.4004 -0.6935
Z  0.5405  0.4369 -0.7190

PART 21
OFFSET  17.3186  3.9726 -8.6846
X -0.2518 -0.7355 -0.6291
Y -0.7878  0.5333 -0.3082
Z  0.5621  0.4180 -0.7136

PART 22
OFFSET  16.9697  2.9533 -9.5564
X -0.8259  0.3209 -0.4636
Y  0.0317  0.8474  0.5301
Z  0.5629  0.4231 -0.7100

PART 23
OFFSET  16.0739  3.3013 -10.0591
X  0.6863 -0.7261  0.0421
Y  0.4751  0.4913  0.7300
Z -0.5507 -0.4810  0.6822

PART 24
OFFSET  14.2397  3.3471 -8.1407
X  0.8409 -0.3657  0.3989
Y -0.1335  0.5741  0.8078
Z -0.5244 -0.7325  0.4340

PART 25
OFFSET  15.0625  4.2723 -7.3358
X  0.6855 -0.7267 -0.0441
Y -0.4833 -0.4090 -0.7740
Z  0.5444  0.5519 -0.6316

PART 26
OFFSET  16.2695  2.9929 -7.4134
X  0.5500 -0.7741 -0.3135
Y -0.6373 -0.1463 -0.7566
Z  0.5398  0.6159 -0.5738

PART 27
OFFSET  16.9053  2.0144 -7.7597
X  0.3377 -0.8564 -0.3907
Y -0.7345  0.0198 -0.6783
Z  0.5886  0.5160 -0.6223

PART 28
OFFSET  17.2867  1.0471 -8.2009
X  0.7187  0.4061  0.5644
Y -0.6174  0.7460  0.2495
Z -0.3198 -0.5278  0.7869

PART 29
OFFSET  15.7879  4.8539 -7.9324
X  0.6794 -0.7333  0.0259
Y -0.4724 -0.4641 -0.7493
Z  0.5615  0.4968 -0.6617

PART 30
OFFSET  17.1151  3.4213 -7.8818
X  0.3611 -0.8545 -0.3733
Y -0.7737 -0.0510 -0.6316
Z  0.5206  0.5169 -0.6795

PART 31
OFFSET  17.6425  2.1731 -8.4271
X -0.1918 -0.7103 -0.6773
Y -0.8587  0.4557 -0.2347
Z  0.4753  0.5365 -0.6973

PART 32
OFFSET  17.4292  1.3721 -9.1989
X  0.6651  0.2193  0.7138
Y -0.4967  0.8437  0.2036
Z -0.5576 -0.4900  0.6701

PART 33
OFFSET  15.7533  4.0795 -9.8169
X  0.4028  0.6925 -0.5986
Y -0.3127  0.7187  0.6210
Z  0.8602 -0.0630  0.5060

PART 34
OFFSET -7.2604 -4.8127 -5.4071
X -0.4196  0.7050  0.5718
Y  0.1248 -0.5792  0.8056
Z  0.8991  0.4094  0.1551

PART 35
OFFSET -2.1858 -13.3384 -12.3225
X -0.1203 -0.9553 -0.2702
Y  0.8158  0.0600 -0.5752
Z  0.5656 -0.2896  0.7721

PART 36
OFFSET -1.1630 -5.2135 -10.0242
X -0.1203 -0.9553 -0.2702
Y -0.6836  0.2771 -0.6752
Z  0.7199  0.1035 -0.6863

PART 37
OFFSET -2.2410 -3.5526 -10.0941
X -0.1267 -0.9548 -0.2689
Y -0.5769  0.2914 -0.7630
Z  0.8069  0.0585 -0.5878

PART 38
OFFSET -2.6346 -3.4188 -8.9703
X -0.1267 -0.9548 -0.2689
Y -0.5769  0.2914 -0.7630
Z  0.8069  0.0585 -0.5878

PART 39
OFFSET -1.6972 -3.6945 -8.0446
X -0.1267 -0.9548 -0.2689
Y -0.5769  0.2914 -0.7630
Z  0.8069  0.0585 -0.5878

PART 40
OFFSET -0.7943 -2.2850 -9.1958
X -0.9020  0.0772 -0.4248
Y  0.4054  0.4901 -0.7717
Z  0.1486 -0.8682 -0.4734

PART 41
OFFSET -0.8408 -2.4362 -8.0656
X -0.3714 -0.1440 -0.9172
Y  0.6444  0.6712 -0.3663
Z  0.6684 -0.7271 -0.1566

PART 42
OFFSET -0.1408 -2.1521 -6.0410
X -0.8912 -0.4192 -0.1733
Y  0.0822  0.2265 -0.9705
Z  0.4461 -0.8792 -0.1674

PART 43
OFFSET  1.2528 -1.3634 -5.8003
X -0.6227 -0.5723  0.5336
Y -0.5446 -0.1727 -0.8207
Z  0.5619 -0.8016 -0.2042

PART 44
OFFSET  1.9097 -0.7049 -6.3540
X -0.9328  0.0569  0.3559
Y  0.0957  0.9911  0.0926
Z -0.3474  0.1204 -0.9299

PART 45
OFFSET  0.3730 -1.6501 -9.5669
X -0.9265 -0.3488 -0.1415
Y  0.3757 -0.8337 -0.4048
Z  0.0232 -0.4282  0.9034

PART 46
OFFSET  2.4119 -0.8266 -9.0677
X -0.0250 -0.7858 -0.6180
Y  0.9818  0.0971 -0.1631
Z  0.1882 -0.6109  0.7691

PART 47
OFFSET  2.4472  0.2859 -8.1927
X  0.8413 -0.3007 -0.4493
Y  0.5156  0.6962  0.4995
Z  0.1626 -0.6518  0.7407

PART 48
OFFSET  1.7013  0.5525 -7.7944
X  0.9029  0.4173  0.1033
Y -0.3861  0.6815  0.6217
Z  0.1891 -0.6012  0.7764

PART 49
OFFSET  0.8436  0.1560 -7.8925
X -0.4755 -0.6601 -0.5815
Y -0.8486  0.1700  0.5010
Z -0.2318  0.7317 -0.6410

PART 50
OFFSET  0.3227 -2.1140 -9.0267
X -0.9416 -0.1988 -0.2718
Y  0.2983 -0.8671 -0.3990
Z -0.1563 -0.4567  0.8758

PART 51
OFFSET  2.7963 -1.5493 -8.4602
X -0.0658 -0.8484 -0.5252
Y  0.9795  0.0454 -0.1961
Z  0.1902 -0.5274  0.8281

PART 52
OFFSET  2.9083 -0.1049 -7.5660
X  0.9351 -0.1615 -0.3155
Y  0.3052  0.8194  0.4853
Z  0.1801 -0.5501  0.8155

PART 53
OFFSET  1.6123  0.1190 -7.1287
X  0.8165  0.5445  0.1920
Y -0.5505  0.6338  0.5434
Z  0.1742 -0.5494  0.8172

PART 54
OFFSET  0.7268 -0.4716 -7.3370
X -0.3459 -0.8352 -0.4276
Y -0.9259  0.2301  0.2995
Z -0.1518  0.4995 -0.8529

PART 55
OFFSET -4.8114 -2.8436 -10.5651
