// Export filename: `C:\projects\cod\t5\xanim_export\t5_viewmodels\ak47\ak47_grenadier_gl_sprint_out.XANIM_EXPORT`
// Source filename: `D:\projects\devanim\t5\animation_assets\viewmodels\ak47\ViewModel_AK47_GrenadeLauncher_animated.fbx`
// Export time: Sat Jun 05 16:37:22 2010

ANIMATION
VERSION 3

NUMPARTS 77
PART 0 "tag_ads"
PART 1 "tag_torso"
PART 2 "J_Shoulder_LE"
PART 3 "J_Elbow_LE"
PART 4 "J_WristTwist_LE"
PART 5 "J_Sleave_Reshape_Bottom_LE_1"
PART 6 "J_Sleave_Reshape_Bottom_LE_2"
PART 7 "J_Sleave_Reshape_Top_LE_1"
PART 8 "J_Sleave_Reshape_Top_LE_2"
PART 9 "J_Sleave_Reshape_Top_LE_3"
PART 10 "J_Wrist_LE"
PART 11 "J_Thumb_LE_0"
PART 12 "J_Thumb_LE_1"
PART 13 "J_Thumb_LE_2"
PART 14 "J_Thumb_LE_3"
PART 15 "J_PinkyPalm_LE"
PART 16 "J_Pinky_LE_0"
PART 17 "J_Pinky_LE_1"
PART 18 "J_Pinky_LE_2"
PART 19 "J_Pinky_LE_3"
PART 20 "J_RingPalm_LE"
PART 21 "J_Ring_LE_0"
PART 22 "J_Ring_LE_1"
PART 23 "J_Ring_LE_2"
PART 24 "J_Ring_LE_3"
PART 25 "J_Webbing_LE"
PART 26 "J_Index_LE_0"
PART 27 "J_Index_LE_1"
PART 28 "J_Index_LE_2"
PART 29 "J_Index_LE_3"
PART 30 "J_Mid_LE_0"
PART 31 "J_Mid_LE_1"
PART 32 "J_Mid_LE_2"
PART 33 "J_Mid_LE_3"
PART 34 "tag_knife_attach"
PART 35 "tag_weapon"
PART 36 "J_Gun"
PART 37 "J_bolt"
PART 38 "TAG_CLIP"
PART 39 "TAG_FLASH"
PART 40 "TAG_BOUNCING_GRENADE_LAUNCHER"
PART 41 "J_BOUNCING_TRIGGER"
PART 42 "J_BOUNCING_GRENADE_AMMO"
PART 43 "J_BOUNCING_GRENADE_TIP"
PART 44 "J_Shoulder_RI"
PART 45 "J_Elbow_RI"
PART 46 "J_WristTwist_RI"
PART 47 "J_Sleave_Reshape_Top_RI_3"
PART 48 "J_Sleave_Reshape_Top_RI_2"
PART 49 "J_Sleave_Reshape_Top_RI_1"
PART 50 "J_Wrist_RI"
PART 51 "J_Thumb_RI_0"
PART 52 "J_Thumb_RI_1"
PART 53 "J_Thumb_RI_2"
PART 54 "J_Thumb_RI_3"
PART 55 "J_PinkyPalm_RI"
PART 56 "J_Pinky_RI_0"
PART 57 "J_Pinky_RI_1"
PART 58 "J_Pinky_RI_2"
PART 59 "J_Pinky_RI_3"
PART 60 "J_RingPalm_RI"
PART 61 "J_Ring_RI_0"
PART 62 "J_Ring_RI_1"
PART 63 "J_Ring_RI_2"
PART 64 "J_Ring_RI_3"
PART 65 "J_Webbing_RI"
PART 66 "J_Index_RI_0"
PART 67 "J_Index_RI_1"
PART 68 "J_Index_RI_2"
PART 69 "J_Index_RI_3"
PART 70 "J_Mid_RI_0"
PART 71 "J_Mid_RI_1"
PART 72 "J_Mid_RI_2"
PART 73 "J_Mid_RI_3"
PART 74 "tag_cambone"
PART 75 "tag_camera"
PART 76 "tag_gasmask"

FRAMERATE 30
NUMFRAMES 11

FRAME 1940
PART 0
OFFSET -4.6318 -0.0000 -1.3770
X  1.0000 -0.0000  0.0000
Y  0.0000  1.0000  0.0000
Z  0.0000 -0.0000  1.0000

PART 1
OFFSET -4.6318 -0.0000 -1.3770
X  1.0000 -0.0000  0.0000
Y  0.0000  1.0000  0.0000
Z  0.0000 -0.0000  1.0000

PART 2
OFFSET -3.5060  6.3408 -6.7125
X  0.7037 -0.0143 -0.7104
Y -0.0301 -0.9995 -0.0097
Z -0.7099  0.0282 -0.7037

PART 3
OFFSET  5.0039  6.1681 -15.3040
X  0.8195 -0.4985  0.2826
Y -0.4219 -0.1912  0.8862
Z -0.3877 -0.8455 -0.3671

PART 4
OFFSET  11.9743  1.9281 -12.9002
X  0.8195 -0.4985  0.2826
Y -0.0387  0.4439  0.8952
Z -0.5717 -0.7446  0.3445

PART 5
OFFSET  14.1384  2.8853 -12.5469
X  0.8230 -0.4951  0.2784
Y  0.3915  0.8496  0.3535
Z -0.4115 -0.1819  0.8931

PART 6
OFFSET  13.0520  1.0453 -13.9943
X  0.8230 -0.4951  0.2784
Y  0.3915  0.8496  0.3535
Z -0.4115 -0.1819  0.8931

PART 7
OFFSET  13.4804  1.8781 -10.5622
X  0.8230 -0.4951  0.2784
Y  0.3915  0.8496  0.3535
Z -0.4115 -0.1819  0.8931

PART 8
OFFSET  12.5814  0.3568 -10.9856
X  0.8230 -0.4951  0.2784
Y  0.3915  0.8496  0.3535
Z -0.4115 -0.1819  0.8931

PART 9
OFFSET  12.0494 -0.3216 -11.9887
X  0.8230 -0.4951  0.2784
Y  0.3915  0.8496  0.3535
Z -0.4115 -0.1819  0.8931

PART 10
OFFSET  14.4867  0.3999 -12.0338
X  0.7514  0.6353 -0.1780
Y -0.1371  0.4142  0.8998
Z  0.6454 -0.6518  0.3983

PART 11
OFFSET  14.9574  0.8178 -11.0819
X  0.8620  0.2873  0.4177
Y -0.5018  0.3662  0.7837
Z  0.0722 -0.8851  0.4598

PART 12
OFFSET  16.7714  1.4250 -10.0767
X  0.8488  0.2153 -0.4829
Y  0.3889  0.3645  0.8461
Z  0.3581 -0.9060  0.2257

PART 13
OFFSET  18.1586  1.6493 -10.8814
X  0.1765 -0.3930 -0.9024
Y  0.9623  0.2614  0.0744
Z  0.2067 -0.8816  0.4244

PART 14
OFFSET  18.3753  1.1884 -11.8366
X  0.1959  0.3300 -0.9234
Y -0.5469  0.8184  0.1765
Z  0.8139  0.4705  0.3408

PART 15
OFFSET  15.3998  0.3623 -13.0673
X  0.7950  0.2846 -0.5356
Y  0.5913 -0.5607  0.5797
Z -0.1353 -0.7776 -0.6141

PART 16
OFFSET  17.2783  1.0463 -14.1103
X  0.8943 -0.2257  0.3863
Y -0.4467 -0.4020  0.7993
Z -0.0252 -0.8874 -0.4603

PART 17
OFFSET  18.5445  0.7267 -13.5634
X -0.3905 -0.4341  0.8118
Y -0.9201  0.1545 -0.3600
Z  0.0308 -0.8875 -0.4597

PART 18
OFFSET  18.1982  0.3419 -12.8436
X -0.7934 -0.2794  0.5408
Y -0.6081  0.4034 -0.6837
Z -0.0271 -0.8713 -0.4900

PART 19
OFFSET  17.4445  0.0764 -12.3299
X  0.9925  0.0864  0.0865
Y  0.0481  0.3743 -0.9261
Z -0.1124  0.9233  0.3673

PART 20
OFFSET  15.3838  0.8683 -12.5641
X  0.7611  0.4735 -0.4433
Y  0.6353 -0.6822  0.3620
Z -0.1310 -0.5571 -0.8200

PART 21
OFFSET  17.4276  1.9807 -13.7233
X  0.9151 -0.2915  0.2787
Y -0.3922 -0.4821  0.7834
Z -0.0941 -0.8262 -0.5555

PART 22
OFFSET  18.9855  1.4843 -13.2489
X -0.3521 -0.5004  0.7910
Y -0.9337  0.2465 -0.2596
Z -0.0650 -0.8300 -0.5540

PART 23
OFFSET  18.4976  0.7908 -12.1526
X -0.9777 -0.0607  0.2012
Y -0.2002  0.5596 -0.8042
Z -0.0637 -0.8266 -0.5592

PART 24
OFFSET  17.4373  0.7250 -11.9345
X  0.9123 -0.3106  0.2671
Y  0.3992  0.5282 -0.7494
Z  0.0916  0.7903  0.6059

PART 25
OFFSET  16.9314  2.6668 -10.9402
X  0.9130  0.3365 -0.2307
Y -0.4040  0.8239 -0.3974
Z  0.0564  0.4560  0.8882

PART 26
OFFSET  17.0714  3.4301 -12.1966
X  0.8473  0.3599 -0.3906
Y  0.5046 -0.7750  0.3804
Z -0.1658 -0.5194 -0.8383

PART 27
OFFSET  18.5632  4.0639 -12.8844
X  0.9562  0.0244 -0.2918
Y  0.1607 -0.8768  0.4532
Z -0.2448 -0.4803 -0.8423

PART 28
OFFSET  19.7404  4.1227 -13.1880
X  0.9812 -0.1899 -0.0346
Y -0.1467 -0.8499  0.5062
Z -0.1255 -0.4916 -0.8617

PART 29
OFFSET  20.8487  3.9082 -13.2270
X -0.2223  0.6908 -0.6881
Y -0.9541 -0.0089  0.2993
Z  0.2006  0.7230  0.6611

PART 30
OFFSET  17.2558  2.7962 -13.0823
X  0.9442 -0.3197  0.0791
Y -0.2526 -0.5488  0.7969
Z -0.2113 -0.7725 -0.5989

PART 31
OFFSET  19.1004  2.1717 -12.9277
X -0.3127 -0.5100  0.8013
Y -0.9138  0.3916 -0.1074
Z -0.2591 -0.7658 -0.5885

PART 32
OFFSET  18.6436  1.4268 -11.7573
X -0.9057  0.0056  0.4239
Y -0.3075  0.6797 -0.6660
Z -0.2918 -0.7335 -0.6139

PART 33
OFFSET  17.6160  1.4274 -11.2811
X  0.9095 -0.3915  0.1396
Y  0.3250  0.4604 -0.8261
Z  0.2591  0.7967  0.5460

PART 34
OFFSET  17.5814  0.9060 -12.3942
X -0.1387 -0.6128 -0.7780
Y -0.6454  0.6518 -0.3983
Z  0.7511  0.4469 -0.4859

PART 35
OFFSET  10.2443 -1.9509 -7.0301
X  0.7570  0.5117 -0.4063
Y -0.6468  0.4986 -0.5771
Z -0.0927  0.6997  0.7084

PART 36
OFFSET  10.2443 -1.9509 -7.0301
X  0.7570  0.5117 -0.4063
Y -0.6468  0.4986 -0.5771
Z -0.0927  0.6997  0.7084

PART 37
OFFSET  14.2205  2.2705 -7.3512
X  0.7550  0.5259 -0.3917
Y -0.6468  0.4986 -0.5771
Z -0.1082  0.6891  0.7166

PART 38
OFFSET  13.3971  0.4071 -8.5523
X  0.7570  0.5117 -0.4063
Y -0.6468  0.4986 -0.5771
Z -0.0927  0.6997  0.7084

PART 39
OFFSET  25.5783  7.5985 -15.9923
X  0.7570  0.5117 -0.4063
Y -0.6468  0.4986 -0.5771
Z -0.0927  0.6997  0.7084

PART 40
OFFSET  4.3104 -8.8616 -6.3504
X  0.7570  0.5117 -0.4063
Y -0.6468  0.4986 -0.5771
Z -0.0927  0.6997  0.7084

PART 41
OFFSET  19.7360  3.7117 -12.7801
X  0.7570  0.5117 -0.4063
Y -0.6468  0.4986 -0.5771
Z -0.0927  0.6997  0.7084

PART 42
OFFSET  21.7941  4.9971 -13.9714
X  0.7570  0.5117 -0.4063
Y -0.6468  0.4986 -0.5771
Z -0.0927  0.6997  0.7084

PART 43
OFFSET  25.1281  7.2508 -15.7609
X  0.7570  0.5117 -0.4063
Y -0.6468  0.4986 -0.5771
Z -0.0927  0.6997  0.7084

PART 44
OFFSET -10.8444 -11.7139 -5.9426
X -0.9335  0.3392 -0.1162
Y -0.2261 -0.3051  0.9251
Z  0.2783  0.8899  0.3615

PART 45
OFFSET  0.4454 -15.8159 -4.5369
X -0.6498 -0.7518  0.1117
Y  0.7582 -0.6311  0.1637
Z -0.0526  0.1911  0.9802

PART 46
OFFSET  5.9725 -9.4213 -5.4867
X -0.6498 -0.7518  0.1117
Y  0.4908 -0.5273 -0.6936
Z  0.5803 -0.3959  0.7117

PART 47
OFFSET  6.4544 -8.1393 -6.9322
X -0.6541 -0.7487  0.1078
Y  0.0434 -0.1794 -0.9828
Z  0.7551 -0.6382  0.1498

PART 48
OFFSET  5.9679 -7.1353 -6.4392
X -0.6541 -0.7487  0.1078
Y  0.0434 -0.1794 -0.9828
Z  0.7551 -0.6382  0.1498

PART 49
OFFSET  6.0690 -6.8919 -5.0961
X -0.6541 -0.7487  0.1078
Y  0.0434 -0.1794 -0.9828
Z  0.7551 -0.6382  0.1498

PART 50
OFFSET  7.9647 -7.1164 -5.8291
X -0.6066 -0.7425  0.2840
Y  0.4179 -0.6017 -0.6807
Z  0.6763 -0.2942  0.6753

PART 51
OFFSET  7.5567 -6.0810 -5.5773
X  0.1113 -0.9710  0.2117
Y  0.3794 -0.1554 -0.9121
Z  0.9185  0.1819  0.3511

PART 52
OFFSET  7.2275 -3.9803 -5.9626
X -0.4816 -0.4593  0.7464
Y  0.3435 -0.8825 -0.3214
Z  0.8063  0.1016  0.5827

PART 53
OFFSET  7.9351 -3.3029 -7.2521
X -0.4685  0.3079  0.8281
Y -0.0549 -0.9457  0.3205
Z  0.8818  0.1047  0.4599

PART 54
OFFSET  8.4023 -3.6245 -8.1741
X -0.9236 -0.0349  0.3819
Y -0.3828  0.0257 -0.9235
Z  0.0224 -0.9991 -0.0371

PART 55
OFFSET  8.7888 -7.0730 -6.9347
X -0.5528 -0.4503  0.7011
Y  0.8206 -0.1478  0.5521
Z -0.1450  0.8806  0.4512

PART 56
OFFSET  9.9092 -5.9148 -8.5121
X  0.5548 -0.5015  0.6639
Y  0.8233  0.2158 -0.5249
Z  0.1199  0.8378  0.5326

PART 57
OFFSET  9.1238 -5.2048 -9.4520
X  0.9894 -0.0624 -0.1313
Y -0.0698  0.5886 -0.8054
Z  0.1275  0.8060  0.5780

PART 58
OFFSET  8.2466 -5.1495 -9.3356
X  0.5188  0.3995 -0.7558
Y -0.8473  0.3579 -0.3925
Z  0.1137  0.8440  0.5242

PART 59
OFFSET  7.7537 -5.5291 -8.6175
X  0.1186 -0.6523  0.7487
Y -0.9592  0.1197  0.2563
Z -0.2568 -0.7485 -0.6114

PART 60
OFFSET  8.7390 -6.5508 -6.4505
X -0.5794 -0.5903  0.5620
Y  0.7695 -0.1688  0.6160
Z -0.2688  0.7893  0.5520

PART 61
OFFSET  10.2996 -5.1397 -7.9775
X  0.5126 -0.4258  0.7457
Y  0.8563  0.1897 -0.4803
Z  0.0631  0.8847  0.4618

PART 62
OFFSET  9.4270 -4.4148 -9.2469
X  0.9548  0.0830 -0.2855
Y -0.2891  0.4833 -0.8263
Z  0.0694  0.8715  0.4855

PART 63
OFFSET  8.1037 -4.5298 -8.8513
X  0.3595  0.4358 -0.8252
Y -0.9310  0.2278 -0.2853
Z  0.0636  0.8708  0.4876

PART 64
OFFSET  7.7138 -5.0024 -7.9564
X  0.2404 -0.4443  0.8630
Y -0.9706 -0.1008  0.2185
Z -0.0101 -0.8902 -0.4555

PART 65
OFFSET  5.4492 -9.8557 -3.7095
X -0.4635 -0.6641  0.5866
Y -0.8065  0.0420 -0.5897
Z  0.3670 -0.7465 -0.5551

PART 66
OFFSET  10.2646 -3.8786 -6.1714
X -0.7225 -0.6247  0.2962
Y  0.6324 -0.4240  0.6483
Z -0.2795  0.6557  0.7014

PART 67
OFFSET  11.5367 -2.7787 -6.6929
X  0.3133 -0.5863  0.7470
Y  0.8977  0.4395 -0.0315
Z -0.3099  0.6804  0.6640

PART 68
OFFSET  11.1370 -2.0246 -7.5607
X  0.6715 -0.4053  0.6203
Y  0.6904  0.6462 -0.3252
Z -0.2690  0.6467  0.7137

PART 69
OFFSET  10.3785 -1.5668 -8.2613
X -0.9175 -0.2695  0.2924
Y -0.3920  0.4897 -0.7788
Z  0.0667 -0.8292 -0.5549

PART 70
OFFSET  10.5319 -4.5578 -7.0007
X  0.3896 -0.4530  0.8019
Y  0.9133  0.3025 -0.2728
Z -0.1190  0.8386  0.5315

PART 71
OFFSET  9.7709 -3.6729 -8.5672
X  0.9894  0.1445 -0.0144
Y -0.0839  0.4879 -0.8689
Z -0.1185  0.8609  0.4948

PART 72
OFFSET  8.3257 -3.8839 -8.5462
X  0.4436  0.4651 -0.7661
Y -0.8838  0.0850 -0.4602
Z -0.1489  0.8812  0.4488

PART 73
OFFSET  7.8237 -4.4168 -7.6820
X  0.2338 -0.4672  0.8526
Y -0.9703 -0.1680  0.1740
Z  0.0619 -0.8680 -0.4927

PART 74
OFFSET  0.0000 -0.0000 -0.0000
X  1.0000 -0.0000  0.0000
Y  0.0000  1.0000  0.0000
Z  0.0000 -0.0000  1.0000

PART 75
OFFSET  0.0000 -0.0000 -0.0000
X  1.0000 -0.0000  0.0000
Y  0.0000  1.0000  0.0000
Z  0.0000 -0.0000  1.0000

PART 76
OFFSET  1.5404 -0.0000  4.1357
X  1.0000 -0.0000  0.0000
Y  0.0000  1.0000  0.0000
Z  0.0000 -0.0000  1.0000


FRAME 1941
PART 0
OFFSET -4.6318 -0.0000 -1.3770
X  1.0000 -0.0000  0.0000
Y  0.0000  1.0000  0.0000
Z  0.0000 -0.0000  1.0000

PART 1
OFFSET -4.6318 -0.0000 -1.3770
X  1.0000 -0.0000  0.0000
Y  0.0000  1.0000  0.0000
Z  0.0000 -0.0000  1.0000

PART 2
OFFSET -3.5060  6.3408 -6.7125
X  0.7044 -0.0161 -0.7097
Y -0.0292 -0.9996 -0.0064
Z -0.7092  0.0252 -0.7045

PART 3
OFFSET  5.0126  6.1467 -15.2950
X  0.8163 -0.4983  0.2921
Y -0.4291 -0.1847  0.8842
Z -0.3867 -0.8471 -0.3646

PART 4
OFFSET  11.9556  1.9082 -12.8108
X  0.8163 -0.4983  0.2921
Y -0.1435  0.3149  0.9382
Z -0.5595 -0.8078  0.1856

PART 5
OFFSET  14.1189  2.8632 -12.4470
X  0.8199 -0.4950  0.2878
Y  0.3905  0.8510  0.3510
Z -0.4187 -0.1754  0.8910

PART 6
OFFSET  13.0399  1.0162 -13.8909
X  0.8199 -0.4950  0.2878
Y  0.3905  0.8510  0.3510
Z -0.4187 -0.1754  0.8910

PART 7
OFFSET  13.4438  1.8701 -10.4610
X  0.8199 -0.4950  0.2878
Y  0.3905  0.8510  0.3510
Z -0.4187 -0.1754  0.8910

PART 8
OFFSET  12.5449  0.3479 -10.8815
X  0.8199 -0.4950  0.2878
Y  0.3905  0.8510  0.3510
Z -0.4187 -0.1754  0.8910

PART 9
OFFSET  12.0192 -0.3358 -11.8844
X  0.8199 -0.4950  0.2878
Y  0.3905  0.8510  0.3510
Z -0.4187 -0.1754  0.8910

PART 10
OFFSET  14.4582  0.3804 -11.9154
X  0.7682  0.6198 -0.1605
Y -0.1266  0.3927  0.9109
Z  0.6276 -0.6794  0.3802

PART 11
OFFSET  14.9392  0.7593 -10.9524
X  0.8690  0.2527  0.4254
Y -0.4924  0.3576  0.7935
Z  0.0483 -0.8990  0.4352

PART 12
OFFSET  16.7681  1.2902 -9.9310
X  0.8545  0.2059 -0.4768
Y  0.3979  0.3306  0.8558
Z  0.3338 -0.9210  0.2006

PART 13
OFFSET  18.1613  1.4996 -10.7294
X  0.1666 -0.3726 -0.9129
Y  0.9689  0.2336  0.0815
Z  0.1829 -0.8981  0.3999

PART 14
OFFSET  18.3663  1.0596 -11.6969
X  0.2051  0.3500 -0.9140
Y -0.5251  0.8274  0.1990
Z  0.8259  0.4391  0.3535

PART 15
OFFSET  15.3706  0.3471 -12.9496
X  0.8027  0.2781 -0.5277
Y  0.5758 -0.5920  0.5639
Z -0.1555 -0.7565 -0.6352

PART 16
OFFSET  17.2673  1.0094 -13.9736
X  0.8878 -0.2600  0.3798
Y -0.4577 -0.4118  0.7880
Z -0.0484 -0.8734 -0.4846

PART 17
OFFSET  18.5242  0.6414 -13.4358
X -0.4024 -0.4457  0.7996
Y -0.9154  0.1888 -0.3555
Z  0.0075 -0.8750 -0.4840

PART 18
OFFSET  18.1674  0.2462 -12.7269
X -0.8009 -0.2730  0.5329
Y -0.5967  0.4381 -0.6723
Z -0.0500 -0.8565 -0.5138

PART 19
OFFSET  17.4065 -0.0132 -12.2206
X  0.9944  0.0576  0.0887
Y  0.0586  0.3982 -0.9154
Z -0.0881  0.9155  0.3926

PART 20
OFFSET  15.3678  0.8393 -12.4327
X  0.7737  0.4651 -0.4302
Y  0.6167 -0.7085  0.3430
Z -0.1452 -0.5307 -0.8350

PART 21
OFFSET  17.4412  1.9285 -13.5610
X  0.9068 -0.3233  0.2705
Y -0.4054 -0.4929  0.7699
Z -0.1156 -0.8078 -0.5780

PART 22
OFFSET  18.9850  1.3780 -13.1006
X -0.3657 -0.5125  0.7769
Y -0.9267  0.2783 -0.2527
Z -0.0867 -0.8124 -0.5767

PART 23
OFFSET  18.4782  0.6678 -12.0238
X -0.9791 -0.0402  0.1995
Y -0.1848  0.5866 -0.7885
Z -0.0853 -0.8088 -0.5818

PART 24
OFFSET  17.4163  0.6242 -11.8074
X  0.9035 -0.3419  0.2583
Y  0.4136  0.5379 -0.7346
Z  0.1122  0.7706  0.6274

PART 25
OFFSET  16.9616  2.5506 -10.7600
X  0.9218  0.3183 -0.2214
Y -0.3818  0.8450 -0.3745
Z  0.0679  0.4297  0.9004

PART 26
OFFSET  17.1226  3.3443 -11.9949
X  0.8568  0.3479 -0.3807
Y  0.4836 -0.7983  0.3588
Z -0.1790 -0.4915 -0.8523

PART 27
OFFSET  18.6311  3.9568 -12.6651
X  0.9567  0.0070 -0.2911
Y  0.1371 -0.8929  0.4289
Z -0.2569 -0.4502 -0.8552

PART 28
OFFSET  19.8097  3.9928 -12.9671
X  0.9758 -0.2149 -0.0399
Y -0.1695 -0.8593  0.4826
Z -0.1380 -0.4642 -0.8749

PART 29
OFFSET  20.9119  3.7500 -13.0121
X -0.2034  0.7151 -0.6688
Y -0.9542  0.0082  0.2990
Z  0.2193  0.6990  0.6807

PART 30
OFFSET  17.2906  2.7303 -12.8978
X  0.9353 -0.3467  0.0702
Y -0.2676 -0.5636  0.7815
Z -0.2314 -0.7498 -0.6199

PART 31
OFFSET  19.1179  2.0530 -12.7606
X -0.3266 -0.5234  0.7870
Y -0.9030  0.4186 -0.0964
Z -0.2789 -0.7422 -0.6094

PART 32
OFFSET  18.6408  1.2885 -11.6111
X -0.9055  0.0180  0.4239
Y -0.2889  0.7057 -0.6470
Z -0.3108 -0.7083 -0.6338

PART 33
OFFSET  17.6132  1.3033 -11.1350
X  0.8987 -0.4192  0.1287
Y  0.3376  0.4742 -0.8131
Z  0.2799  0.7742  0.5677

PART 34
OFFSET  17.5655  0.8139 -12.2620
X -0.1544 -0.5872 -0.7945
Y -0.6276  0.6794 -0.3802
Z  0.7631  0.4400 -0.4735

PART 35
OFFSET  10.1517 -1.9937 -6.9779
X  0.7706  0.5024 -0.3921
Y -0.6329  0.5313 -0.5631
Z -0.0746  0.6821  0.7274

PART 36
OFFSET  10.1517 -1.9937 -6.9779
X  0.7706  0.5024 -0.3921
Y -0.6329  0.5313 -0.5631
Z -0.0746  0.6821  0.7274

PART 37
OFFSET  14.2388  2.1278 -7.1830
X  0.7689  0.5162 -0.3772
Y -0.6329  0.5313 -0.5631
Z -0.0903  0.6717  0.7353

PART 38
OFFSET  13.3670  0.3207 -8.4349
X  0.7706  0.5024 -0.3921
Y -0.6329  0.5313 -0.5631
Z -0.0746  0.6821  0.7274

PART 39
OFFSET  25.7397  7.3882 -15.6751
X  0.7706  0.5024 -0.3921
Y -0.6329  0.5313 -0.5631
Z -0.0746  0.6821  0.7274

PART 40
OFFSET  4.0359 -8.7604 -6.4883
X  0.7706  0.5024 -0.3921
Y -0.6329  0.5313 -0.5631
Z -0.0746  0.6821  0.7274

PART 41
OFFSET  19.7941  3.5709 -12.5706
X  0.7706  0.5024 -0.3921
Y -0.6329  0.5313 -0.5631
Z -0.0746  0.6821  0.7274

PART 42
OFFSET  21.8864  4.8335 -13.7263
X  0.7706  0.5024 -0.3921
Y -0.6329  0.5313 -0.5631
Z -0.0746  0.6821  0.7274

PART 43
OFFSET  25.2802  7.0463 -15.4533
X  0.7706  0.5024 -0.3921
Y -0.6329  0.5313 -0.5631
Z -0.0746  0.6821  0.7274

PART 44
OFFSET -11.0338 -11.5206 -5.9739
X -0.9289  0.3565 -0.1008
Y -0.2240 -0.3236  0.9193
Z  0.2951  0.8765  0.3804

PART 45
OFFSET  0.1997 -15.8316 -4.7548
X -0.6512 -0.7522  0.1007
Y  0.7577 -0.6371  0.1414
Z -0.0423  0.1684  0.9848

PART 46
OFFSET  5.7385 -9.4340 -5.6109
X -0.6512 -0.7522  0.1007
Y  0.4832 -0.5133 -0.7093
Z  0.5852 -0.4132  0.6977

PART 47
OFFSET  6.2104 -8.1202 -7.0309
X -0.6555 -0.7489  0.0969
Y  0.0331 -0.1566 -0.9871
Z  0.7544 -0.6439  0.1274

PART 48
OFFSET  5.7321 -7.1264 -6.5099
X -0.6555 -0.7489  0.0969
Y  0.0331 -0.1566 -0.9871
Z  0.7544 -0.6439  0.1274

PART 49
OFFSET  5.8474 -6.9146 -5.1625
X -0.6555 -0.7489  0.0969
Y  0.0331 -0.1566 -0.9871
Z  0.7544 -0.6439  0.1274

PART 50
OFFSET  7.7350 -7.1280 -5.9194
X -0.6263 -0.7337  0.2635
Y  0.4022 -0.5936 -0.6970
Z  0.6678 -0.3306  0.6669

PART 51
OFFSET  7.3544 -6.0894 -5.6391
X  0.0854 -0.9790  0.1849
Y  0.3757 -0.1402 -0.9161
Z  0.9228  0.1476  0.3559

PART 52
OFFSET  7.0813 -3.9708 -5.9665
X -0.4941 -0.4667  0.7336
Y  0.3201 -0.8821 -0.3456
Z  0.8084  0.0641  0.5852

PART 53
OFFSET  7.8075 -3.2772 -7.2368
X -0.4607  0.2973  0.8363
Y -0.0802 -0.9523  0.2943
Z  0.8839  0.0685  0.4626

PART 54
OFFSET  8.2666 -3.5856 -8.1674
X -0.9244 -0.0208  0.3809
Y -0.3814  0.0613 -0.9224
Z -0.0042 -0.9979 -0.0646

PART 55
OFFSET  8.5606 -7.0760 -7.0236
X -0.5650 -0.4546  0.6885
Y  0.8160 -0.1847  0.5477
Z -0.1218  0.8713  0.4753

PART 56
OFFSET  9.7124 -5.9050 -8.5685
X  0.5408 -0.5341  0.6498
Y  0.8291  0.2083 -0.5189
Z  0.1418  0.8193  0.5555

PART 57
OFFSET  8.9467 -5.1488 -9.4885
X  0.9875 -0.0850 -0.1331
Y -0.0536  0.6122 -0.7888
Z  0.1485  0.7861  0.6000

PART 58
OFFSET  8.0712 -5.0734 -9.3704
X  0.5297  0.4062 -0.7445
Y -0.8372  0.3909 -0.3824
Z  0.1357  0.8259  0.5472

PART 59
OFFSET  7.5679 -5.4594 -8.6631
X  0.1008 -0.6756  0.7304
Y -0.9558  0.1381  0.2596
Z -0.2762 -0.7243 -0.6318

PART 60
OFFSET  8.5243 -6.5662 -6.5251
X -0.5952 -0.5900  0.5455
Y  0.7643 -0.2061  0.6110
Z -0.2481  0.7807  0.5736

PART 61
OFFSET  10.1229 -5.1556 -8.0128
X  0.5006 -0.4596  0.7336
Y  0.8614  0.1800 -0.4750
Z  0.0863  0.8697  0.4860

PART 62
OFFSET  9.2706 -4.3731 -9.2617
X  0.9568  0.0654 -0.2832
Y -0.2756  0.5134 -0.8127
Z  0.0922  0.8556  0.5093

PART 63
OFFSET  7.9445 -4.4637 -8.8693
X  0.3714  0.4486 -0.8129
Y -0.9244  0.2602 -0.2788
Z  0.0864  0.8550  0.5114

PART 64
OFFSET  7.5417 -4.9503 -7.9877
X  0.2280 -0.4741  0.8504
Y -0.9731 -0.0809  0.2158
Z -0.0335 -0.8767 -0.4798

PART 65
OFFSET  5.1462 -9.8568 -3.8759
X -0.4814 -0.6674  0.5682
Y -0.8048  0.0797 -0.5882
Z  0.3474 -0.7404 -0.5755

PART 66
OFFSET  10.1202 -3.9442 -6.1726
X -0.7390 -0.6132  0.2789
Y  0.6205 -0.4583  0.6364
Z -0.2624  0.6433  0.7192

PART 67
OFFSET  11.4214 -2.8646 -6.6637
X  0.2971 -0.6148  0.7306
Y  0.9091  0.4162 -0.0194
Z -0.2921  0.6699  0.6826

PART 68
OFFSET  11.0424 -2.0765 -7.5104
X  0.6601 -0.4399  0.6089
Y  0.7076  0.6363 -0.3074
Z -0.2522  0.6337  0.7313

PART 69
OFFSET  10.2968 -1.5795 -8.1981
X -0.9246 -0.2529  0.2850
Y -0.3784  0.5212 -0.7650
Z  0.0450 -0.8151 -0.5776

PART 70
OFFSET  10.3699 -4.6072 -7.0204
X  0.3769 -0.4851  0.7891
Y  0.9212  0.2855 -0.2645
Z -0.0970  0.8265  0.5545

PART 71
OFFSET  9.6337 -3.6595 -8.5618
X  0.9929  0.1185 -0.0105
Y -0.0704  0.5137 -0.8551
Z -0.0959  0.8498  0.5184

PART 72
OFFSET  8.1834 -3.8325 -8.5465
X  0.4563  0.4741 -0.7530
Y -0.8809  0.1211 -0.4576
Z -0.1258  0.8721  0.4729

PART 73
OFFSET  7.6669 -4.3756 -7.6973
X  0.2208 -0.4966  0.8394
Y -0.9745 -0.1469  0.1694
Z  0.0392 -0.8555 -0.5164

PART 74
OFFSET  0.0000 -0.0000 -0.0000
X  1.0000 -0.0000  0.0000
Y  0.0000  1.0000  0.0000
Z  0.0000 -0.0000  1.0000

PART 75
OFFSET  0.0000 -0.0000 -0.0000
X  1.0000 -0.0000  0.0000
Y  0.0000  1.0000  0.0000
Z  0.0000 -0.0000  1.0000

PART 76
OFFSET  1.5404 -0.0000  4.1357
X  1.0000 -0.0000  0.0000
Y  0.0000  1.0000  0.0000
Z  0.0000 -0.0000  1.0000


FRAME 1942
PART 0
OFFSET -4.6318 -0.0000 -1.3770
X  1.0000 -0.0000  0.0000
Y  0.0000  1.0000  0.0000
Z  0.0000 -0.0000  1.0000

PART 1
OFFSET -4.6318 -0.0000 -1.3770
X  1.0000 -0.0000  0.0000
Y  0.0000  1.0000  0.0000
Z  0.0000 -0.0000  1.0000

PART 2
OFFSET -3.5060  6.3408 -6.7125
X  0.7072 -0.0223 -0.7067
Y -0.0265 -0.9996  0.0051
Z -0.7065  0.0152 -0.7075

PART 3
OFFSET  5.0468  6.0706 -15.2588
X  0.8081 -0.4960  0.3178
Y -0.4475 -0.1662  0.8787
Z -0.3830 -0.8523 -0.3563

PART 4
OFFSET  11.9202  1.8522 -12.5560
X  0.8081 -0.4960  0.3178
Y -0.3271  0.0707  0.9423
Z -0.4898 -0.8655 -0.1051

PART 5
OFFSET  14.0799  2.8053 -12.1668
X  0.8118 -0.4927  0.3135
Y  0.3871  0.8560  0.3427
Z -0.4372 -0.1568  0.8856

PART 6
OFFSET  13.0220  0.9357 -13.5971
X  0.8118 -0.4927  0.3135
Y  0.3871  0.8560  0.3427
Z -0.4372 -0.1568  0.8856

PART 7
OFFSET  13.3607  1.8527 -10.1765
X  0.8118 -0.4927  0.3135
Y  0.3871  0.8560  0.3427
Z -0.4372 -0.1568  0.8856

PART 8
OFFSET  12.4638  0.3264 -10.5863
X  0.8118 -0.4927  0.3135
Y  0.3871  0.8560  0.3427
Z -0.4372 -0.1568  0.8856

PART 9
OFFSET  11.9554 -0.3740 -11.5864
X  0.8118 -0.4927  0.3135
Y  0.3871  0.8560  0.3427
Z -0.4372 -0.1568  0.8856

PART 10
OFFSET  14.3976  0.3318 -11.5818
X  0.8106  0.5746 -0.1133
Y -0.1036  0.3311  0.9379
Z  0.5764 -0.7485  0.3279

PART 11
OFFSET  14.8989  0.6025 -10.5930
X  0.8823  0.1583  0.4432
Y -0.4703  0.3307  0.8182
Z -0.0171 -0.9304  0.3662

PART 12
OFFSET  16.7551  0.9252 -9.5346
X  0.8694  0.1805 -0.4600
Y  0.4156  0.2366  0.8783
Z  0.2674 -0.9547  0.1306

PART 13
OFFSET  18.1637  1.0956 -10.3149
X  0.1449 -0.3137 -0.9384
Y  0.9825  0.1582  0.0988
Z  0.1174 -0.9363  0.3311

PART 14
OFFSET  18.3425  0.7162 -11.3129
X  0.2340  0.4024 -0.8850
Y -0.4669  0.8450  0.2608
Z  0.8528  0.3522  0.3856

PART 15
OFFSET  15.3109  0.3122 -12.6157
X  0.8229  0.2598 -0.5052
Y  0.5299 -0.6717  0.5177
Z -0.2048 -0.6938 -0.6904

PART 16
OFFSET  17.2547  0.9146 -13.5868
X  0.8654 -0.3495  0.3591
Y -0.4896 -0.4367  0.7547
Z -0.1070 -0.8289 -0.5490

PART 17
OFFSET  18.4799  0.4198 -13.0784
X -0.4369 -0.4752  0.7638
Y -0.8980  0.2788 -0.3402
Z -0.0513 -0.8346 -0.5485

PART 18
OFFSET  18.0925 -0.0015 -12.4012
X -0.8209 -0.2553  0.5109
Y -0.5610  0.5283 -0.6374
Z -0.1071 -0.8098 -0.5769

PART 19
OFFSET  17.3127 -0.2441 -11.9158
X  0.9955 -0.0192  0.0928
Y  0.0912  0.4608 -0.8828
Z -0.0258  0.8873  0.4604

PART 20
OFFSET  15.3398  0.7631 -12.0631
X  0.8067  0.4406 -0.3939
Y  0.5637 -0.7739  0.2887
Z -0.1777 -0.4549 -0.8726

PART 21
OFFSET  17.4904  1.7856 -13.1062
X  0.8805 -0.4057  0.2453
Y -0.4430 -0.5196  0.7306
Z -0.1689 -0.7519 -0.6372

PART 22
OFFSET  18.9894  1.0949 -12.6886
X -0.4048 -0.5424  0.7361
Y -0.9035  0.3609 -0.2310
Z -0.1404 -0.7586 -0.6362

PART 23
OFFSET  18.4283  0.3432 -11.6683
X -0.9805  0.0138  0.1959
Y -0.1390  0.6558 -0.7421
Z -0.1387 -0.7548 -0.6411

PART 24
OFFSET  17.3649  0.3582 -11.4559
X  0.8760 -0.4230  0.2318
Y  0.4542  0.5612 -0.6920
Z  0.1626  0.7114  0.6837

PART 25
OFFSET  17.0408  2.2276 -10.2662
X  0.9430  0.2685 -0.1968
Y -0.3196  0.8955 -0.3098
Z  0.0931  0.3550  0.9302

PART 26
OFFSET  17.2636  3.0986 -11.4379
X  0.8811  0.3144 -0.3534
Y  0.4246 -0.8551  0.2977
Z -0.2086 -0.4123 -0.8869

PART 27
OFFSET  18.8148  3.6522 -12.0601
X  0.9563 -0.0384 -0.2898
Y  0.0719 -0.9300  0.3604
Z -0.2833 -0.3655 -0.8866

PART 28
OFFSET  19.9946  3.6278 -12.3585
X  0.9585 -0.2794 -0.0560
Y -0.2319 -0.8791  0.4165
Z -0.1656 -0.3862 -0.9074

PART 29
OFFSET  21.0774  3.3122 -12.4217
X -0.1493  0.7759 -0.6130
Y -0.9529  0.0527  0.2988
Z  0.2641  0.6287  0.7314

PART 30
OFFSET  17.3929  2.5439 -12.3845
X  0.9084 -0.4159  0.0439
Y -0.3105 -0.6005  0.7368
Z -0.2801 -0.6830 -0.6746

PART 31
OFFSET  19.1675  1.7314 -12.2987
X -0.3667 -0.5568  0.7453
Y -0.8710  0.4871 -0.0646
Z -0.3271 -0.6729 -0.6635

PART 32
OFFSET  18.6319  0.9182 -11.2100
X -0.9042  0.0497  0.4241
Y -0.2353  0.7708 -0.5920
Z -0.3563 -0.6351 -0.6853

PART 33
OFFSET  17.6054  0.9694 -10.7341
X  0.8664 -0.4898  0.0967
Y  0.3743  0.5090 -0.7751
Z  0.3304  0.7078  0.6244

PART 34
OFFSET  17.5294  0.5706 -11.8948
X -0.1910 -0.5136 -0.8365
Y -0.5764  0.7485 -0.3279
Z  0.7945  0.4196 -0.4390

PART 35
OFFSET  9.9093 -2.0980 -6.8372
X  0.8060  0.4750 -0.3532
Y -0.5912  0.6153 -0.5215
Z -0.0304  0.6291  0.7767

PART 36
OFFSET  9.9093 -2.0980 -6.8372
X  0.8060  0.4750 -0.3532
Y -0.5912  0.6153 -0.5215
Z -0.0304  0.6291  0.7767

PART 37
OFFSET  14.2763  1.7297 -6.7312
X  0.8052  0.4878 -0.3372
Y -0.5912  0.6153 -0.5215
Z -0.0469  0.6192  0.7838

PART 38
OFFSET  13.2865  0.0875 -8.1157
X  0.8060  0.4750 -0.3532
Y -0.5912  0.6153 -0.5215
Z -0.0304  0.6291  0.7767

PART 39
OFFSET  26.1622  6.7918 -14.8032
X  0.8060  0.4750 -0.3532
Y -0.5912  0.6153 -0.5215
Z -0.0304  0.6291  0.7767

PART 40
OFFSET  3.3317 -8.4357 -6.8586
X  0.8060  0.4750 -0.3532
Y -0.5912  0.6153 -0.5215
Z -0.0304  0.6291  0.7767

PART 41
OFFSET  19.9474  3.1795 -11.9950
X  0.8060  0.4750 -0.3532
Y -0.5912  0.6153 -0.5215
Z -0.0304  0.6291  0.7767

PART 42
OFFSET  22.1291  4.3752 -13.0523
X  0.8060  0.4750 -0.3532
Y -0.5912  0.6153 -0.5215
Z -0.0304  0.6291  0.7767

PART 43
OFFSET  25.6788  6.4674 -14.6078
X  0.8060  0.4750 -0.3532
Y -0.5912  0.6153 -0.5215
Z -0.0304  0.6291  0.7767

PART 44
OFFSET -11.5478 -10.9961 -6.0589
X -0.9160  0.3978 -0.0518
Y -0.2166 -0.3818  0.8985
Z  0.3376  0.8343  0.4359

PART 45
OFFSET -0.4695 -15.8066 -5.4320
X -0.6570 -0.7512  0.0636
Y  0.7537 -0.6530  0.0743
Z -0.0143  0.0968  0.9952

PART 46
OFFSET  5.1188 -9.4176 -5.9733
X -0.6570 -0.7512  0.0636
Y  0.4671 -0.4719 -0.7478
Z  0.5917 -0.4616  0.6609

PART 47
OFFSET  5.5682 -8.0088 -7.3069
X -0.6614 -0.7476  0.0602
Y  0.0052 -0.0848 -0.9964
Z  0.7500 -0.6587  0.0600

PART 48
OFFSET  5.1154 -7.0509 -6.7026
X -0.6614 -0.7476  0.0602
Y  0.0052 -0.0848 -0.9964
Z  0.7500 -0.6587  0.0600

PART 49
OFFSET  5.2687 -6.9387 -5.3470
X -0.6614 -0.7476  0.0602
Y  0.0052 -0.0848 -0.9964
Z  0.7500 -0.6587  0.0600

PART 50
OFFSET  7.1331 -7.1147 -6.1684
X -0.6776 -0.7056  0.2075
Y  0.3632 -0.5664 -0.7398
Z  0.6395 -0.4259  0.6401

PART 51
OFFSET  6.8247 -6.0759 -5.8107
X  0.0155 -0.9937  0.1106
Y  0.3698 -0.0971 -0.9240
Z  0.9290  0.0553  0.3660

PART 52
OFFSET  6.7026 -3.9249 -5.9775
X -0.5294 -0.4846  0.6963
Y  0.2593 -0.8739 -0.4111
Z  0.8078 -0.0371  0.5883

PART 53
OFFSET  7.4823 -3.1905 -7.1920
X -0.4431  0.2652  0.8563
Y -0.1483 -0.9638  0.2217
Z  0.8841 -0.0288  0.4664

PART 54
OFFSET  7.9235 -3.4596 -8.1431
X -0.9256  0.0157  0.3782
Y -0.3713  0.1571 -0.9151
Z -0.0738 -0.9875 -0.1396

PART 55
OFFSET  7.9661 -7.0381 -7.2655
X -0.5991 -0.4642  0.6523
Y  0.7982 -0.2822  0.5322
Z -0.0630  0.8396  0.5396

PART 56
OFFSET  9.2053 -5.8382 -8.7179
X  0.4986 -0.6181  0.6077
Y  0.8444  0.1879 -0.5017
Z  0.1960  0.7633  0.6156

PART 57
OFFSET  8.4994 -4.9630 -9.5782
X  0.9798 -0.1439 -0.1391
Y -0.0064  0.6720 -0.7405
Z  0.2001  0.7264  0.6575

PART 58
OFFSET  7.6307 -4.8354 -9.4548
X  0.5608  0.4228 -0.7118
Y -0.8057  0.4764 -0.3519
Z  0.1904  0.7709  0.6079

PART 59
OFFSET  7.0979 -5.2371 -8.7786
X  0.0493 -0.7339  0.6774
Y -0.9451  0.1850  0.2693
Z -0.3229 -0.6535 -0.6845

PART 60
OFFSET  7.9630 -6.5659 -6.7301
X -0.6380 -0.5860  0.4996
Y  0.7447 -0.3046  0.5938
Z -0.1957  0.7509  0.6308

PART 61
OFFSET  9.6644 -5.1633 -8.1073
X  0.4633 -0.5475  0.6969
Y  0.8744  0.1542 -0.4601
Z  0.1445  0.8225  0.5501

PART 62
OFFSET  8.8757 -4.2312 -9.2937
X  0.9605  0.0191 -0.2775
Y -0.2346  0.5911 -0.7717
Z  0.1493  0.8064  0.5723

PART 63
OFFSET  7.5444 -4.2577 -8.9092
X  0.4063  0.4812 -0.7768
Y -0.9024  0.3447 -0.2584
Z  0.1434  0.8060  0.5743

PART 64
OFFSET  7.1038 -4.7796 -8.0667
X  0.1897 -0.5516  0.8123
Y -0.9775 -0.0283  0.2091
Z -0.0923 -0.8337 -0.5445

PART 65
OFFSET  4.3487 -9.8007 -4.3362
X -0.5300 -0.6728  0.5163
Y -0.7941  0.1800 -0.5805
Z  0.2976 -0.7176 -0.6296

PART 66
OFFSET  9.7369 -4.0965 -6.1811
X -0.7817 -0.5790  0.2319
Y  0.5834 -0.5473  0.6000
Z -0.2204  0.6043  0.7656

PART 67
OFFSET  11.1131 -3.0771 -6.5895
X  0.2494 -0.6873  0.6822
Y  0.9361  0.3516  0.0120
Z -0.2480  0.6356  0.7311

PART 68
OFFSET  10.7948 -2.2030 -7.3744
X  0.6244 -0.5297  0.5740
Y  0.7520  0.6063 -0.2586
Z -0.2110  0.5931  0.7770

PART 69
OFFSET  10.0895 -1.6046 -8.0227
X -0.9415 -0.2080  0.2651
Y -0.3369  0.6025 -0.7235
Z -0.0092 -0.7705 -0.6373

PART 70
OFFSET  9.9440 -4.7098 -7.0764
X  0.3378 -0.5683  0.7503
Y  0.9403  0.2391 -0.2422
Z -0.0418  0.7873  0.6151

PART 71
OFFSET  9.2841 -3.5996 -8.5421
X  0.9988  0.0488 -0.0016
Y -0.0297  0.5802 -0.8140
Z -0.0388  0.8130  0.5809

PART 72
OFFSET  7.8252 -3.6709 -8.5398
X  0.4924  0.4961 -0.7152
Y -0.8678  0.2167 -0.4471
Z -0.0668  0.8408  0.5372

PART 73
OFFSET  7.2675 -4.2385 -7.7339
X  0.1810 -0.5726  0.7996
Y -0.9833 -0.0904  0.1579
Z -0.0181 -0.8149 -0.5794

PART 74
OFFSET  0.0000 -0.0000 -0.0000
X  1.0000 -0.0000  0.0000
Y  0.0000  1.0000  0.0000
Z  0.0000 -0.0000  1.0000

PART 75
OFFSET  0.0000 -0.0000 -0.0000
X  1.0000 -0.0000  0.0000
Y  0.0000  1.0000  0.0000
Z  0.0000 -0.0000  1.0000

PART 76
OFFSET  1.5404 -0.0000  4.1357
X  1.0000 -0.0000  0.0000
Y  0.0000  1.0000  0.0000
Z  0.0000 -0.0000  1.0000


FRAME 1943
PART 0
OFFSET -4.6318 -0.0000 -1.3770
X  1.0000 -0.0000  0.0000
Y  0.0000  1.0000  0.0000
Z  0.0000 -0.0000  1.0000

PART 1
OFFSET -4.6318 -0.0000 -1.3770
X  1.0000 -0.0000  0.0000
Y  0.0000  1.0000  0.0000
Z  0.0000 -0.0000  1.0000

PART 2
OFFSET -3.5060  6.3408 -6.7125
X  0.7141 -0.0350 -0.6991
Y -0.0226 -0.9994  0.0270
Z -0.6996 -0.0035 -0.7145

PART 3
OFFSET  5.1307  5.9172 -15.1677
X  0.7969 -0.4885  0.3553
Y -0.4727 -0.1381  0.8703
Z -0.3761 -0.8616 -0.3410

PART 4
OFFSET  11.9090  1.7623 -12.1457
X  0.7969 -0.4885  0.3553
Y -0.4557 -0.1001  0.8845
Z -0.3965 -0.8668 -0.3023

PART 5
OFFSET  14.0606  2.7203 -11.7248
X  0.8007 -0.4854  0.3511
Y  0.3807  0.8648  0.3274
Z -0.4625 -0.1286  0.8772

PART 6
OFFSET  13.0361  0.8112 -13.1271
X  0.8007 -0.4854  0.3511
Y  0.3807  0.8648  0.3274
Z -0.4625 -0.1286  0.8772

PART 7
OFFSET  13.2821  1.8307 -9.7276
X  0.8007 -0.4854  0.3511
Y  0.3807  0.8648  0.3274
Z -0.4625 -0.1286  0.8772

PART 8
OFFSET  12.3912  0.2954 -10.1161
X  0.8007 -0.4854  0.3511
Y  0.3807  0.8648  0.3274
Z -0.4625 -0.1286  0.8772

PART 9
OFFSET  11.9084 -0.4336 -11.1085
X  0.8007 -0.4854  0.3511
Y  0.3807  0.8648  0.3274
Z -0.4625 -0.1286  0.8772

PART 10
OFFSET  14.3522  0.2647 -11.0565
X  0.8645  0.5006 -0.0451
Y -0.0844  0.2332  0.9688
Z  0.4955 -0.8337  0.2438

PART 11
OFFSET  14.8631  0.3726 -10.0417
X  0.8870  0.0199  0.4614
Y -0.4477  0.2824  0.8484
Z -0.1134 -0.9591  0.2594

PART 12
OFFSET  16.7261  0.3903 -8.9470
X  0.8895  0.1438 -0.4336
Y  0.4238  0.0950  0.9008
Z  0.1707 -0.9850  0.0236

PART 13
OFFSET  18.1560  0.5065 -9.6982
X  0.1273 -0.2200 -0.9672
Y  0.9917  0.0482  0.1195
Z  0.0204 -0.9743  0.2243

PART 14
OFFSET  18.3114  0.2248 -10.7318
X  0.2852  0.4734 -0.8334
Y -0.3857  0.8527  0.3523
Z  0.8774  0.2210  0.4258

PART 15
OFFSET  15.2743  0.2702 -12.0827
X  0.8518  0.2318 -0.4699
Y  0.4540 -0.7743  0.4410
Z -0.2616 -0.5889 -0.7647

PART 16
OFFSET  17.2818  0.7819 -12.9730
X  0.8216 -0.4712  0.3207
Y -0.5410 -0.4675  0.6991
Z -0.1795 -0.7479 -0.6390

PART 17
OFFSET  18.4451  0.1147 -12.5189
X -0.4925 -0.5117  0.7040
Y -0.8614  0.4024 -0.3100
Z -0.1247 -0.7591 -0.6390

PART 18
OFFSET  18.0084 -0.3390 -11.8947
X -0.8493 -0.2282  0.4760
Y -0.4971  0.6489 -0.5761
Z -0.1774 -0.7259 -0.6645

PART 19
OFFSET  17.2015 -0.5558 -11.4425
X  0.9874 -0.1278  0.0937
Y  0.1488  0.5450 -0.8252
Z  0.0544  0.8287  0.5571

PART 20
OFFSET  15.3391  0.6517 -11.4828
X  0.8516  0.3998 -0.3390
Y  0.4809 -0.8532  0.2020
Z -0.2085 -0.3350 -0.9188

PART 21
OFFSET  17.5945  1.5663 -12.3967
X  0.8329 -0.5155  0.2014
Y -0.5024 -0.5514  0.6660
Z -0.2323 -0.6559 -0.7182

PART 22
OFFSET  19.0125  0.6885 -12.0539
X -0.4668 -0.5783  0.6691
Y -0.8604  0.4720 -0.1923
Z -0.2046 -0.6654 -0.7179

PART 23
OFFSET  18.3656 -0.1130 -11.1265
X -0.9772  0.0888  0.1927
Y -0.0633  0.7449 -0.6642
Z -0.2025 -0.6613 -0.7223

PART 24
OFFSET  17.3057 -0.0167 -10.9176
X  0.8268 -0.5308  0.1860
Y  0.5170  0.5871 -0.6229
Z  0.2214  0.6113  0.7598

PART 25
OFFSET  17.1487  1.7314 -9.5267
X  0.9675  0.1941 -0.1620
Y -0.2259  0.9516 -0.2084
Z  0.1137  0.2382  0.9645

PART 26
OFFSET  17.4728  2.7012 -10.5923
X  0.9127  0.2632 -0.3126
Y  0.3344 -0.9207  0.2013
Z -0.2349 -0.2883 -0.9283

PART 27
OFFSET  19.0798  3.1645 -11.1428
X  0.9521 -0.1002 -0.2888
Y -0.0247 -0.9669  0.2539
Z -0.3047 -0.2346 -0.9231

PART 28
OFFSET  20.2558  3.0569 -11.4378
X  0.9273 -0.3648 -0.0835
Y -0.3229 -0.8927  0.3143
Z -0.1892 -0.2645 -0.9456

PART 29
OFFSET  21.3032  2.6449 -11.5321
X -0.0636  0.8503 -0.5225
Y -0.9474  0.1131  0.2994
Z  0.3136  0.5141  0.7984

PART 30
OFFSET  17.5611  2.2453 -11.5947
X  0.8626 -0.5060  0.0002
Y -0.3786 -0.6452  0.6636
Z -0.3356 -0.5725 -0.7481

PART 31
OFFSET  19.2462  1.2569 -11.5944
X -0.4303 -0.5973  0.6768
Y -0.8181  0.5750 -0.0127
Z -0.3816 -0.5591 -0.7361

PART 32
OFFSET  18.6177  0.3844 -10.6059
X -0.9012  0.0913  0.4237
Y -0.1500  0.8515 -0.5025
Z -0.4067 -0.5164 -0.7536

PART 33
OFFSET  17.5942  0.4835 -10.1309
X  0.8128 -0.5808  0.0442
Y  0.4337  0.5527 -0.7117
Z  0.3889  0.5976  0.7011

PART 34
OFFSET  17.4966  0.2260 -11.3293
X -0.2280 -0.3958 -0.8896
Y -0.4955  0.8337 -0.2438
Z  0.8381  0.3852 -0.3862

PART 35
OFFSET  9.5784 -2.2227 -6.6311
X  0.8537  0.4294 -0.2947
Y -0.5204  0.7250 -0.4512
Z  0.0199  0.5385  0.8424

PART 36
OFFSET  9.5784 -2.2227 -6.6311
X  0.8537  0.4294 -0.2947
Y -0.5204  0.7250 -0.4512
Z  0.0199  0.5385  0.8424

PART 37
OFFSET  14.2970  1.1186 -6.0801
X  0.8539  0.4403 -0.2774
Y -0.5204  0.7250 -0.4512
Z  0.0024  0.5296  0.8482

PART 38
OFFSET  13.1718 -0.2531 -7.6438
X  0.8537  0.4294 -0.2947
Y -0.5204  0.7250 -0.4512
Z  0.0199  0.5385  0.8424

PART 39
OFFSET  26.7386  5.8481 -13.4893
X  0.8537  0.4294 -0.2947
Y -0.5204  0.7250 -0.4512
Z  0.0199  0.5385  0.8424

PART 40
OFFSET  2.4132 -7.8368 -7.3879
X  0.8537  0.4294 -0.2947
Y -0.5204  0.7250 -0.4512
Z  0.0199  0.5385  0.8424

PART 41
OFFSET  20.1596  2.5778 -11.1271
X  0.8537  0.4294 -0.2947
Y -0.5204  0.7250 -0.4512
Z  0.0199  0.5385  0.8424

PART 42
OFFSET  22.4631  3.6622 -12.0355
X  0.8537  0.4294 -0.2947
Y -0.5204  0.7250 -0.4512
Z  0.0199  0.5385  0.8424

PART 43
OFFSET  26.2229  5.5533 -13.3333
X  0.8537  0.4294 -0.2947
Y -0.5204  0.7250 -0.4512
Z  0.0199  0.5385  0.8424

PART 44
OFFSET -12.3053 -10.2232 -6.1842
X -0.8968  0.4406  0.0404
Y -0.2029 -0.4907  0.8474
Z  0.3932  0.7517  0.5294

PART 45
OFFSET -1.4598 -15.5522 -6.6730
X -0.6719 -0.7405 -0.0115
Y  0.7402 -0.6709 -0.0454
Z  0.0259 -0.0390  0.9989

PART 46
OFFSET  4.2551 -9.2536 -6.5752
X -0.6719 -0.7405 -0.0115
Y  0.4573 -0.4026 -0.7930
Z  0.5826 -0.5381  0.6092

PART 47
OFFSET  4.6871 -7.6854 -7.7237
X -0.6763 -0.7364 -0.0142
Y -0.0347  0.0512 -0.9981
Z  0.7358 -0.6746 -0.0602

PART 48
OFFSET  4.2807 -6.8102 -6.9777
X -0.6763 -0.7364 -0.0142
Y -0.0347  0.0512 -0.9981
Z  0.7358 -0.6746 -0.0602

PART 49
OFFSET  4.4880 -6.8859 -5.6268
X -0.6763 -0.7364 -0.0142
Y -0.0347  0.0512 -0.9981
Z  0.7358 -0.6746 -0.0602

PART 50
OFFSET  6.3150 -6.9833 -6.5400
X -0.7463 -0.6538  0.1245
Y  0.3169 -0.5136 -0.7974
Z  0.5853 -0.5557  0.5905

PART 51
OFFSET  6.1046 -5.9655 -6.0690
X -0.0834 -0.9965 -0.0017
Y  0.3721 -0.0296 -0.9277
Z  0.9245 -0.0780  0.3732

PART 52
OFFSET  6.1961 -3.8078 -5.9936
X -0.5845 -0.5044  0.6356
Y  0.1785 -0.8440 -0.5057
Z  0.7915 -0.1821  0.5834

PART 53
OFFSET  7.0616 -3.0234 -7.1151
X -0.4276  0.2107  0.8791
Y -0.2452 -0.9630  0.1116
Z  0.8701 -0.1678  0.4634

PART 54
OFFSET  7.4883 -3.2272 -8.0888
X -0.9251  0.0649  0.3742
Y -0.3407  0.2940 -0.8930
Z -0.1680 -0.9536 -0.2499

PART 55
OFFSET  7.1676 -6.8677 -7.6185
X -0.6512 -0.4724  0.5939
Y  0.7588 -0.4173  0.5001
Z  0.0116  0.7763  0.6302

PART 56
OFFSET  8.5395 -5.6420 -8.9224
X  0.4267 -0.7283  0.5362
Y  0.8660  0.1582 -0.4744
Z  0.2607  0.6668  0.6982

PART 57
OFFSET  7.9353 -4.6109 -9.6816
X  0.9629 -0.2237 -0.1509
Y  0.0703  0.7477 -0.6603
Z  0.2605  0.6252  0.7357

PART 58
OFFSET  7.0816 -4.4126 -9.5478
X  0.6099  0.4419 -0.6578
Y -0.7500  0.5900 -0.2990
Z  0.2559  0.6757  0.6913

PART 59
OFFSET  6.5021 -4.8324 -8.9229
X -0.0327 -0.8061  0.5909
Y -0.9263  0.2464  0.2849
Z -0.3753 -0.5380 -0.7548

PART 60
OFFSET  7.2029 -6.4602 -7.0335
X -0.6996 -0.5720  0.4283
Y  0.7025 -0.4410  0.5585
Z -0.1306  0.6916  0.7104

PART 61
OFFSET  9.0534 -5.0881 -8.2382
X  0.3972 -0.6648  0.6327
Y  0.8919  0.1173 -0.4367
Z  0.2162  0.7377  0.6395

PART 62
OFFSET  8.3772 -3.9562 -9.3153
X  0.9618 -0.0452 -0.2701
Y -0.1643  0.6937 -0.7013
Z  0.2191  0.7188  0.6598

PART 63
OFFSET  7.0442 -3.8935 -8.9410
X  0.4628  0.5222 -0.7163
Y -0.8605  0.4589 -0.2213
Z  0.2132  0.7188  0.6617

PART 64
OFFSET  6.5423 -4.4599 -8.1641
X  0.1229 -0.6546  0.7459
Y -0.9785  0.0454  0.2010
Z -0.1654 -0.7546 -0.6350

PART 65
OFFSET  3.2545 -9.5681 -5.0311
X -0.6008 -0.6704  0.4355
Y -0.7640  0.3212 -0.5595
Z  0.2352 -0.6689 -0.7051

PART 66
OFFSET  9.2017 -4.2549 -6.2042
X -0.8379 -0.5210  0.1626
Y  0.5182 -0.6658  0.5369
Z -0.1715  0.5341  0.8279

PART 67
OFFSET  10.6769 -3.3375 -6.4905
X  0.1709 -0.7803  0.6016
Y  0.9657  0.2537  0.0548
Z -0.1954  0.5716  0.7970

PART 68
OFFSET  10.4573 -2.3542 -7.1734
X  0.5611 -0.6495  0.5131
Y  0.8115  0.5540 -0.1861
Z -0.1634  0.5208  0.8379

PART 69
OFFSET  9.8235 -1.6205 -7.7530
X -0.9611 -0.1421  0.2367
Y -0.2656  0.7097 -0.6525
Z -0.0752 -0.6900 -0.7199

PART 70
OFFSET  9.3609 -4.7821 -7.1619
X  0.2695 -0.6790  0.6829
Y  0.9626  0.1704 -0.2104
Z  0.0265  0.7141  0.6995

PART 71
OFFSET  8.8344 -3.4557 -8.4960
X  0.9987 -0.0503  0.0075
Y  0.0392  0.6673 -0.7438
Z  0.0324  0.7431  0.6684

PART 72
OFFSET  7.3757 -3.3822 -8.5071
X  0.5490  0.5215 -0.6531
Y -0.8358  0.3499 -0.4231
Z  0.0079  0.7782  0.6280

PART 73
OFFSET  6.7533 -3.9782 -7.7720
X  0.1123 -0.6732  0.7309
Y -0.9897 -0.0097  0.1432
Z -0.0893 -0.7394 -0.6673

PART 74
OFFSET  0.0000 -0.0000 -0.0000
X  1.0000 -0.0000  0.0000
Y  0.0000  1.0000  0.0000
Z  0.0000 -0.0000  1.0000

PART 75
OFFSET  0.0000 -0.0000 -0.0000
X  1.0000 -0.0000  0.0000
Y  0.0000  1.0000  0.0000
Z  0.0000 -0.0000  1.0000

PART 76
OFFSET  1.5404 -0.0000  4.1357
X  1.0000 -0.0000  0.0000
Y  0.0000  1.0000  0.0000
Z  0.0000 -0.0000  1.0000


FRAME 1944
PART 0
OFFSET -4.6318 -0.0000 -1.3770
X  1.0000 -0.0000  0.0000
Y  0.0000  1.0000  0.0000
Z  0.0000 -0.0000  1.0000

PART 1
OFFSET -4.6318 -0.0000 -1.3770
X  1.0000 -0.0000  0.0000
Y  0.0000  1.0000  0.0000
Z  0.0000 -0.0000  1.0000

PART 2
OFFSET -3.5060  6.3408 -6.7125
X  0.7276 -0.0546 -0.6838
Y -0.0201 -0.9981  0.0584
Z -0.6857 -0.0288 -0.7274

PART 3
OFFSET  5.2941  5.6801 -14.9820
X  0.7838 -0.4757  0.3993
Y -0.5012 -0.1048  0.8590
Z -0.3668 -0.8734 -0.3205

PART 4
OFFSET  11.9604  1.6342 -11.5858
X  0.7838 -0.4757  0.3993
Y -0.5350 -0.1906  0.8231
Z -0.3154 -0.8587 -0.4039

PART 5
OFFSET  14.0993  2.6050 -11.1310
X  0.7877 -0.4727  0.3951
Y  0.3718  0.8761  0.3070
Z -0.4912 -0.0950  0.8658

PART 6
OFFSET  13.1167  0.6457 -12.4934
X  0.7877 -0.4727  0.3951
Y  0.3718  0.8761  0.3070
Z -0.4912 -0.0950  0.8658

PART 7
OFFSET  13.2540  1.7920 -9.1284
X  0.7877 -0.4727  0.3951
Y  0.3718  0.8761  0.3070
Z -0.4912 -0.0950  0.8658

PART 8
OFFSET  12.3726  0.2441 -9.4879
X  0.7877 -0.4727  0.3951
Y  0.3718  0.8761  0.3070
Z -0.4912 -0.0950  0.8658

PART 9
OFFSET  11.9207 -0.5211 -10.4675
