// Export filename: `C:\projects\cod\t5\xanim_export\t5_viewmodels\ak47\ak47_flame_ft_putaway.XANIM_EXPORT`
// Source filename: `D:\projects\devanim\t5\animation_assets\viewmodels\ak47\ViewModel_AK47_FlameThrower_animated.fbx`
// Export time: Sat Jun 05 16:32:49 2010

ANIMATION
VERSION 3

NUMPARTS 81
PART 0 "tag_ads"
PART 1 "tag_torso"
PART 2 "J_Shoulder_LE"
PART 3 "J_Elbow_LE"
PART 4 "J_WristTwist_LE"
PART 5 "J_Sleave_Reshape_Bottom_LE_1"
PART 6 "J_Sleave_Reshape_Bottom_LE_2"
PART 7 "J_Sleave_Reshape_Top_LE_1"
PART 8 "J_Sleave_Reshape_Top_LE_2"
PART 9 "J_Sleave_Reshape_Top_LE_3"
PART 10 "J_Wrist_LE"
PART 11 "J_Thumb_LE_0"
PART 12 "J_Thumb_LE_1"
PART 13 "J_Thumb_LE_2"
PART 14 "J_Thumb_LE_3"
PART 15 "J_PinkyPalm_LE"
PART 16 "J_Pinky_LE_0"
PART 17 "J_Pinky_LE_1"
PART 18 "J_Pinky_LE_2"
PART 19 "J_Pinky_LE_3"
PART 20 "J_RingPalm_LE"
PART 21 "J_Ring_LE_0"
PART 22 "J_Ring_LE_1"
PART 23 "J_Ring_LE_2"
PART 24 "J_Ring_LE_3"
PART 25 "J_Webbing_LE"
PART 26 "J_Index_LE_0"
PART 27 "J_Index_LE_1"
PART 28 "J_Index_LE_2"
PART 29 "J_Index_LE_3"
PART 30 "J_Mid_LE_0"
PART 31 "J_Mid_LE_1"
PART 32 "J_Mid_LE_2"
PART 33 "J_Mid_LE_3"
PART 34 "tag_knife_attach"
PART 35 "tag_weapon"
PART 36 "J_Gun"
PART 37 "J_bolt"
PART 38 "TAG_CLIP"
PART 39 "TAG_FLASH"
PART 40 "tag_flame_unit"
PART 41 "tag_flamer_big_nozel"
PART 42 "tag_flamer_bracket"
PART 43 "tag_flamer_bottle"
PART 44 "tag_flamer_button"
PART 45 "tag_flamer_ring"
PART 46 "tag_flamer_flame"
PART 47 "tag_flamer_pilot_light"
PART 48 "J_Shoulder_RI"
PART 49 "J_Elbow_RI"
PART 50 "J_WristTwist_RI"
PART 51 "J_Sleave_Reshape_Top_RI_3"
PART 52 "J_Sleave_Reshape_Top_RI_2"
PART 53 "J_Sleave_Reshape_Top_RI_1"
PART 54 "J_Wrist_RI"
PART 55 "J_Thumb_RI_0"
PART 56 "J_Thumb_RI_1"
PART 57 "J_Thumb_RI_2"
PART 58 "J_Thumb_RI_3"
PART 59 "J_PinkyPalm_RI"
PART 60 "J_Pinky_RI_0"
PART 61 "J_Pinky_RI_1"
PART 62 "J_Pinky_RI_2"
PART 63 "J_Pinky_RI_3"
PART 64 "J_RingPalm_RI"
PART 65 "J_Ring_RI_0"
PART 66 "J_Ring_RI_1"
PART 67 "J_Ring_RI_2"
PART 68 "J_Ring_RI_3"
PART 69 "J_Webbing_RI"
PART 70 "J_Index_RI_0"
PART 71 "J_Index_RI_1"
PART 72 "J_Index_RI_2"
PART 73 "J_Index_RI_3"
PART 74 "J_Mid_RI_0"
PART 75 "J_Mid_RI_1"
PART 76 "J_Mid_RI_2"
PART 77 "J_Mid_RI_3"
PART 78 "tag_cambone"
PART 79 "tag_camera"
PART 80 "tag_gasmask"

FRAMERATE 30
NUMFRAMES 11

FRAME 1805
PART 0
OFFSET -4.6318 -0.0000 -1.3770
X  1.0000 -0.0000  0.0000
Y  0.0000  1.0000  0.0000
Z  0.0000 -0.0000  1.0000

PART 1
OFFSET -4.6318 -0.0000 -1.3770
X  1.0000 -0.0000  0.0000
Y  0.0000  1.0000  0.0000
Z  0.0000 -0.0000  1.0000

PART 2
OFFSET -3.5060  6.3408 -6.7125
X  0.8438 -0.1688 -0.5094
Y -0.0883 -0.9800  0.1785
Z -0.5293 -0.1056 -0.8418

PART 3
OFFSET  6.6991  4.2989 -12.8728
X  0.7239 -0.4419  0.5298
Y -0.5969 -0.0163  0.8021
Z -0.3458 -0.8969 -0.2756

PART 4
OFFSET  12.8565  0.5405 -8.3669
X  0.7239 -0.4419  0.5298
Y -0.6852 -0.3718  0.6263
Z -0.0798 -0.8164 -0.5719

PART 5
OFFSET  14.9496  1.5310 -7.7654
X  0.7284 -0.4394  0.5257
Y  0.3524  0.8983  0.2625
Z -0.5876 -0.0060  0.8091

PART 6
OFFSET  14.0876 -0.5421 -9.0380
X  0.7284 -0.4394  0.5257
Y  0.3524  0.8983  0.2625
Z -0.5876 -0.0060  0.8091

PART 7
OFFSET  13.8674  0.9240 -5.8041
X  0.7284 -0.4394  0.5257
Y  0.3524  0.8983  0.2625
Z -0.5876 -0.0060  0.8091

PART 8
OFFSET  13.0012 -0.6432 -6.1127
X  0.7284 -0.4394  0.5257
Y  0.3524  0.8983  0.2625
Z -0.5876 -0.0060  0.8091

PART 9
OFFSET  12.6473 -1.4957 -7.0601
X  0.7284 -0.4394  0.5257
Y  0.3524  0.8983  0.2625
Z -0.5876 -0.0060  0.8091

PART 10
OFFSET  15.0758 -0.8142 -6.7428
X  0.9835 -0.0290  0.1785
Y -0.1737 -0.4255  0.8881
Z  0.0502 -0.9045 -0.4235

PART 11
OFFSET  15.3712 -1.6092 -5.9793
X  0.7049 -0.6665  0.2427
Y -0.4526 -0.1591  0.8774
Z -0.5462 -0.7283 -0.4138

PART 12
OFFSET  16.8167 -3.1039 -5.3910
X  0.9374 -0.0231 -0.3476
Y  0.2354 -0.6933  0.6811
Z -0.2567 -0.7203 -0.6444

PART 13
OFFSET  18.2872 -3.1806 -6.0650
X  0.2169  0.4142 -0.8840
Y  0.8782 -0.4783 -0.0086
Z -0.4263 -0.7744 -0.4675

PART 14
OFFSET  18.5172 -2.7763 -7.0424
X  0.6150  0.7046 -0.3540
Y -0.0642  0.4922  0.8681
Z  0.7859 -0.5111  0.3479

PART 15
OFFSET  16.1042 -0.5660 -7.6284
X  0.9471  0.0726 -0.3126
Y -0.0019 -0.9728 -0.2318
Z -0.3209  0.2202 -0.9212

PART 16
OFFSET  18.2787 -0.5541 -8.2250
X  0.4735 -0.8636 -0.1731
Y -0.8132 -0.5042  0.2907
Z -0.3383  0.0031 -0.9410

PART 17
OFFSET  18.9492 -1.7768 -8.4700
X -0.7891 -0.5568  0.2593
Y -0.5393  0.8302  0.1416
Z -0.2941 -0.0281 -0.9554

PART 18
OFFSET  18.2495 -2.2705 -8.2402
X -0.9447 -0.0752  0.3192
Y -0.0608  0.9966  0.0548
Z -0.3223  0.0324 -0.9461

PART 19
OFFSET  17.3520 -2.3420 -7.9369
X  0.8073 -0.5728 -0.1418
Y  0.5213  0.8049 -0.2836
Z  0.2765  0.1551  0.9484

PART 20
OFFSET  16.1981 -0.7288 -6.9397
X  0.9896  0.0976 -0.1054
Y  0.0376 -0.8842 -0.4656
Z -0.1387  0.4568 -0.8787

PART 21
OFFSET  18.7631 -0.5525 -7.3247
X  0.4893 -0.8215 -0.2927
Y -0.8066 -0.5539  0.2063
Z -0.3316  0.1351 -0.9337

PART 22
OFFSET  19.5961 -1.9511 -7.8231
X -0.7866 -0.5887  0.1865
Y -0.5335  0.7999  0.2749
Z -0.3110  0.1167 -0.9432

PART 23
OFFSET  18.5060 -2.7670 -7.5646
X -0.8717  0.3626  0.3296
Y  0.3823  0.9240 -0.0055
Z -0.3065  0.1212 -0.9441

PART 24
OFFSET  17.5606 -2.3738 -7.2072
X  0.4808 -0.8189 -0.3133
Y  0.8256  0.5432 -0.1528
Z  0.2953 -0.1852  0.9373

PART 25
OFFSET  17.8588 -2.0639 -5.0094
X  0.9729 -0.1965 -0.1216
Y  0.2310  0.8397  0.4914
Z  0.0055 -0.5062  0.8624

PART 26
OFFSET  18.7585 -0.9119 -5.2201
X  0.8807 -0.2608 -0.3954
Y -0.3721 -0.8975 -0.2368
Z -0.2931  0.3557 -0.8874

PART 27
OFFSET  20.3090 -1.3711 -5.9163
X  0.1991 -0.8372 -0.5094
Y -0.9370 -0.3149  0.1512
Z -0.2870  0.4472 -0.8471

PART 28
OFFSET  20.5686 -2.4160 -6.4841
X -0.5712 -0.8110 -0.1266
Y -0.7715  0.4779  0.4199
Z -0.2800  0.3375 -0.8987

PART 29
OFFSET  19.9233 -3.3320 -6.6271
X  0.8037 -0.0725 -0.5906
Y  0.3465  0.8640  0.3654
Z  0.4838 -0.4983  0.7195

PART 30
OFFSET  18.8510 -0.6095 -6.2786
X  0.5600 -0.7013 -0.4411
Y -0.7344 -0.6666  0.1275
Z -0.3834  0.2526 -0.8884

PART 31
OFFSET  19.9450 -1.9796 -7.1403
X -0.7635 -0.6216  0.1751
Y -0.4896  0.7339  0.4708
Z -0.4212  0.2737 -0.8647

PART 32
OFFSET  18.8298 -2.8875 -6.8844
X -0.8493  0.1850  0.4943
Y  0.3164  0.9281  0.1962
Z -0.4225  0.3230 -0.8468

PART 33
OFFSET  17.8647 -2.6763 -6.3307
X  0.4762 -0.7553 -0.4502
Y  0.7551  0.6136 -0.2307
Z  0.4505 -0.2301  0.8626

PART 34
OFFSET  17.9124 -2.0419 -7.3829
X -0.1869  0.4080 -0.8936
Y -0.0502  0.9045  0.4235
Z  0.9811  0.1240 -0.1485

PART 35
OFFSET  8.3599 -2.5687 -5.1035
X  0.9910  0.0000  0.1335
Y -0.0271  0.9791  0.2014
Z -0.1307 -0.2032  0.9704

PART 36
OFFSET  8.3599 -2.5687 -5.1035
X  0.9910  0.0000  0.1335
Y -0.0271  0.9791  0.2014
Z -0.1307 -0.2032  0.9704

PART 37
OFFSET  13.3125 -3.3236 -2.1650
X  0.9882 -0.0042  0.1533
Y -0.0271  0.9791  0.2014
Z -0.1509 -0.2032  0.9674

PART 38
OFFSET  12.4971 -2.6107 -4.2674
X  0.9910  0.0000  0.1335
Y -0.0271  0.9791  0.2014
Z -0.1307 -0.2032  0.9704

PART 39
OFFSET  34.9381 -2.1248 -3.1023
X  0.9910  0.0000  0.1335
Y -0.0271  0.9791  0.2014
Z -0.1307 -0.2032  0.9704

PART 40
OFFSET  7.9163 -2.1028 -7.4283
X  0.9910  0.0000  0.1335
Y -0.0271  0.9791  0.2014
Z -0.1307 -0.2032  0.9704

PART 41
OFFSET  33.9837 -2.0928 -3.2594
X -0.0271  0.9791  0.2014
Y -0.9910 -0.0000 -0.1335
Z -0.1307 -0.2032  0.9704

PART 42
OFFSET  22.2671 -2.6596 -4.5420
X -0.4993 -0.1878  0.8458
Y -0.8660  0.0776 -0.4940
Z  0.0271 -0.9791 -0.2014

PART 43
OFFSET  22.2671 -2.6596 -4.5420
X -0.0271  0.9791  0.2014
Y -0.9910  0.0000 -0.1335
Z -0.1307 -0.2032  0.9704

PART 44
OFFSET  21.9202 -2.2769 -5.0099
X -0.0271  0.9791  0.2014
Y -0.9910 -0.0000 -0.1335
Z -0.1307 -0.2032  0.9704

PART 45
OFFSET  21.8822 -0.9062 -4.7280
X  0.0455  0.9401 -0.3379
Y -0.9910  0.0000 -0.1335
Z -0.1255  0.3410  0.9317

PART 46
OFFSET  31.6738 -2.1381 -3.3932
X  0.9910  0.0000  0.1335
Y -0.0271  0.9791  0.2014
Z -0.1307 -0.2032  0.9704

PART 47
OFFSET  31.0596 -0.6176 -3.9551
X  0.7493 -0.5249  0.4039
Y  0.6569  0.6665 -0.3525
Z -0.0842  0.5294  0.8442

PART 48
OFFSET -17.6076 -4.8127 -7.0611
X -0.8904  0.0423  0.4533
Y -0.1779 -0.9488 -0.2608
Z  0.4191 -0.3129  0.8523

PART 49
OFFSET -6.8397 -5.3245 -12.5431
X -0.9306 -0.1312 -0.3417
Y  0.3609 -0.1748 -0.9161
Z  0.0604 -0.9758  0.2100

PART 50
OFFSET  1.0757 -4.2090 -9.6371
X -0.9306 -0.1312 -0.3417
Y  0.3464 -0.0142 -0.9380
Z  0.1182 -0.9913  0.0587

PART 51
OFFSET  2.0964 -2.7332 -8.7738
X -0.9329 -0.1272 -0.3369
Y -0.0629  0.9787 -0.1954
Z  0.3546 -0.1611 -0.9211

PART 52
OFFSET  2.1630 -3.2054 -7.6512
X -0.9329 -0.1272 -0.3369
Y -0.0629  0.9787 -0.1954
Z  0.3546 -0.1611 -0.9211

PART 53
OFFSET  2.3886 -4.5424 -7.4633
X -0.9329 -0.1272 -0.3369
Y -0.0629  0.9787 -0.1954
Z  0.3546 -0.1611 -0.9211

PART 54
OFFSET  3.9287 -3.8069 -8.5896
X -0.9079 -0.0856 -0.4103
Y  0.4104  0.0177 -0.9117
Z  0.0853 -0.9962  0.0191

PART 55
OFFSET  3.9061 -3.3765 -7.5331
X -0.4052 -0.5545 -0.7269
Y  0.6709  0.3598 -0.6484
Z  0.6211 -0.7504  0.2262

PART 56
OFFSET  4.6790 -2.1741 -5.9123
X -0.9183 -0.3923  0.0540
Y  0.0671 -0.2885 -0.9551
Z  0.3902 -0.8734  0.2913

PART 57
OFFSET  6.1217 -1.4602 -6.0890
X -0.6387 -0.1928  0.7449
Y -0.5768 -0.5207 -0.6294
Z  0.5092 -0.8317  0.2214

PART 58
OFFSET  6.7989 -1.2048 -6.8940
X -0.9175  0.2846  0.2780
Y  0.1547  0.8989 -0.4099
Z -0.3665 -0.3331 -0.8687

PART 59
OFFSET  5.1192 -3.5143 -9.2226
X -0.9485 -0.3133  0.0466
Y  0.3158 -0.9468  0.0623
Z  0.0246  0.0738  0.9970

PART 60
OFFSET  7.2152 -2.6836 -9.1898
X -0.0874 -0.9851 -0.1480
Y  0.9807 -0.0590 -0.1865
Z  0.1750 -0.1615  0.9712

PART 61
OFFSET  7.3390 -1.2889 -8.9802
X  0.8095 -0.5364 -0.2387
Y  0.5685  0.8176  0.0910
Z  0.1463 -0.2093  0.9668

PART 62
OFFSET  6.6212 -0.8133 -8.7686
X  0.9278  0.3553 -0.1139
Y -0.3286  0.9227  0.2014
Z  0.1767 -0.1495  0.9729

PART 63
OFFSET  5.7398 -1.1509 -8.6604
X -0.5289 -0.8294 -0.1800
Y -0.8228  0.4491  0.3483
Z -0.2080  0.3323 -0.9199

PART 64
OFFSET  5.0580 -3.6463 -8.5237
X -0.9588 -0.2467 -0.1408
Y  0.2368 -0.9680  0.0836
Z -0.1569  0.0468  0.9865

PART 65
OFFSET  7.5750 -3.0343 -8.3029
X -0.1291 -0.9910 -0.0365
Y  0.9745 -0.1199 -0.1896
Z  0.1835 -0.0601  0.9812

PART 66
OFFSET  7.7948 -1.3472 -8.2407
X  0.9149 -0.3555 -0.1910
Y  0.3652  0.9308  0.0170
Z  0.1718 -0.0853  0.9814

PART 67
OFFSET  6.5268 -0.8545 -7.9759
X  0.8513  0.5150 -0.1000
Y -0.4977  0.8531  0.1566
Z  0.1660 -0.0835  0.9826

PART 68
OFFSET  5.6034 -1.4130 -7.8674
X -0.4051 -0.9134  0.0408
Y -0.9023  0.4066  0.1432
Z -0.1474  0.0212 -0.9888

PART 69
OFFSET -0.1513 -4.7120 -9.5161
X -0.9099 -0.3609 -0.2044
Y -0.3293  0.9282 -0.1731
Z  0.2522 -0.0902 -0.9635

PART 70
OFFSET  7.1886 -3.8570 -6.2961
X -0.9568  0.0178 -0.2903
Y  0.0117 -0.9950 -0.0996
Z -0.2906 -0.0987  0.9517

PART 71
OFFSET  8.8732 -3.8884 -5.7849
X -0.3497 -0.9250 -0.1482
Y  0.8920 -0.3772  0.2493
Z -0.2865 -0.0450  0.9570

PART 72
OFFSET  9.2809 -2.7665 -5.5466
X  0.0632 -0.9927 -0.1029
Y  0.9543  0.0299  0.2973
Z -0.2921 -0.1170  0.9492

PART 73
OFFSET  9.2095 -1.6453 -5.4304
X -0.9642  0.2632  0.0321
Y  0.2647  0.9625  0.0592
Z -0.0153  0.0656 -0.9977

PART 74
OFFSET  7.5217 -3.6683 -7.3324
X -0.2629 -0.9647 -0.0159
Y  0.9648 -0.2631  0.0065
Z -0.0105 -0.0136  0.9999

PART 75
OFFSET  8.0354 -1.7837 -7.3014
X  0.8367 -0.5477 -0.0029
Y  0.5475  0.8364 -0.0256
Z  0.0165  0.0198  0.9997

PART 76
OFFSET  6.8133 -0.9837 -7.2971
X  0.9004  0.4315 -0.0546
Y -0.4344  0.8987 -0.0605
Z  0.0230  0.0782  0.9967

PART 77
OFFSET  5.7931 -1.4724 -7.2423
X -0.4145 -0.9099  0.0168
Y -0.9078  0.4147  0.0632
Z -0.0645  0.0109 -0.9979

PART 78
OFFSET  0.0000 -0.0000 -0.0000
X  1.0000 -0.0000  0.0000
Y  0.0000  1.0000  0.0000
Z  0.0000 -0.0000  1.0000

PART 79
OFFSET  0.0000 -0.0000 -0.0000
X  1.0000 -0.0000  0.0000
Y  0.0000  1.0000  0.0000
Z  0.0000 -0.0000  1.0000

PART 80
OFFSET  1.5404 -0.0000  4.1357
X  1.0000 -0.0000  0.0000
Y  0.0000  1.0000  0.0000
Z  0.0000 -0.0000  1.0000


FRAME 1806
PART 0
OFFSET -4.6318 -0.0000 -1.3770
X  1.0000 -0.0000  0.0000
Y  0.0000  1.0000  0.0000
Z  0.0000 -0.0000  1.0000

PART 1
OFFSET -4.6318 -0.0000 -1.3770
X  1.0000 -0.0000  0.0000
Y  0.0000  1.0000  0.0000
Z  0.0000 -0.0000  1.0000

PART 2
OFFSET -3.5060  6.3408 -6.7125
X  0.8505 -0.1757 -0.4957
Y -0.0869 -0.9765  0.1971
Z -0.5187 -0.1246 -0.8458

PART 3
OFFSET  6.7801  4.2156 -12.7077
X  0.7310 -0.4281  0.5314
Y -0.5922 -0.0110  0.8058
Z -0.3391 -0.9036 -0.2615

PART 4
OFFSET  12.9974  0.5741 -8.1882
X  0.7310 -0.4281  0.5314
Y -0.6732 -0.3250  0.6642
Z -0.1117 -0.8433 -0.5258

PART 5
OFFSET  15.0847  1.5916 -7.6122
X  0.7354 -0.4256  0.5273
Y  0.3456  0.9049  0.2484
Z -0.5829 -0.0005  0.8126

PART 6
OFFSET  14.2345 -0.5062 -8.8519
X  0.7354 -0.4256  0.5273
Y  0.3456  0.9049  0.2484
Z -0.5829 -0.0005  0.8126

PART 7
OFFSET  14.0194  1.0011 -5.6367
X  0.7354 -0.4256  0.5273
Y  0.3456  0.9049  0.2484
Z -0.5829 -0.0005  0.8126

PART 8
OFFSET  13.1658 -0.5780 -5.9192
X  0.7354 -0.4256  0.5273
Y  0.3456  0.9049  0.2484
Z -0.5829 -0.0005  0.8126

PART 9
OFFSET  12.8144 -1.4462 -6.8530
X  0.7354 -0.4256  0.5273
Y  0.3456  0.9049  0.2484
Z -0.5829 -0.0005  0.8126

PART 10
OFFSET  15.2383 -0.7385 -6.5592
X  0.9889  0.0495  0.1402
Y -0.1177 -0.3154  0.9416
Z  0.0908 -0.9477 -0.3060

PART 11
OFFSET  15.6069 -1.4097 -5.7130
X  0.7087 -0.5927  0.3826
Y -0.4827 -0.0118  0.8757
Z -0.5145 -0.8053 -0.2945

PART 12
OFFSET  17.0594 -2.7347 -4.8163
X  0.9733 -0.1230 -0.1937
Y  0.1013 -0.5273  0.8437
Z -0.2059 -0.8408 -0.5007

PART 13
OFFSET  18.6015 -2.9960 -5.2354
X  0.6556  0.0229 -0.7547
Y  0.6658 -0.4891  0.5635
Z -0.3562 -0.8719 -0.3359

PART 14
OFFSET  19.3056 -3.0195 -6.0574
X  0.8500  0.4762 -0.2253
Y -0.3072  0.7955  0.5223
Z  0.4279 -0.3748  0.8224

PART 15
OFFSET  16.2195 -0.5505 -7.5107
X  0.9191  0.0828 -0.3852
Y  0.0445 -0.9932 -0.1075
Z -0.3915  0.0816 -0.9165

PART 16
OFFSET  18.3470 -0.4980 -8.2560
X  0.7139 -0.6915 -0.1103
Y -0.6078 -0.6901  0.3929
Z -0.3478 -0.2134 -0.9129

PART 17
OFFSET  19.3578 -1.4771 -8.4122
X -0.2419 -0.9205  0.3069
Y -0.9239  0.3151  0.2170
Z -0.2965 -0.2310 -0.9267

PART 18
OFFSET  19.1433 -2.2932 -8.1401
X -0.5418 -0.7515  0.3765
Y -0.7618  0.6283  0.1580
Z -0.3553 -0.2012 -0.9129

PART 19
OFFSET  18.6287 -3.0072 -7.7824
X  0.9439  0.2095 -0.2551
Y -0.2714  0.9325 -0.2384
Z  0.1880  0.2942  0.9371

PART 20
OFFSET  16.3461 -0.6169 -6.8113
X  0.9778  0.1382 -0.1576
Y  0.0756 -0.9337 -0.3499
Z -0.1956  0.3302 -0.9234

PART 21
OFFSET  18.8813 -0.3491 -7.3208
X  0.7148 -0.6503 -0.2572
Y -0.5951 -0.7589  0.2645
Z -0.3672 -0.0360 -0.9295

PART 22
OFFSET  20.0983 -1.4562 -7.7587
X -0.2533 -0.9571  0.1405
Y -0.9050  0.2858  0.3151
Z -0.3417 -0.0473 -0.9386

PART 23
OFFSET  19.7472 -2.7827 -7.5640
X -0.8200 -0.4756  0.3185
Y -0.4597  0.8787  0.1286
Z -0.3410 -0.0410 -0.9392

PART 24
OFFSET  18.8580 -3.2985 -7.2186
X  0.9177 -0.1143 -0.3806
Y  0.1084  0.9934 -0.0370
Z  0.3823 -0.0073  0.9240

PART 25
OFFSET  18.1486 -1.5947 -4.7960
X  0.9784 -0.1560 -0.1353
Y  0.1960  0.9081  0.3701
Z  0.0652 -0.3886  0.9191

PART 26
OFFSET  18.9691 -0.4314 -5.1891
X  0.9310 -0.1792 -0.3181
Y -0.2460 -0.9517 -0.1840
Z -0.2697  0.2495 -0.9300

PART 27
OFFSET  20.6082 -0.7469 -5.7491
X  0.5337 -0.7205 -0.4426
Y -0.7953 -0.6056  0.0268
Z -0.2874  0.3377 -0.8963

PART 28
OFFSET  21.2746 -1.6433 -6.2328
X -0.0239 -0.9709 -0.2382
Y -0.9711 -0.0341  0.2363
Z -0.2376  0.2369 -0.9420

PART 29
OFFSET  21.2476 -2.7400 -6.5018
X  0.8176  0.4135 -0.4008
Y -0.2361  0.8755  0.4217
Z  0.5252 -0.2501  0.8134

PART 30
OFFSET  19.0076 -0.2646 -6.2805
X  0.7257 -0.5895 -0.3546
Y -0.5827 -0.8008  0.1387
Z -0.3657  0.1060 -0.9247

PART 31
OFFSET  20.4253 -1.4163 -6.9733
X -0.2772 -0.9608  0.0013
Y -0.8689  0.2512  0.4265
Z -0.4101  0.1171 -0.9045

PART 32
OFFSET  20.0205 -2.8197 -6.9714
X -0.7601 -0.5876  0.2774
Y -0.4768  0.7944  0.3764
Z -0.4416  0.1538 -0.8839

PART 33
OFFSET  19.1569 -3.4847 -6.6637
X  0.9156 -0.0666 -0.3966
Y  0.0911  0.9949  0.0433
Z  0.3917 -0.0758  0.9170

PART 34
OFFSET  18.1212 -1.8786 -7.1530
X -0.2411  0.2772 -0.9300
Y -0.0908  0.9477  0.3060
Z  0.9662  0.1582 -0.2034

PART 35
OFFSET  8.4308 -2.9462 -4.8745
X  0.9932  0.0060  0.1165
Y -0.0293  0.9794  0.1998
Z -0.1129 -0.2019  0.9729

PART 36
OFFSET  8.4308 -2.9462 -4.8745
X  0.9932  0.0060  0.1165
Y -0.0293  0.9794  0.1998
Z -0.1129 -0.2019  0.9729

PART 37
OFFSET  13.4374 -3.6664 -2.0199
X  0.9907  0.0018  0.1363
Y -0.0293  0.9794  0.1998
Z -0.1331 -0.2020  0.9703

PART 38
OFFSET  12.5819 -2.9628 -4.1094
X  0.9932  0.0060  0.1165
Y -0.0293  0.9794  0.1998
Z -0.1129 -0.2019  0.9729

PART 39
OFFSET  35.0364 -2.3461 -3.3309
X  0.9932  0.0060  0.1165
Y -0.0293  0.9794  0.1998
Z -0.1129 -0.2019  0.9729

PART 40
OFFSET  7.9447 -2.4879 -7.1923
X  0.9932  0.0060  0.1165
Y -0.0293  0.9794  0.1998
Z -0.1129 -0.2019  0.9729

PART 41
OFFSET  34.0793 -2.3199 -3.4716
X -0.0293  0.9794  0.1998
Y -0.9932 -0.0060 -0.1165
Z -0.1129 -0.2019  0.9729

PART 42
OFFSET  22.3459 -2.9564 -4.5517
X -0.4836 -0.1888  0.8547
Y -0.8748  0.0716 -0.4792
Z  0.0293 -0.9794 -0.1998

PART 43
OFFSET  22.3459 -2.9564 -4.5517
X -0.0293  0.9794  0.1998
Y -0.9932 -0.0060 -0.1165
Z -0.1129 -0.2019  0.9729

PART 44
OFFSET  21.9888 -2.5767 -5.0143
X -0.0293  0.9794  0.1998
Y -0.9932 -0.0060 -0.1165
Z -0.1129 -0.2019  0.9729

PART 45
OFFSET  21.9478 -1.2056 -4.7346
X  0.0046  0.9959 -0.0901
Y -0.9932 -0.0060 -0.1165
Z -0.1165  0.0900  0.9891

PART 46
OFFSET  31.7678 -2.3786 -3.5656
X  0.9932  0.0060  0.1165
Y -0.0293  0.9794  0.1998
Z -0.1129 -0.2019  0.9729

PART 47
OFFSET  31.1352 -0.8629 -4.1200
X  0.7591 -0.5197  0.3920
Y  0.6469  0.6695 -0.3651
Z -0.0727  0.5308  0.8444

PART 48
OFFSET -17.6076 -4.8127 -7.0611
X -0.8946  0.0488  0.4441
Y -0.1946 -0.9374 -0.2890
Z  0.4022 -0.3449  0.8481

PART 49
OFFSET -6.7880 -5.4030 -12.4324
X -0.9278 -0.1025 -0.3587
Y  0.3712 -0.1569 -0.9152
Z  0.0375 -0.9823  0.1837

PART 50
OFFSET  1.1033 -4.5314 -9.3812
X -0.9278 -0.1025 -0.3587
Y  0.3615 -0.0089 -0.9323
Z  0.0924 -0.9947  0.0453

PART 51
OFFSET  2.1404 -3.1013 -8.4625
X -0.9301 -0.0986 -0.3539
Y -0.0401  0.9848 -0.1690
Z  0.3652 -0.1430 -0.9199

PART 52
OFFSET  2.1804 -3.6055 -7.3525
X -0.9301 -0.0986 -0.3539
Y -0.0401  0.9848 -0.1690
Z  0.3652 -0.1430 -0.9199

PART 53
OFFSET  2.3760 -4.9515 -7.1986
X -0.9301 -0.0986 -0.3539
Y -0.0401  0.9848 -0.1690
Z  0.3652 -0.1430 -0.9199

PART 54
OFFSET  3.9476 -4.2173 -8.2814
X -0.9143 -0.0916 -0.3945
Y  0.3946  0.0180 -0.9187
Z  0.0913 -0.9956  0.0197

PART 55
OFFSET  3.9407 -3.7847 -7.2255
X -0.4144 -0.5584 -0.7187
Y  0.6576  0.3623 -0.6606
Z  0.6292 -0.7463  0.2170

PART 56
OFFSET  4.7343 -2.5744 -5.6208
X -0.9149 -0.3974  0.0705
Y  0.0524 -0.2902 -0.9555
Z  0.4002 -0.8706  0.2863

PART 57
OFFSET  6.1696 -1.8527 -5.8237
X -0.6247 -0.1948  0.7561
Y -0.5845 -0.5253 -0.6183
Z  0.5177 -0.8283  0.2143

PART 58
OFFSET  6.8315 -1.5952 -6.6407
X -0.9142  0.2800  0.2931
Y  0.1425  0.8989 -0.4144
Z -0.3795 -0.3371 -0.8616

PART 59
OFFSET  5.1254 -3.9192 -8.9353
X -0.9458 -0.3186  0.0636
Y  0.3222 -0.9448  0.0588
Z  0.0413  0.0761  0.9962

PART 60
OFFSET  7.2168 -3.0764 -8.9403
X -0.0843 -0.9859 -0.1445
Y  0.9777 -0.0538 -0.2032
Z  0.1926 -0.1584  0.9684

PART 61
OFFSET  7.3362 -1.6806 -8.7357
X  0.8084 -0.5323 -0.2514
Y  0.5653  0.8210  0.0795
Z  0.1641 -0.2064  0.9646

PART 62
OFFSET  6.6194 -1.2087 -8.5128
X  0.9236  0.3604 -0.1305
Y -0.3304  0.9213  0.2051
Z  0.1942 -0.1463  0.9700

PART 63
OFFSET  5.7419 -1.5511 -8.3888
X -0.5271 -0.8328 -0.1692
Y -0.8193  0.4451  0.3614
Z -0.2257  0.3292 -0.9169

PART 64
OFFSET  5.0770 -4.0501 -8.2353
X -0.9596 -0.2525 -0.1238
Y  0.2437 -0.9664  0.0815
Z -0.1403  0.0481  0.9889

PART 65
OFFSET  7.5938 -3.4232 -8.0589
X -0.1240 -0.9918 -0.0323
Y  0.9718 -0.1148 -0.2061
Z  0.2007 -0.0569  0.9780

PART 66
OFFSET  7.8049 -1.7348 -8.0040
X  0.9135 -0.3507 -0.2060
Y  0.3601  0.9329  0.0088
Z  0.1891 -0.0822  0.9785

PART 67
OFFSET  6.5388 -1.2487 -7.7185
X  0.8465  0.5196 -0.1157
Y -0.4998  0.8506  0.1633
Z  0.1833 -0.0804  0.9798

PART 68
OFFSET  5.6207 -1.8122 -7.5930
X -0.3991 -0.9156  0.0497
Y -0.9021  0.4017  0.1579
Z -0.1645  0.0182 -0.9862

PART 69
OFFSET -0.1424 -5.1476 -9.1359
X -0.9112 -0.3666 -0.1880
Y -0.3376  0.9259 -0.1693
Z  0.2362 -0.0908 -0.9675

PART 70
OFFSET  7.2467 -4.2438 -6.0441
X -0.9617  0.0117 -0.2739
Y  0.0157 -0.9951 -0.0978
Z -0.2737 -0.0983  0.9568

PART 71
OFFSET  8.9399 -4.2644 -5.5619
X -0.3469 -0.9274 -0.1403
Y  0.8983 -0.3715  0.2347
Z -0.2698 -0.0446  0.9619

PART 72
OFFSET  9.3452 -3.1397 -5.3329
X  0.0671 -0.9925 -0.1019
Y  0.9591  0.0360  0.2808
Z -0.2751 -0.1166  0.9543

PART 73
OFFSET  9.2694 -2.0186 -5.2178
X -0.9650  0.2578  0.0481
Y  0.2602  0.9641  0.0527
Z -0.0328  0.0633 -0.9975

PART 74
OFFSET  7.5608 -4.0554 -7.0864
X -0.2576 -0.9662 -0.0094
Y  0.9662 -0.2575 -0.0095
Z  0.0068 -0.0115  0.9999

PART 75
OFFSET  8.0641 -2.1679 -7.0680
X  0.8396 -0.5429 -0.0162
Y  0.5421  0.8395 -0.0367
Z  0.0335  0.0221  0.9992

PART 76
OFFSET  6.8377 -1.3748 -7.0444
X  0.8969  0.4366 -0.0710
Y -0.4405  0.8961 -0.0549
Z  0.0396  0.0805  0.9960

PART 77
OFFSET  5.8214 -1.8692 -6.9711
X -0.4089 -0.9122  0.0258
Y -0.9089  0.4096  0.0779
Z -0.0816  0.0084 -0.9966

PART 78
OFFSET  0.0000 -0.0000 -0.0000
X  1.0000 -0.0000  0.0000
Y  0.0000  1.0000  0.0000
Z  0.0000 -0.0000  1.0000

PART 79
OFFSET  0.0000 -0.0000 -0.0000
X  1.0000 -0.0000  0.0000
Y  0.0000  1.0000  0.0000
Z  0.0000 -0.0000  1.0000

PART 80
OFFSET  1.5404 -0.0000  4.1357
X  1.0000 -0.0000  0.0000
Y  0.0000  1.0000  0.0000
Z  0.0000 -0.0000  1.0000


FRAME 1807
PART 0
OFFSET -4.6318 -0.0000 -1.3770
X  1.0000 -0.0000  0.0000
Y  0.0000  1.0000  0.0000
Z  0.0000 -0.0000  1.0000

PART 1
OFFSET -4.6318 -0.0000 -1.3770
X  1.0000 -0.0000  0.0000
Y  0.0000  1.0000  0.0000
Z  0.0000 -0.0000  1.0000

PART 2
OFFSET -3.5060  6.3408 -6.7125
X  0.8512 -0.1766 -0.4943
Y -0.0666 -0.9704  0.2320
Z -0.5207 -0.1645 -0.8378

PART 3
OFFSET  6.7878  4.2055 -12.6908
X  0.7444 -0.3948  0.5386
Y -0.5846  0.0045  0.8113
Z -0.3227 -0.9188 -0.2274

PART 4
OFFSET  13.1190  0.8479 -8.1099
X  0.7444 -0.3948  0.5386
Y -0.6492 -0.2390  0.7221
Z -0.1563 -0.8872 -0.4342

PART 5
OFFSET  15.1899  1.9269 -7.5888
X  0.7487 -0.3923  0.5344
Y  0.3290  0.9197  0.2142
Z -0.5755  0.0154  0.8176

PART 6
OFFSET  14.3723 -0.2289 -8.7484
X  0.7487 -0.3923  0.5344
Y  0.3290  0.9197  0.2142
Z -0.5755  0.0154  0.8176

PART 7
OFFSET  14.1546  1.3826 -5.5843
X  0.7487 -0.3923  0.5344
Y  0.3290  0.9197  0.2142
Z -0.5755  0.0154  0.8176

PART 8
OFFSET  13.3314 -0.2222 -5.8049
X  0.7487 -0.3923  0.5344
Y  0.3290  0.9197  0.2142
Z -0.5755  0.0154  0.8176

PART 9
OFFSET  12.9897 -1.1289 -6.7052
X  0.7487 -0.3923  0.5344
Y  0.3290  0.9197  0.2142
Z -0.5755  0.0154  0.8176

PART 10
OFFSET  15.4010 -0.3623 -6.4588
X  0.9768  0.2051  0.0623
Y -0.0492 -0.0685  0.9964
Z  0.2086 -0.9764 -0.0568

PART 11
OFFSET  15.8785 -0.7370 -5.4924
X  0.6985 -0.3455  0.6267
Y -0.5866  0.2250  0.7780
Z -0.4098 -0.9110 -0.0455

PART 12
OFFSET  17.3045 -1.5108 -4.0650
X  0.9771 -0.0949  0.1907
Y -0.2034 -0.1497  0.9676
Z -0.0633 -0.9842 -0.1656

PART 13
OFFSET  18.8869 -1.7654 -3.8335
X  0.9538 -0.1823  0.2389
Y -0.2407  0.0125  0.9705
Z -0.1799 -0.9832 -0.0320

PART 14
OFFSET  19.9060 -2.0073 -3.5601
X  0.7700  0.4996  0.3969
Y -0.3421  0.8483 -0.4041
Z -0.5386  0.1754  0.8241

PART 15
OFFSET  16.3224 -0.3128 -7.4844
X  0.8658  0.0729 -0.4950
Y  0.1656 -0.9753  0.1461
Z -0.4721 -0.2084 -0.8565

PART 16
OFFSET  18.3569 -0.2383 -8.4539
X  0.9551 -0.2240 -0.1940
Y -0.0441 -0.7549  0.6544
Z -0.2930 -0.6164 -0.7309

PART 17
OFFSET  19.7091 -0.5554 -8.7286
X  0.8657 -0.4875  0.1136
Y -0.4374 -0.6263  0.6453
Z -0.2434 -0.6083 -0.7555

PART 18
OFFSET  20.4766 -0.9877 -8.6279
X  0.8404 -0.5228  0.1428
Y -0.4641 -0.5582  0.6878
Z -0.2798 -0.6443 -0.7117

PART 19
OFFSET  21.2750 -1.4843 -8.4922
X -0.3110  0.8434 -0.4380
Y -0.9265 -0.1664  0.3374
Z  0.2117  0.5108  0.8332

PART 20
OFFSET  16.4754 -0.1768 -6.8006
X  0.9459  0.2103 -0.2470
Y  0.1905 -0.9764 -0.1017
Z -0.2626  0.0492 -0.9636

PART 21
OFFSET  18.9374  0.2552 -7.5150
X  0.9308 -0.1873 -0.3138
Y -0.0418 -0.9076  0.4177
Z -0.3630 -0.3757 -0.8527

PART 22
OFFSET  20.5222 -0.0637 -8.0491
X  0.8223 -0.5637 -0.0781
Y -0.4585 -0.7375  0.4959
Z -0.3371 -0.3719 -0.8649

PART 23
OFFSET  21.6618 -0.8450 -8.1573
X  0.5990 -0.7943  0.1017
Y -0.7237 -0.4826  0.4933
Z -0.3427 -0.3691 -0.8639

PART 24
OFFSET  22.3114 -1.7064 -8.0471
X -0.0942  0.9083 -0.4076
Y -0.9208  0.0761  0.3825
Z  0.3785  0.4114  0.8292

PART 25
OFFSET  18.4457 -0.3622 -4.7149
X  0.9865 -0.0653 -0.1499
Y  0.0825  0.9904  0.1113
Z  0.1411 -0.1222  0.9824

PART 26
OFFSET  19.0924  0.7479 -5.4433
X  0.9804  0.0457 -0.1916
Y  0.0401 -0.9987 -0.0330
Z -0.1929  0.0247 -0.9809

PART 27
OFFSET  20.8185  0.8284 -5.7807
X  0.9442 -0.2024 -0.2600
Y -0.2183 -0.9753 -0.0337
Z -0.2467  0.0886 -0.9650

PART 28
OFFSET  21.9813  0.5770 -6.0381
X  0.9031 -0.4051 -0.1426
Y -0.4072 -0.9132  0.0156
Z -0.1365  0.0440 -0.9897

PART 29
OFFSET  23.0014  0.1194 -6.1992
X  0.0352  0.9686 -0.2460
Y -0.9568  0.1038  0.2718
Z  0.2888  0.2258  0.9304

PART 30
OFFSET  19.0790  0.6252 -6.5411
X  0.9424 -0.2408 -0.2321
Y -0.1798 -0.9499  0.2555
Z -0.2820 -0.1991 -0.9385

PART 31
OFFSET  20.9201  0.1548 -6.9944
X  0.8018 -0.5783 -0.1505
Y -0.5011 -0.7880  0.3577
Z -0.3254 -0.2114 -0.9216

PART 32
OFFSET  22.0913 -0.6898 -7.2142
X  0.6301 -0.7742 -0.0592
Y -0.6832 -0.5890  0.4315
Z -0.3690 -0.2315 -0.9002

PART 33
OFFSET  22.8028 -1.5680 -7.2879
X -0.0232  0.9847 -0.1727
Y -0.9534  0.0302  0.3002
Z  0.3008  0.1716  0.9381

PART 34
OFFSET  18.3936 -1.2573 -6.9133
X -0.3009 -0.0088 -0.9536
Y -0.2086  0.9764  0.0568
Z  0.9306  0.2160 -0.2956

PART 35
OFFSET  8.4839 -3.7769 -4.4653
X  0.9970  0.0081  0.0770
Y -0.0233  0.9797  0.1992
Z -0.0739 -0.2004  0.9769

PART 36
OFFSET  8.4839 -3.7769 -4.4653
X  0.9970  0.0081  0.0770
Y -0.0233  0.9797  0.1992
Z -0.0739 -0.2004  0.9769

PART 37
OFFSET  13.6009 -4.4825 -1.8100
X  0.9953  0.0040  0.0970
Y -0.0233  0.9797  0.1992
Z -0.0942 -0.2006  0.9751

PART 38
OFFSET  12.6620 -3.7841 -3.8651
X  0.9970  0.0081  0.0770
Y -0.0233  0.9797  0.1992
Z -0.0739 -0.2004  0.9769

PART 39
OFFSET  35.1285 -3.1226 -3.9770
X  0.9970  0.0081  0.0770
Y -0.0233  0.9797  0.1992
Z -0.0739 -0.2004  0.9769

PART 40
OFFSET  7.9055 -3.3235 -6.7627
X  0.9970  0.0081  0.0770
Y -0.0233  0.9797  0.1992
Z -0.0739 -0.2004  0.9769

PART 41
OFFSET  34.1665 -3.0985 -4.0797
X -0.0233  0.9797  0.1992
Y -0.9970 -0.0081 -0.0770
Z -0.0739 -0.2004  0.9769

PART 42
OFFSET  22.4008 -3.7596 -4.6935
X -0.4490 -0.1883  0.8734
Y -0.8932  0.0691 -0.4443
Z  0.0233 -0.9797 -0.1992

PART 43
OFFSET  22.4008 -3.7596 -4.6935
X -0.0233  0.9797  0.1992
Y -0.9970 -0.0081 -0.0770
Z -0.0739 -0.2004  0.9769

PART 44
OFFSET  22.0250 -3.3814 -5.1423
X -0.0233  0.9797  0.1992
Y -0.9970 -0.0081 -0.0770
Z -0.0739 -0.2004  0.9769

PART 45
OFFSET  21.9923 -2.0099 -4.8634
X -0.0426  0.8876  0.4586
Y -0.9970 -0.0081 -0.0770
Z -0.0647 -0.4605  0.8853

PART 46
OFFSET  31.8532 -3.1618 -4.0821
X  0.9970  0.0081  0.0770
Y -0.0233  0.9797  0.1992
Z -0.0739 -0.2004  0.9769

PART 47
OFFSET  31.1961 -1.6483 -4.6135
X  0.7751 -0.5176  0.3625
Y  0.6306  0.6701 -0.3915
Z -0.0403  0.5321  0.8457

PART 48
OFFSET -17.6076 -4.8127 -7.0611
X -0.8993  0.0642  0.4326
Y -0.2294 -0.9114 -0.3418
Z  0.3723 -0.4066  0.8343

PART 49
OFFSET -6.7314 -5.5890 -12.2925
X -0.9164 -0.0455 -0.3978
Y  0.4003 -0.1233 -0.9081
Z -0.0077 -0.9913  0.1312

PART 50
OFFSET  1.0626 -5.2020 -8.9094
X -0.9164 -0.0455 -0.3978
Y  0.3981  0.0018 -0.9173
Z  0.0425 -0.9990  0.0165

PART 51
OFFSET  2.1177 -3.8659 -7.8766
X -0.9187 -0.0418 -0.3928
Y  0.0046  0.9932 -0.1165
Z  0.3950 -0.1089 -0.9122

PART 52
OFFSET  2.0948 -4.4293 -6.7950
X -0.9187 -0.0418 -0.3928
Y  0.0046  0.9932 -0.1165
Z  0.3950 -0.1089 -0.9122

PART 53
OFFSET  2.2320 -5.7883 -6.7075
X -0.9187 -0.0418 -0.3928
Y  0.0046  0.9932 -0.1165
Z  0.3950 -0.1089 -0.9122

PART 54
OFFSET  3.8719 -5.0625 -7.6900
X -0.9290 -0.0941 -0.3578
Y  0.3579  0.0172 -0.9336
Z  0.0940 -0.9954  0.0177

PART 55
OFFSET  3.9059 -4.6281 -6.6354
X -0.4414 -0.5604 -0.7008
Y  0.6302  0.3624 -0.6867
Z  0.6388 -0.7447  0.1932

PART 56
OFFSET  4.7600 -3.4136 -5.0653
X -0.9106 -0.3991  0.1073
Y  0.0151 -0.2917 -0.9564
Z  0.4130 -0.8693  0.2717

PART 57
OFFSET  6.1847 -2.6894 -5.3260
X -0.5939 -0.1947  0.7806
Y -0.6075 -0.5275 -0.5938
Z  0.5274 -0.8269  0.1950

PART 58
OFFSET  6.8132 -2.4320 -6.1690
X -0.9024  0.2787  0.3286
Y  0.1241  0.8984 -0.4212
Z -0.4126 -0.3393 -0.8454

PART 59
OFFSET  5.0223 -4.7633 -8.3905
X -0.9419 -0.3203  0.1015
Y  0.3262 -0.9441  0.0476
Z  0.0806  0.0779  0.9937

PART 60
OFFSET  7.1102 -3.9165 -8.4796
X -0.0880 -0.9863 -0.1394
Y  0.9689 -0.0522 -0.2417
Z  0.2311 -0.1563  0.9603

PART 61
OFFSET  7.2348 -2.5201 -8.2822
X  0.7989 -0.5311 -0.2824
Y  0.5664  0.8223  0.0557
Z  0.2026 -0.2044  0.9577

PART 62
OFFSET  6.5264 -2.0492 -8.0319
X  0.9170  0.3619 -0.1676
Y -0.3239  0.9210  0.2166
Z  0.2327 -0.1443  0.9618

PART 63
OFFSET  5.6552 -2.3930 -7.8727
X -0.5317 -0.8341 -0.1469
Y -0.8052  0.4441  0.3929
Z -0.2625  0.3271 -0.9078

PART 64
OFFSET  5.0019 -4.8930 -7.6889
X -0.9633 -0.2546 -0.0853
Y  0.2487 -0.9658  0.0734
Z -0.1011  0.0495  0.9936

PART 65
OFFSET  7.5225 -4.2610 -7.6133
X -0.1232 -0.9921 -0.0257
Y  0.9631 -0.1133 -0.2442
Z  0.2393 -0.0548  0.9694

PART 66
OFFSET  7.7322 -2.5720 -7.5695
X  0.9054 -0.3493 -0.2414
Y  0.3583  0.9336 -0.0070
Z  0.2278 -0.0802  0.9704

PART 67
OFFSET  6.4774 -2.0880 -7.2350
X  0.8402  0.5211 -0.1500
Y -0.4946  0.8499  0.1816
Z  0.2221 -0.0784  0.9719

PART 68
OFFSET  5.5661 -2.6531 -7.0723
X -0.3949 -0.9163  0.0669
Y -0.8959  0.4002  0.1928
Z -0.2034  0.0162 -0.9790

PART 69
OFFSET -0.2469 -6.0023 -8.3804
X -0.9172 -0.3687 -0.1512
Y -0.3459  0.9250 -0.1573
Z  0.1979 -0.0920 -0.9759

PART 70
OFFSET  7.2570 -5.0788 -5.5850
X -0.9718  0.0094 -0.2356
Y  0.0139 -0.9952 -0.0967
Z -0.2354 -0.0972  0.9670

PART 71
OFFSET  8.9680 -5.0953 -5.1701
X -0.3503 -0.9283 -0.1249
Y  0.9076 -0.3694  0.1996
Z -0.2314 -0.0434  0.9719

PART 72
OFFSET  9.3798 -3.9694 -4.9593
X  0.0650 -0.9926 -0.1029
Y  0.9694  0.0384  0.2426
Z -0.2368 -0.1155  0.9647

PART 73
OFFSET  9.3063 -2.8483 -4.8430
X -0.9629  0.2560  0.0858
Y  0.2601  0.9647  0.0408
Z -0.0724  0.0616 -0.9955

PART 74
OFFSET  7.5293 -4.8916 -6.6392
X -0.2558 -0.9667  0.0024
Y  0.9656 -0.2557 -0.0473
Z  0.0463 -0.0098  0.9989

PART 75
OFFSET  8.0291 -3.0031 -6.6439
X  0.8394 -0.5413 -0.0485
Y  0.5386  0.8405 -0.0595
Z  0.0730  0.0238  0.9970

PART 76
OFFSET  6.8030 -2.2123 -6.5730
X  0.8925  0.4382 -0.1071
Y -0.4441  0.8951 -0.0389
Z  0.0788  0.0823  0.9935

PART 77
OFFSET  5.7913 -2.7086 -6.4587
X -0.4057 -0.9130  0.0435
Y -0.9059  0.4080  0.1132
Z -0.1210  0.0065 -0.9926

PART 78
OFFSET  0.0000 -0.0000 -0.0000
X  1.0000 -0.0000  0.0000
Y  0.0000  1.0000  0.0000
Z  0.0000 -0.0000  1.0000

PART 79
OFFSET  0.0000 -0.0000 -0.0000
X  1.0000 -0.0000  0.0000
Y  0.0000  1.0000  0.0000
Z  0.0000 -0.0000  1.0000

PART 80
OFFSET  1.5404 -0.0000  4.1357
X  1.0000 -0.0000  0.0000
Y  0.0000  1.0000  0.0000
Z  0.0000 -0.0000  1.0000


FRAME 1808
PART 0
OFFSET -4.6318 -0.0000 -1.3770
X  1.0000 -0.0000  0.0000
Y  0.0000  1.0000  0.0000
Z  0.0000 -0.0000  1.0000

PART 1
OFFSET -4.6318 -0.0000 -1.3770
X  1.0000 -0.0000  0.0000
Y  0.0000  1.0000  0.0000
Z  0.0000 -0.0000  1.0000

PART 2
OFFSET -3.5060  6.3408 -6.7125
X  0.8115 -0.1512 -0.5644
Y  0.0011 -0.9656  0.2602
Z -0.5843 -0.2117 -0.7834

PART 3
OFFSET  6.3084  4.5124 -13.5386
X  0.7577 -0.3435  0.5549
Y -0.5811  0.0318  0.8132
Z -0.2969 -0.9386 -0.1755

PART 4
OFFSET  12.7530  1.5912 -8.8188
X  0.7577 -0.3435  0.5549
Y -0.6276 -0.1501  0.7640
Z -0.1791 -0.9271 -0.3293

PART 5
OFFSET  14.7940  2.7557 -8.3687
X  0.7619 -0.3411  0.5506
Y  0.3032  0.9390  0.1622
Z -0.5723  0.0433  0.8189

PART 6
OFFSET  14.0342  0.5176 -9.4052
X  0.7619 -0.3411  0.5506
Y  0.3032  0.9390  0.1622
Z -0.5723  0.0433  0.8189

PART 7
OFFSET  13.7831  2.2916 -6.3318
X  0.7619 -0.3411  0.5506
Y  0.3032  0.9390  0.1622
Z -0.5723  0.0433  0.8189

PART 8
OFFSET  13.0057  0.6542 -6.4605
X  0.7619 -0.3411  0.5506
Y  0.3032  0.9390  0.1622
Z -0.5723  0.0433  0.8189

PART 9
OFFSET  12.6867 -0.3094 -7.3084
X  0.7619 -0.3411  0.5506
Y  0.3032  0.9390  0.1622
Z -0.5723  0.0433  0.8189

PART 10
OFFSET  15.0758  0.5382 -7.1176
X  0.9478  0.3187  0.0059
Y -0.0562  0.1488  0.9873
Z  0.3138 -0.9361  0.1589

PART 11
OFFSET  15.5768  0.4408 -6.0969
X  0.6597 -0.0883  0.7463
Y -0.6854  0.3365  0.6457
Z -0.3082 -0.9375  0.1614

PART 12
OFFSET  16.9148  0.2316 -4.4130
X  0.9098  0.0965  0.4037
Y -0.4112  0.0773  0.9082
Z  0.0565 -0.9923  0.1100

PART 13
OFFSET  18.4144  0.2718 -3.8031
X  0.6511  0.1418  0.7456
Y -0.7572  0.1890  0.6252
Z -0.0522 -0.9717  0.2304

PART 14
OFFSET  19.1032  0.3839 -2.9756
X  0.3581  0.7678  0.5313
Y -0.1097  0.5997 -0.7927
Z -0.9272  0.2256  0.2990

PART 15
OFFSET  16.0015  0.4594 -8.1376
X  0.8478  0.0397 -0.5289
Y  0.2638 -0.8967  0.3556
Z -0.4601 -0.4409 -0.7706

PART 16
OFFSET  18.0056  0.5029 -9.1701
X  0.9375 -0.0000 -0.3480
Y  0.2933 -0.5381  0.7902
Z -0.1873 -0.8429 -0.5045

PART 17
OFFSET  19.3330  0.5028 -9.6627
X  0.9549  0.0236 -0.2959
Y  0.2579 -0.5596  0.7876
Z -0.1469 -0.8284 -0.5405

PART 18
OFFSET  20.1796  0.5238 -9.9250
X  0.9183  0.0714 -0.3893
Y  0.3710 -0.4983  0.7836
Z -0.1380 -0.8641 -0.4841

PART 19
OFFSET  21.0521  0.5916 -10.2949
X -0.9153  0.3831 -0.1242
Y -0.3283 -0.5313  0.7810
Z  0.2332  0.7556  0.6121

PART 20
OFFSET  16.1288  0.7591 -7.5024
X  0.9212  0.2520 -0.2966
Y  0.2965 -0.9481  0.1153
Z -0.2522 -0.1941 -0.9480

PART 21
OFFSET  18.5399  1.2875 -8.3184
X  0.9086  0.0638 -0.4128
Y  0.3009 -0.7854  0.5409
Z -0.2897 -0.6157 -0.7328

PART 22
OFFSET  20.0868  1.3961 -9.0212
X  0.9386  0.0107 -0.3448
Y  0.2169 -0.7954  0.5660
Z -0.2682 -0.6061 -0.7488

PART 23
OFFSET  21.3876  1.4109 -9.4990
X  0.9586 -0.1094 -0.2629
Y  0.0780 -0.7872  0.6117
Z -0.2739 -0.6069 -0.7461

PART 24
OFFSET  22.4272  1.2923 -9.7842
X -0.8434  0.5095 -0.1707
Y -0.4738 -0.5555  0.6833
Z  0.2533  0.6572  0.7099

PART 25
OFFSET  18.0767  1.2553 -5.4466
X  0.9899  0.0108 -0.1412
Y -0.0268  0.9934 -0.1116
Z  0.1390  0.1143  0.9837

PART 26
OFFSET  18.6101  2.2403 -6.4090
X  0.9645  0.2186 -0.1483
Y  0.2397 -0.9601  0.1439
Z -0.1110 -0.1744 -0.9784

PART 27
OFFSET  20.3082  2.6251 -6.6701
X  0.9603  0.1943 -0.2002
Y  0.2161 -0.9719  0.0936
Z -0.1764 -0.1331 -0.9753

PART 28
OFFSET  21.4864  2.8693 -6.8542
X  0.9669  0.2404 -0.0859
Y  0.2491 -0.9621  0.1109
Z -0.0560 -0.1286 -0.9901

PART 29
OFFSET  22.5785  3.1409 -6.9512
X -0.5554  0.7541 -0.3507
Y -0.8315 -0.4977  0.2467
Z  0.0115  0.4286  0.9034

PART 30
OFFSET  18.6263  1.8770 -7.4521
X  0.9787  0.0149 -0.2046
Y  0.1020 -0.9007  0.4223
Z -0.1780 -0.4342 -0.8830

PART 31
OFFSET  20.5383  1.9060 -7.8519
X  0.9617  0.0577 -0.2680
Y  0.1721 -0.8880  0.4264
Z -0.2133 -0.4562 -0.8639

PART 32
OFFSET  21.9429  1.9903 -8.2433
X  0.9647 -0.0046 -0.2635
Y  0.1272 -0.8675  0.4808
Z -0.2308 -0.4974 -0.8363

PART 33
OFFSET  23.0338  1.9823 -8.5480
X -0.8062  0.5894 -0.0516
Y -0.5393 -0.6962  0.4737
Z  0.2433  0.4098  0.8792

PART 34
OFFSET  18.1540 -0.1043 -7.3914
X -0.2840 -0.2523 -0.9250
Y -0.3138  0.9361 -0.1589
Z  0.9060  0.2451 -0.3451

PART 35
OFFSET  8.2772 -4.6057 -4.2938
X  0.9993 -0.0175  0.0329
Y  0.0103  0.9785  0.2061
Z -0.0358 -0.2056  0.9780

PART 36
OFFSET  8.2772 -4.6057 -4.2938
X  0.9993 -0.0175  0.0329
Y  0.0103  0.9785  0.2061
Z -0.0358 -0.2056  0.9780

PART 37
OFFSET  13.4867 -5.4587 -1.8717
X  0.9984 -0.0217  0.0529
Y  0.0103  0.9785  0.2061
Z -0.0562 -0.2052  0.9771

PART 38
OFFSET  12.4762 -4.7220 -3.8790
X  0.9993 -0.0175  0.0329
Y  0.0103  0.9785  0.2061
Z -0.0358 -0.2056  0.9780

PART 39
OFFSET  34.9255 -4.6232 -4.9799
X  0.9993 -0.0175  0.0329
Y  0.0103  0.9785  0.2061
Z -0.0358 -0.2056  0.9780

PART 40
OFFSET  7.6099 -4.1212 -6.5606
X  0.9993 -0.0175  0.0329
Y  0.0103  0.9785  0.2061
Z -0.0358 -0.2056  0.9780

PART 41
OFFSET  33.9608 -4.5742 -5.0399
X  0.0103  0.9785  0.2061
Y -0.9993  0.0175 -0.0329
Z -0.0358 -0.2056  0.9780

PART 42
OFFSET  22.1665 -4.9357 -5.1369
X -0.4148 -0.1834  0.8913
Y -0.9099  0.0947 -0.4040
Z -0.0103 -0.9785 -0.2061

PART 43
OFFSET  22.1665 -4.9357 -5.1369
X  0.0103  0.9785  0.2061
Y -0.9993  0.0175 -0.0329
Z -0.0358 -0.2056  0.9780

PART 44
OFFSET  21.7810 -4.5449 -5.5663
X  0.0103  0.9785  0.2061
Y -0.9993  0.0175 -0.0329
Z -0.0358 -0.2056  0.9780

PART 45
OFFSET  21.7954 -3.1751 -5.2778
X -0.0200  0.4940  0.8692
Y -0.9993  0.0175 -0.0329
Z -0.0315 -0.8693  0.4933

PART 46
OFFSET  31.6488 -4.5796 -4.9403
X  0.9993 -0.0175  0.0329
Y  0.0103  0.9785  0.2061
Z -0.0358 -0.2056  0.9780

PART 47
OFFSET  31.0075 -3.0462 -5.4328
X  0.7769 -0.5394  0.3247
Y  0.6295  0.6569 -0.4149
Z  0.0105  0.5267  0.8500

PART 48
OFFSET -17.6076 -4.8127 -7.0611
X -0.8896  0.0791  0.4499
Y -0.2689 -0.8868 -0.3758
Z  0.3692 -0.4553  0.8102

PART 49
OFFSET -6.8491 -5.7690 -12.5019
X -0.8941 -0.0015 -0.4479
Y  0.4458 -0.0994 -0.8896
Z -0.0432 -0.9950  0.0896

PART 50
OFFSET  0.7555 -5.7563 -8.6924
X -0.8941 -0.0015 -0.4479
Y  0.4479  0.0063 -0.8941
Z  0.0042 -1.0000 -0.0050

PART 51
OFFSET  1.7900 -4.4953 -7.5502
X -0.8966  0.0021 -0.4429
Y  0.0394  0.9964 -0.0750
Z  0.4411 -0.0847 -0.8934

PART 52
OFFSET  1.6918 -5.1001 -6.4956
X -0.8966  0.0021 -0.4429
Y  0.0394  0.9964 -0.0750
Z  0.4411 -0.0847 -0.8934

PART 53
OFFSET  1.7851 -6.4652 -6.4570
X -0.8966  0.0021 -0.4429
Y  0.0394  0.9964 -0.0750
Z  0.4411 -0.0847 -0.8934

PART 54
OFFSET  3.4965 -5.7517 -7.3194
X -0.9460 -0.0682 -0.3170
Y  0.3167  0.0151 -0.9484
Z  0.0694 -0.9976  0.0073

PART 55
OFFSET  3.5879 -5.3260 -6.2646
X -0.4859 -0.5440 -0.6840
Y  0.6083  0.3515 -0.7116
Z  0.6276 -0.7619  0.1601

PART 56
OFFSET  4.5409 -4.1447 -4.7263
X -0.9148 -0.3769  0.1450
Y -0.0344 -0.2850 -0.9579
Z  0.4023 -0.8813  0.2478

PART 57
OFFSET  5.9706 -3.4546 -5.0454
X -0.5637 -0.1855  0.8049
Y -0.6463 -0.5078 -0.5696
Z  0.5143 -0.8413  0.1664

PART 58
OFFSET  6.5677 -3.2070 -5.9137
X -0.8797  0.2989  0.3699
Y  0.1282  0.8981 -0.4207
Z -0.4579 -0.3227 -0.8284

PART 59
OFFSET  4.6221 -5.4763 -8.0681
X -0.9443 -0.2973  0.1410
Y  0.3039 -0.9523  0.0273
Z  0.1262  0.0686  0.9896

PART 60
OFFSET  6.7249 -4.6815 -8.2442
X -0.1190 -0.9828 -0.1415
Y  0.9557 -0.0748 -0.2846
Z  0.2691 -0.1691  0.9482

PART 61
OFFSET  6.8934 -3.2902 -8.0439
X  0.7719 -0.5489 -0.3207
Y  0.5890  0.8074  0.0357
Z  0.2393 -0.2164  0.9465

PART 62
OFFSET  6.2090 -2.8035 -7.7596
X  0.9176  0.3400 -0.2057
Y -0.2906  0.9272  0.2363
Z  0.2711 -0.1571  0.9496

PART 63
OFFSET  5.3372 -3.1265 -7.5642
X -0.5586 -0.8194 -0.1283
Y -0.7756  0.4613  0.4308
Z -0.2938  0.3402 -0.8933

PART 64
OFFSET  4.6294 -5.6107 -7.3671
X -0.9723 -0.2297 -0.0442
Y  0.2271 -0.9722  0.0564
Z -0.0560  0.0448  0.9974

PART 65
OFFSET  7.1660 -5.0426 -7.3992
X -0.1493 -0.9884 -0.0264
Y  0.9482 -0.1356 -0.2872
Z  0.2803 -0.0679  0.9575

PART 66
OFFSET  7.4203 -3.3598 -7.3543
X  0.8847 -0.3701 -0.2833
Y  0.3812  0.9243 -0.0171
Z  0.2682 -0.0929  0.9589

PART 67
OFFSET  6.1941 -2.8468 -6.9616
X  0.8458  0.5009 -0.1837
Y -0.4644  0.8607  0.2085
Z  0.2626 -0.0910  0.9606

PART 68
OFFSET  5.2768 -3.3901 -6.7623
X -0.4147 -0.9065  0.0787
Y -0.8761  0.4212  0.2347
Z -0.2459  0.0284 -0.9689

PART 69
OFFSET -0.6712 -6.5829 -7.8327
X -0.9320 -0.3444 -0.1128
Y -0.3289  0.9345 -0.1362
Z  0.1523 -0.0898 -0.9842

PART 70
OFFSET  6.9695 -5.8682 -5.3662
X -0.9807  0.0354 -0.1924
Y -0.0157 -0.9945 -0.1033
Z -0.1950 -0.0983  0.9759

PART 71
OFFSET  8.6961 -5.9306 -5.0275
X -0.3789 -0.9183 -0.1150
Y  0.9058 -0.3935  0.1570
Z -0.1894 -0.0447  0.9809

PART 72
OFFSET  9.1453 -4.8170 -4.8281
X  0.0352 -0.9931 -0.1118
Y  0.9798  0.0123  0.1997
Z -0.1970 -0.1166  0.9735

PART 73
OFFSET  9.1054 -3.6953 -4.7018
X -0.9513  0.2794  0.1299
Y  0.2860  0.9576  0.0352
Z -0.1146  0.0706 -0.9909

PART 74
OFFSET  7.1997 -5.6802 -6.4302
X -0.2799 -0.9600  0.0078
Y  0.9558 -0.2795 -0.0915
Z  0.0900 -0.0182  0.9958

