// Export filename: `C:\projects\cod\t5\xanim_export\t5_viewmodels\ak47\ak47_masterkey_reloadmk_intro.XANIM_EXPORT`
// Source filename: `D:\projects\devanim\t5\animation_assets\viewmodels/ak47/masterkey_set/ak47_masterkey_mkreload_empty.fbx`
// Export time: Wed Oct 28 14:21:48 2009

ANIMATION
VERSION 3

NUMPARTS 87
PART 0 "tag_torso"
PART 1 "J_Shoulder_LE"
PART 2 "J_Elbow_LE"
PART 3 "J_WristTwist_LE"
PART 4 "J_Sleave_Reshape_Bottom_LE_1"
PART 5 "J_Sleave_Reshape_Bottom_LE_2"
PART 6 "J_Sleave_Reshape_Top_LE_1"
PART 7 "J_Sleave_Reshape_Top_LE_2"
PART 8 "J_Sleave_Reshape_Top_LE_3"
PART 9 "J_Wrist_LE"
PART 10 "J_Thumb_LE_0"
PART 11 "J_Thumb_LE_1"
PART 12 "J_Thumb_LE_2"
PART 13 "J_Thumb_LE_3"
PART 14 "J_PinkyPalm_LE"
PART 15 "J_Pinky_LE_0"
PART 16 "J_Pinky_LE_1"
PART 17 "J_Pinky_LE_2"
PART 18 "J_Pinky_LE_3"
PART 19 "J_RingPalm_LE"
PART 20 "J_Ring_LE_0"
PART 21 "J_Ring_LE_1"
PART 22 "J_Ring_LE_2"
PART 23 "J_Ring_LE_3"
PART 24 "J_Webbing_LE"
PART 25 "J_Index_LE_0"
PART 26 "J_Index_LE_1"
PART 27 "J_Index_LE_2"
PART 28 "J_Index_LE_3"
PART 29 "J_Mid_LE_0"
PART 30 "J_Mid_LE_1"
PART 31 "J_Mid_LE_2"
PART 32 "J_Mid_LE_3"
PART 33 "tag_knife_attach"
PART 34 "J_Shoulder_RI"
PART 35 "J_Elbow_RI"
PART 36 "J_WristTwist_RI"
PART 37 "J_Sleave_Reshape_Top_RI_3"
PART 38 "J_Sleave_Reshape_Top_RI_2"
PART 39 "J_Sleave_Reshape_Top_RI_1"
PART 40 "J_Wrist_RI"
PART 41 "J_Thumb_RI_0"
PART 42 "J_Thumb_RI_1"
PART 43 "J_Thumb_RI_2"
PART 44 "J_Thumb_RI_3"
PART 45 "J_PinkyPalm_RI"
PART 46 "J_Pinky_RI_0"
PART 47 "J_Pinky_RI_1"
PART 48 "J_Pinky_RI_2"
PART 49 "J_Pinky_RI_3"
PART 50 "J_RingPalm_RI"
PART 51 "J_Ring_RI_0"
PART 52 "J_Ring_RI_1"
PART 53 "J_Ring_RI_2"
PART 54 "J_Ring_RI_3"
PART 55 "J_Webbing_RI"
PART 56 "J_Index_RI_0"
PART 57 "J_Index_RI_1"
PART 58 "J_Index_RI_2"
PART 59 "J_Index_RI_3"
PART 60 "J_Mid_RI_0"
PART 61 "J_Mid_RI_1"
PART 62 "J_Mid_RI_2"
PART 63 "J_Mid_RI_3"
PART 64 "tag_weapon"
PART 65 "J_Gun"
PART 66 "J_Bolt2"
PART 67 "TAG_CLIP"
PART 68 "TAG_BIG_MAG"
PART 69 "J_Trigger"
PART 70 "tag_mount"
PART 71 "TAG_GRIP"
PART 72 "tag_scope_ir"
PART 73 "TAG_TRILUX"
PART 74 "tag_masterkey"
PART 75 "tag_brass2"
PART 76 "tag_ammo2"
PART 77 "tag_pump2"
PART 78 "TAG_REFLEX"
PART 79 "tag_he_grenade"
PART 80 "tag_grenadier"
PART 81 "tag_suppressor"
PART 82 "tag_scope_colt"
PART 83 "tag_cambone"
PART 84 "tag_camera"
PART 85 "tag_gasmask"
PART 86 "tag_ads"

FRAMERATE 30
NUMFRAMES 31

FRAME 255
PART 0
OFFSET -4.6318 -0.0000 -1.3770
X  1.0000 -0.0000  0.0000
Y  0.0000  1.0000  0.0000
Z  0.0000 -0.0000  1.0000

PART 1
OFFSET  4.7874  6.3408 -8.1116
X  0.7927 -0.1695 -0.5856
Y -0.0255 -0.9690  0.2459
Z -0.6091 -0.1799 -0.7724

PART 2
OFFSET  14.3737  4.2909 -15.1943
X  0.6332 -0.3622  0.6840
Y -0.6989  0.1120  0.7064
Z -0.3325 -0.9253 -0.1822

PART 3
OFFSET  19.7596  1.2104 -9.3768
X  0.6332 -0.3622  0.6840
Y -0.7734 -0.3292  0.5417
Z  0.0289 -0.8720 -0.4886

PART 4
OFFSET  21.6563  1.5253 -8.9111
X  0.6383 -0.3603  0.6803
Y  0.3407  0.9247  0.1700
Z -0.6903  0.1232  0.7130

PART 5
OFFSET  21.1123  0.0335 -9.7708
X  0.6383 -0.3603  0.6803
Y  0.3407  0.9247  0.1700
Z -0.6903  0.1232  0.7130

PART 6
OFFSET  20.2238  1.4302 -7.0358
X  0.6383 -0.3603  0.6803
Y  0.3407  0.9247  0.1700
Z -0.6903  0.1232  0.7130

PART 7
OFFSET  19.5452  0.0481 -7.1301
X  0.6383 -0.3603  0.6803
Y  0.3407  0.9247  0.1700
Z -0.6903  0.1232  0.7130

PART 8
OFFSET  19.5213 -0.4041 -7.9074
X  0.6383 -0.3603  0.6803
Y  0.3407  0.9247  0.1700
Z -0.6903  0.1232  0.7130

PART 9
OFFSET  21.7010  0.1000 -7.2799
X  0.9259 -0.1170  0.3592
Y -0.3743 -0.4137  0.8299
Z  0.0515 -0.9029 -0.4269

PART 10
OFFSET  21.7774 -0.7226 -6.4927
X  0.5697 -0.7487  0.3390
Y -0.6160 -0.1159  0.7792
Z -0.5441 -0.6527 -0.5272

PART 11
OFFSET  22.9150 -2.3861 -5.7128
X  0.9519 -0.3064 -0.0054
Y -0.2089 -0.6618  0.7200
Z -0.2242 -0.6842 -0.6940

PART 12
OFFSET  24.4390 -2.9179 -5.8422
X  0.9310 -0.1509 -0.3324
Y  0.1132 -0.7463  0.6559
Z -0.3470 -0.6483 -0.6777

PART 13
OFFSET  25.4319 -3.1235 -6.2215
X  0.9335  0.1512  0.3252
Y -0.3079  0.8029  0.5104
Z -0.1839 -0.5766  0.7961

PART 14
OFFSET  22.8956  0.2615 -7.9508
X  0.9881 -0.0092 -0.1533
Y -0.0480 -0.9666 -0.2518
Z -0.1459  0.2562 -0.9556

PART 15
OFFSET  25.1312  0.0851 -8.1870
X  0.4191 -0.9007 -0.1143
Y -0.8903 -0.4324  0.1433
Z -0.1784  0.0417 -0.9831

PART 16
OFFSET  25.7245 -1.1902 -8.3487
X -0.7101 -0.6980  0.0920
Y -0.6910  0.7160  0.0991
Z -0.1350  0.0069 -0.9908

PART 17
OFFSET  25.0948 -1.8091 -8.2672
X -0.9546 -0.2551  0.1537
Y -0.2414  0.9650  0.1027
Z -0.1745  0.0609 -0.9828

PART 18
OFFSET  24.1879 -2.0515 -8.1212
X  0.9069 -0.4194 -0.0399
Y  0.4100  0.9004 -0.1456
Z  0.0970  0.1157  0.9885

PART 19
OFFSET  22.8433  0.0869 -7.2607
X  0.9964  0.0103  0.0844
Y  0.0489 -0.8812 -0.4701
Z  0.0696  0.4726 -0.8785

PART 20
OFFSET  25.4421  0.0369 -7.2123
X  0.3205 -0.9193 -0.2282
Y -0.9435 -0.3311  0.0088
Z -0.0836  0.2125 -0.9736

PART 21
OFFSET  25.9878 -1.5282 -7.6009
X -0.7921 -0.6070 -0.0640
Y -0.6068  0.7717  0.1905
Z -0.0663  0.1897 -0.9796

PART 22
OFFSET  24.8900 -2.3696 -7.6895
X -0.9803  0.1727  0.0963
Y  0.1877  0.9656  0.1797
Z -0.0619  0.1943 -0.9790

PART 23
OFFSET  23.8269 -2.1823 -7.5851
X  0.6929 -0.6835 -0.2297
Y  0.7181  0.6829  0.1340
Z  0.0653 -0.2578  0.9640

PART 24
OFFSET  23.9885 -1.4015 -5.0836
X  0.9579 -0.2811  0.0588
Y  0.2052  0.8130  0.5449
Z -0.2010 -0.5099  0.8364

PART 25
OFFSET  25.0073 -0.3324 -5.0956
X  0.7992 -0.5827 -0.1474
Y -0.5850 -0.6977 -0.4136
Z  0.1381  0.4168 -0.8984

PART 26
OFFSET  26.4144 -1.3584 -5.3552
X -0.2977 -0.7949 -0.5287
Y -0.9374  0.3483  0.0042
Z  0.1808  0.4968 -0.8488

PART 27
OFFSET  26.0414 -2.3549 -5.9464
X -0.9916  0.0201 -0.1280
Y -0.0337  0.9140  0.4043
Z  0.1251  0.4052 -0.9056

PART 28
OFFSET  24.9214 -2.3322 -6.0910
X  0.3884 -0.7177 -0.5780
Y  0.9100  0.2002  0.3630
Z -0.1448 -0.6670  0.7308

PART 29
OFFSET  25.3238 -0.0331 -6.1108
X  0.6300 -0.7559 -0.1780
Y -0.7667 -0.5688 -0.2978
Z  0.1238  0.3241 -0.9379

PART 30
OFFSET  26.5545 -1.5098 -6.4586
X -0.7393 -0.6072 -0.2910
Y -0.6685  0.7139  0.2086
Z  0.0811  0.3488 -0.9337

PART 31
OFFSET  25.4747 -2.3968 -6.8837
X -0.9972  0.0509 -0.0545
Y  0.0250  0.9165  0.3993
Z  0.0703  0.3968 -0.9152

PART 32
OFFSET  24.3457 -2.3370 -6.9522
X  0.7442 -0.6498 -0.1547
Y  0.6644  0.6963  0.2715
Z -0.0687 -0.3048  0.9499

PART 33
OFFSET  24.4914 -1.3701 -7.4037
X  0.0211  0.4283 -0.9034
Y -0.0515  0.9029  0.4269
Z  0.9984  0.0375  0.0411

PART 34
OFFSET -7.2604 -4.8127 -5.4071
X -0.2976  0.7763  0.5557
Y -0.0836 -0.6011  0.7948
Z  0.9510  0.1901  0.2438

PART 35
OFFSET -3.6611 -14.2007 -12.1282
X -0.3157 -0.8982 -0.3058
Y  0.8543 -0.1288 -0.5035
Z  0.4129 -0.4202  0.8081

PART 36
OFFSET -0.9762 -6.5608 -9.5271
X -0.3157 -0.8982 -0.3058
Y  0.7226 -0.0187 -0.6911
Z  0.6150 -0.4391  0.6549

PART 37
OFFSET -1.6267 -4.6927 -9.6399
X -0.3219 -0.8963 -0.3050
Y -0.4242  0.4246 -0.7999
Z  0.8464 -0.1281 -0.5169

PART 38
OFFSET -2.0748 -4.4789 -8.5494
X -0.3219 -0.8963 -0.3050
Y -0.4242  0.4246 -0.7999
Z  0.8464 -0.1281 -0.5169

PART 39
OFFSET -1.3120 -4.9740 -7.5571
X -0.3219 -0.8963 -0.3050
Y -0.4242  0.4246 -0.7999
Z  0.8464 -0.1281 -0.5169

PART 40
OFFSET -0.0084 -3.8071 -8.5895
X -0.9079 -0.0856 -0.4103
Y  0.4104  0.0177 -0.9117
Z  0.0853 -0.9962  0.0191

PART 41
OFFSET -0.0310 -3.3766 -7.5329
X -0.4052 -0.5545 -0.7269
Y  0.6708  0.3598 -0.6485
Z  0.6211 -0.7503  0.2262

PART 42
OFFSET  0.7418 -2.1742 -5.9123
X -0.9183 -0.3923  0.0540
Y  0.0671 -0.2886 -0.9551
Z  0.3903 -0.8734  0.2913

PART 43
OFFSET  2.1845 -1.4602 -6.0890
X -0.6387 -0.1928  0.7449
Y -0.5768 -0.5207 -0.6294
Z  0.5092 -0.8317  0.2214

PART 44
OFFSET  2.8617 -1.2049 -6.8939
X -0.9175  0.2846  0.2780
Y  0.1547  0.8989 -0.4099
Z -0.3665 -0.3331 -0.8687

PART 45
OFFSET  1.1821 -3.5144 -9.2224
X -0.9485 -0.3133  0.0466
Y  0.3158 -0.9468  0.0623
Z  0.0246  0.0739  0.9970

PART 46
OFFSET  3.2781 -2.6837 -9.1897
X -0.0874 -0.9851 -0.1480
Y  0.9807 -0.0590 -0.1865
Z  0.1750 -0.1614  0.9712

PART 47
OFFSET  3.4018 -1.2890 -8.9801
X  0.8095 -0.5364 -0.2387
Y  0.5685  0.8176  0.0910
Z  0.1464 -0.2093  0.9668

PART 48
OFFSET  2.6840 -0.8134 -8.7685
X  0.9278  0.3553 -0.1139
Y -0.3287  0.9227  0.2014
Z  0.1767 -0.1494  0.9729

PART 49
OFFSET  1.8026 -1.1510 -8.6603
X -0.5288 -0.8294 -0.1800
Y -0.8228  0.4490  0.3483
Z -0.2080  0.3323 -0.9199

PART 50
OFFSET  1.1209 -3.6465 -8.5236
X -0.9588 -0.2467 -0.1408
Y  0.2368 -0.9680  0.0836
Z -0.1569  0.0469  0.9865

PART 51
OFFSET  3.6379 -3.0344 -8.3028
X -0.1291 -0.9910 -0.0365
Y  0.9745 -0.1199 -0.1896
Z  0.1835 -0.0601  0.9812

PART 52
OFFSET  3.8576 -1.3473 -8.2406
X  0.9149 -0.3555 -0.1910
Y  0.3652  0.9308  0.0170
Z  0.1718 -0.0853  0.9814

PART 53
OFFSET  2.5896 -0.8546 -7.9759
X  0.8513  0.5150 -0.1000
Y -0.4977  0.8531  0.1565
Z  0.1660 -0.0835  0.9826

PART 54
OFFSET  1.6663 -1.4131 -7.8674
X -0.4051 -0.9134  0.0409
Y -0.9023  0.4066  0.1432
Z -0.1474  0.0211 -0.9888

PART 55
OFFSET -4.0884 -4.7123 -9.5160
X -0.9099 -0.3610 -0.2044
Y -0.3293  0.9282 -0.1731
Z  0.2522 -0.0902 -0.9635

PART 56
OFFSET  3.2515 -3.8571 -6.2960
X -0.9568  0.0178 -0.2903
Y  0.0118 -0.9950 -0.0996
Z -0.2906 -0.0987  0.9517

PART 57
OFFSET  4.9360 -3.8884 -5.7848
X -0.3497 -0.9251 -0.1482
Y  0.8920 -0.3772  0.2493
Z -0.2865 -0.0450  0.9570

PART 58
OFFSET  5.3438 -2.7665 -5.5465
X  0.0632 -0.9927 -0.1029
Y  0.9543  0.0300  0.2973
Z -0.2921 -0.1170  0.9492

PART 59
OFFSET  5.2724 -1.6453 -5.4303
X -0.9642  0.2632  0.0321
Y  0.2647  0.9625  0.0592
Z -0.0153  0.0656 -0.9977

PART 60
OFFSET  3.5846 -3.6684 -7.3323
X -0.2630 -0.9647 -0.0159
Y  0.9647 -0.2631  0.0065
Z -0.0105 -0.0136  0.9999

PART 61
OFFSET  4.0984 -1.7839 -7.3013
X  0.8366 -0.5478 -0.0029
Y  0.5476  0.8364 -0.0256
Z  0.0165  0.0198  0.9997

PART 62
OFFSET  2.8765 -0.9837 -7.2970
X  0.9005  0.4315 -0.0546
Y -0.4343  0.8987 -0.0605
Z  0.0230  0.0782  0.9967

PART 63
OFFSET  1.8561 -1.4723 -7.2422
X -0.4146 -0.9099  0.0169
Y -0.9077  0.4148  0.0632
Z -0.0645  0.0109 -0.9979

PART 64
OFFSET  4.4231 -2.5687 -5.1035
X  0.9910  0.0000  0.1335
Y -0.0271  0.9791  0.2014
Z -0.1307 -0.2032  0.9704

PART 65
OFFSET  4.4231 -2.5687 -5.1035
X  0.9910  0.0000  0.1335
Y -0.0271  0.9791  0.2014
Z -0.1307 -0.2032  0.9704

PART 66
OFFSET  9.3837 -3.3236 -2.1638
X  0.9882 -0.0042  0.1533
Y -0.0271  0.9791  0.2014
Z -0.1509 -0.2032  0.9674

PART 67
OFFSET  8.5601 -2.6108 -4.2674
X  0.9910  0.0000  0.1335
Y -0.0271  0.9791  0.2014
Z -0.1307 -0.2032  0.9704

PART 68
OFFSET  7.8641 -2.8965 -3.0468
X  0.9910  0.0000  0.1335
Y -0.0271  0.9791  0.2014
Z -0.1307 -0.2032  0.9704

PART 69
OFFSET  6.9505 -2.3385 -5.8824
X  0.9910  0.0000  0.1335
Y -0.0271  0.9791  0.2014
Z -0.1307 -0.2032  0.9704

PART 70
OFFSET  7.0994 -3.1426 -1.9529
X  0.9910  0.0000  0.1335
Y -0.0271  0.9791  0.2014
Z -0.1307 -0.2032  0.9704

PART 71
OFFSET  15.0057 -2.6588 -2.9456
X  0.9910  0.0000  0.1335
Y -0.0271  0.9791  0.2014
Z -0.1307 -0.2032  0.9704

PART 72
OFFSET  4.7679 -3.0998 -2.0741
X  0.9910  0.0000  0.1335
Y -0.0271  0.9791  0.2014
Z -0.1307 -0.2032  0.9704

PART 73
OFFSET  6.4545 -3.0491 -2.4189
X  0.9910  0.0000  0.1335
Y -0.0271  0.9791  0.2014
Z -0.1307 -0.2032  0.9704

PART 74
OFFSET  14.3087 -2.1465 -5.8278
X  0.9910  0.0000  0.1335
Y -0.0271  0.9791  0.2014
Z -0.1307 -0.2032  0.9704

PART 75
OFFSET  19.2221 -2.8349 -3.4904
X  0.9450  0.3268 -0.0139
Y  0.0731 -0.2526 -0.9648
Z -0.3188  0.9107 -0.2626

PART 76
OFFSET  16.8825 -2.4118 -4.1168
X  0.9910  0.0000  0.1335
Y -0.0271  0.9791  0.2014
Z -0.1307 -0.2032  0.9704

PART 77
OFFSET  24.4935 -1.7286 -6.4876
X  0.0271 -0.9791 -0.2014
Y  0.9910  0.0000  0.1335
Z -0.1307 -0.2032  0.9704

PART 78
OFFSET  5.0278 -3.2078 -1.8299
X  0.9910  0.0000  0.1335
Y -0.0271  0.9791  0.2014
Z -0.1307 -0.2032  0.9704

PART 79
OFFSET  22.3721 -2.3127 -3.9305
X  0.9910  0.0000  0.1335
Y -0.0271  0.9791  0.2014
Z -0.1307 -0.2032  0.9704

PART 80
OFFSET  14.2955 -2.3127 -5.0184
X  0.9910  0.0000  0.1335
Y -0.0271  0.9791  0.2014
Z -0.1307 -0.2032  0.9704

PART 81
OFFSET  29.4151 -2.8473 -0.3828
X  0.0271 -0.9791 -0.2014
Y  0.9910  0.0000  0.1335
Z -0.1307 -0.2032  0.9704

PART 82
OFFSET  6.2856 -3.4047 -0.7707
X  0.9910  0.0000  0.1335
Y -0.0271  0.9791  0.2014
Z -0.1307 -0.2032  0.9704

PART 83
OFFSET  0.0000 -0.0000 -0.0000
X  1.0000 -0.0000  0.0000
Y  0.0000  1.0000  0.0000
Z  0.0000 -0.0000  1.0000

PART 84
OFFSET  0.0000 -0.0000 -0.0000
X  1.0000  0.0000  0.0000
Y -0.0000  1.0000  0.0000
Z  0.0000 -0.0000  1.0000

PART 85
OFFSET  1.5404 -0.0000  4.1357
X  1.0000  0.0000  0.0000
Y -0.0000  1.0000  0.0000
Z  0.0000 -0.0000  1.0000

PART 86
OFFSET  0.0000 -0.0000 -0.0000
X  1.0000 -0.0000  0.0000
Y  0.0000  1.0000  0.0000
Z  0.0000 -0.0000  1.0000


FRAME 256
PART 0
OFFSET -4.6318 -0.0000 -1.3770
X  1.0000 -0.0000  0.0000
Y  0.0000  1.0000  0.0000
Z  0.0000 -0.0000  1.0000

PART 1
OFFSET  4.3781  6.3739 -8.1116
X  0.8173 -0.1659 -0.5518
Y -0.0323 -0.9693  0.2436
Z -0.5753 -0.1813 -0.7976

PART 2
OFFSET  14.2628  4.3679 -14.7848
X  0.6431 -0.3659  0.6726
Y -0.6952  0.0892  0.7133
Z -0.3210 -0.9264 -0.1970

PART 3
OFFSET  19.7330  1.2554 -9.0637
X  0.6431 -0.3659  0.6726
Y -0.7650 -0.3454  0.5436
Z  0.0334 -0.8642 -0.5021

PART 4
OFFSET  21.6285  1.5881 -8.6055
X  0.6482 -0.3639  0.6689
Y  0.3291  0.9260  0.1848
Z -0.6867  0.1004  0.7200

PART 5
OFFSET  21.0989  0.1050 -9.4890
X  0.6482 -0.3639  0.6689
Y  0.3291  0.9260  0.1848
Z -0.6867  0.1004  0.7200

PART 6
OFFSET  20.2112  1.4383 -6.7223
X  0.6482 -0.3639  0.6689
Y  0.3291  0.9260  0.1848
Z -0.6867  0.1004  0.7200

PART 7
OFFSET  19.5510  0.0489 -6.8376
X  0.6482 -0.3639  0.6689
Y  0.3291  0.9260  0.1848
Z -0.6867  0.1004  0.7200

PART 8
OFFSET  19.5277 -0.3891 -7.6230
X  0.6482 -0.3639  0.6689
Y  0.3291  0.9260  0.1848
Z -0.6867  0.1004  0.7200

PART 9
OFFSET  21.7047  0.1336 -7.0016
X  0.9222 -0.1243  0.3662
Y -0.3828 -0.4288  0.8183
Z  0.0553 -0.8948 -0.4430

PART 10
OFFSET  21.7729 -0.7035 -6.2290
X  0.5309 -0.7701  0.3535
Y -0.7125 -0.1799  0.6782
Z -0.4587 -0.6120 -0.6443

PART 11
OFFSET  22.8219 -2.4174 -5.4342
X  0.9042 -0.3818  0.1914
Y -0.4116 -0.6596  0.6289
Z -0.1138 -0.6474 -0.7536

PART 12
OFFSET  24.2935 -3.0669 -5.2470
X  0.9521 -0.2837 -0.1146
Y -0.1440 -0.7460  0.6502
Z -0.2699 -0.6025 -0.7511

PART 13
OFFSET  25.3082 -3.4139 -5.3943
X  0.8465  0.0239  0.5319
Y -0.3016  0.8447  0.4421
Z -0.4387 -0.5347  0.7222

PART 14
OFFSET  22.9061  0.3066 -7.6574
X  0.9908 -0.0387 -0.1298
Y -0.0776 -0.9479 -0.3090
Z -0.1111  0.3163 -0.9421

PART 15
OFFSET  25.1389  0.0573 -7.8498
X  0.6441 -0.7522 -0.1390
Y -0.7550 -0.6544  0.0429
Z -0.1232  0.0773 -0.9894

PART 16
OFFSET  26.0508 -1.0077 -8.0466
X -0.3084 -0.9508 -0.0306
Y -0.9485  0.3049  0.0855
Z -0.0720  0.0554 -0.9959

PART 17
OFFSET  25.7774 -1.8507 -8.0738
X -0.6366 -0.7710  0.0196
Y -0.7598  0.6313  0.1556
Z -0.1323  0.0842 -0.9876

PART 18
OFFSET  25.1726 -2.5831 -8.0552
X  0.9830  0.1812  0.0301
Y -0.1806  0.9833 -0.0199
Z -0.0333  0.0141  0.9993

PART 19
OFFSET  22.8468  0.1193 -6.9712
X  0.9955  0.0080  0.0945
Y  0.0531 -0.8724 -0.4859
Z  0.0786  0.4887 -0.8689

PART 20
OFFSET  25.4444  0.0985 -6.8666
X  0.5709 -0.7982 -0.1919
Y -0.8200 -0.5662 -0.0845
Z -0.0412  0.2056 -0.9778

PART 21
OFFSET  26.4164 -1.2605 -7.1933
X -0.4374 -0.8846 -0.1619
Y -0.8991  0.4266  0.0982
Z -0.0178  0.1885 -0.9819

PART 22
OFFSET  25.8102 -2.4865 -7.4177
X -0.8921 -0.4458 -0.0738
Y -0.4516  0.8738  0.1806
Z -0.0160  0.1944 -0.9808

PART 23
OFFSET  24.8427 -2.9699 -7.4978
X  0.9881 -0.1243 -0.0909
Y  0.1424  0.9622  0.2322
Z  0.0586 -0.2424  0.9684

PART 24
OFFSET  23.9695 -1.4100 -4.8107
X  0.9571 -0.2828  0.0631
Y  0.2001  0.8026  0.5619
Z -0.2096 -0.5251  0.8248

PART 25
OFFSET  24.9889 -0.3415 -4.7928
X  0.8879 -0.4550 -0.0684
Y -0.4379 -0.7902 -0.4286
Z  0.1410  0.4105 -0.9009

PART 26
OFFSET  26.5521 -1.1426 -4.9131
X  0.2434 -0.8558 -0.4565
Y -0.9585 -0.1403 -0.2481
Z  0.1483  0.4980 -0.8544

PART 27
OFFSET  26.8390 -2.2132 -5.4162
X -0.6282 -0.6698 -0.3959
Y -0.7621  0.6323  0.1394
Z  0.1570  0.3893 -0.9076

PART 28
OFFSET  26.1295 -2.9697 -5.8635
X  0.9366 -0.2432 -0.2522
Y  0.3446  0.7699  0.5371
Z  0.0635 -0.5900  0.8049

PART 29
OFFSET  25.3157 -0.0237 -5.7990
X  0.7996 -0.5929 -0.0952
Y -0.5856 -0.7350 -0.3419
Z  0.1327  0.3291 -0.9349

PART 30
OFFSET  26.8778 -1.1819 -5.9850
X -0.2870 -0.8912 -0.3511
Y -0.9542  0.2983  0.0229
Z  0.0843  0.3416 -0.9360

PART 31
OFFSET  26.4585 -2.4837 -6.4979
X -0.7551 -0.5918 -0.2819
Y -0.6538  0.7117  0.2569
Z  0.0486  0.3783 -0.9244

PART 32
OFFSET  25.6041 -3.1518 -6.8240
X  0.9935 -0.0250  0.1111
Y -0.0106  0.9513  0.3081
Z -0.1134 -0.3073  0.9448

PART 33
OFFSET  24.4955 -1.3360 -7.1247
X  0.0303  0.4449 -0.8950
Y -0.0553  0.8948  0.4430
Z  0.9980  0.0361  0.0517

PART 34
OFFSET -7.2604 -4.8127 -5.4071
X -0.3023  0.7740  0.5564
Y -0.0805 -0.6024  0.7941
Z  0.9498  0.1953  0.2444

PART 35
OFFSET -3.6042 -14.1728 -12.1363
X -0.3120 -0.8995 -0.3060
Y  0.8547 -0.1251 -0.5038
Z  0.4149 -0.4187  0.8078

PART 36
OFFSET -0.9503 -6.5225 -9.5340
X -0.3120 -0.8995 -0.3060
Y  0.7189 -0.0130 -0.6950
Z  0.6212 -0.4368  0.6506

PART 37
OFFSET -1.6087 -4.6571 -9.6461
X -0.3183 -0.8975 -0.3052
Y -0.4262  0.4230 -0.7996
Z  0.8468 -0.1244 -0.5172

PART 38
OFFSET -2.0573 -4.4455 -8.5554
X -0.3183 -0.8975 -0.3052
Y -0.4262  0.4230 -0.7996
Z  0.8468 -0.1244 -0.5172

PART 39
OFFSET -1.2922 -4.9376 -7.5636
X -0.3183 -0.8975 -0.3052
Y -0.4262  0.4230 -0.7996
Z  0.8468 -0.1244 -0.5172

PART 40
OFFSET  0.0062 -3.7651 -8.5960
X -0.9055 -0.0810 -0.4166
Y  0.4159  0.0264 -0.9090
Z  0.0846 -0.9964  0.0098

PART 41
OFFSET -0.0226 -3.3450 -7.5354
X -0.4010 -0.5471 -0.7348
Y  0.6750  0.3658 -0.6408
Z  0.6193 -0.7529  0.2226

PART 42
OFFSET  0.7410 -2.1591 -5.8983
X -0.9188 -0.3923  0.0445
Y  0.0728 -0.2792 -0.9575
Z  0.3880 -0.8765  0.2850

PART 43
OFFSET  2.1851 -1.4443 -6.0592
X -0.6434 -0.1997  0.7390
Y -0.5733 -0.5141 -0.6380
Z  0.5074 -0.8341  0.2162

PART 44
OFFSET  2.8674 -1.1814 -6.8574
X -0.9190  0.2824  0.2752
Y  0.1577  0.9028 -0.4001
Z -0.3614 -0.3243 -0.8742

PART 45
OFFSET  1.2007 -3.4669 -9.2188
X -0.9489 -0.3132  0.0378
Y  0.3149 -0.9475  0.0549
Z  0.0186  0.0640  0.9978

PART 46
OFFSET  3.2969 -2.6378 -9.1651
X -0.0870 -0.9836 -0.1582
Y  0.9818 -0.0577 -0.1811
Z  0.1690 -0.1711  0.9706

PART 47
OFFSET  3.4202 -1.2453 -8.9411
X  0.8107 -0.5345 -0.2390
Y  0.5684  0.8163  0.1025
Z  0.1404 -0.2189  0.9656

PART 48
OFFSET  2.7014 -0.7714 -8.7291
X  0.9286  0.3559 -0.1047
Y -0.3294  0.9209  0.2085
Z  0.1707 -0.1591  0.9724

PART 49
OFFSET  1.8191 -1.1095 -8.6296
X -0.5282 -0.8273 -0.1914
Y -0.8247  0.4461  0.3477
Z -0.2023  0.3415 -0.9179

PART 50
OFFSET  1.1352 -3.6058 -8.5217
X -0.9581 -0.2447 -0.1491
Y  0.2358 -0.9689  0.0755
Z -0.1629  0.0372  0.9859

PART 51
OFFSET  3.6511 -2.9975 -8.2796
X -0.1294 -0.9905 -0.0471
Y  0.9756 -0.1186 -0.1849
Z  0.1775 -0.0698  0.9816

PART 52
OFFSET  3.8714 -1.3112 -8.1994
X  0.9159 -0.3542 -0.1890
Y  0.3656  0.9303  0.0284
Z  0.1658 -0.0951  0.9816

PART 53
OFFSET  2.6021 -0.8203 -7.9375
X  0.8522  0.5154 -0.0898
Y -0.4982  0.8518  0.1619
Z  0.1599 -0.0933  0.9827

PART 54
OFFSET  1.6778 -1.3793 -7.8402
X -0.4058 -0.9135  0.0294
Y -0.9030  0.4057  0.1417
Z -0.1414  0.0310 -0.9895

PART 55
OFFSET -4.0686 -4.6586 -9.5562
X -0.9088 -0.3584 -0.2135
Y -0.3278  0.9301 -0.1659
Z  0.2580 -0.0808 -0.9627

PART 56
OFFSET  3.2521 -3.8396 -6.2833
X -0.9550  0.0212 -0.2960
Y  0.0118 -0.9939 -0.1093
Z -0.2965 -0.1079  0.9489

PART 57
OFFSET  4.9335 -3.8770 -5.7623
X -0.3493 -0.9233 -0.1594
Y  0.8902 -0.3801  0.2510
Z -0.2924 -0.0542  0.9548

PART 58
OFFSET  5.3404 -2.7578 -5.5105
X  0.0633 -0.9917 -0.1123
Y  0.9525  0.0265  0.3034
Z -0.2979 -0.1262  0.9462

PART 59
OFFSET  5.2689 -1.6377 -5.3836
X -0.9642  0.2635  0.0288
Y  0.2649  0.9617  0.0703
Z -0.0092  0.0754 -0.9971

PART 60
OFFSET  3.5916 -3.6409 -7.3157
X -0.2634 -0.9643 -0.0270
Y  0.9645 -0.2638  0.0098
Z -0.0166 -0.0234  0.9996

PART 61
OFFSET  4.1062 -1.7571 -7.2630
X  0.8363 -0.5482 -0.0032
Y  0.5482  0.8363 -0.0140
Z  0.0104  0.0100  0.9999

PART 62
OFFSET  2.8847 -0.9563 -7.2583
X  0.9010  0.4314 -0.0449
Y -0.4334  0.8996 -0.0543
Z  0.0170  0.0684  0.9975

PART 63
OFFSET  1.8638 -1.4448 -7.2145
X -0.4152 -0.9097  0.0054
Y -0.9079  0.4147  0.0617
Z -0.0584  0.0208 -0.9981

PART 64
OFFSET  4.4171 -2.5638 -5.0711
X  0.9902 -0.0019  0.1395
Y -0.0278  0.9771  0.2109
Z -0.1367 -0.2127  0.9675

PART 65
OFFSET  4.4171 -2.5638 -5.0711
X  0.9902 -0.0019  0.1395
Y -0.0278  0.9771  0.2109
Z -0.1367 -0.2127  0.9675

PART 66
OFFSET  9.3593 -3.3506 -2.1089
X  0.9872 -0.0063  0.1593
Y -0.0278  0.9771  0.2109
Z -0.1569 -0.2126  0.9645

PART 67
OFFSET  8.5489 -2.6166 -4.2103
X  0.9902 -0.0019  0.1395
Y -0.0278  0.9771  0.2109
Z -0.1367 -0.2127  0.9675

PART 68
OFFSET  7.8454 -2.9139 -2.9969
X  0.9902 -0.0019  0.1395
Y -0.0278  0.9771  0.2109
Z -0.1367 -0.2127  0.9675

PART 69
OFFSET  6.9494 -2.3274 -5.8323
X  0.9902 -0.0019  0.1395
Y -0.0278  0.9771  0.2109
Z -0.1367 -0.2127  0.9675

PART 70
OFFSET  7.0738 -3.1703 -1.9101
X  0.9902 -0.0019  0.1395
Y -0.0278  0.9771  0.2109
Z -0.1367 -0.2127  0.9675

PART 71
OFFSET  14.9863 -2.6816 -2.8499
X  0.9902 -0.0019  0.1395
Y -0.0278  0.9771  0.2109
Z -0.1367 -0.2127  0.9675

PART 72
OFFSET  4.7432 -3.1249 -2.0450
X  0.9902 -0.0019  0.1395
Y -0.0278  0.9771  0.2109
Z -0.1367 -0.2127  0.9675

PART 73
OFFSET  6.4319 -3.0718 -2.3790
X  0.9902 -0.0019  0.1395
Y -0.0278  0.9771  0.2109
Z -0.1367 -0.2127  0.9675

PART 74
OFFSET  14.3071 -2.1404 -5.7311
X  0.9902 -0.0019  0.1395
Y -0.0278  0.9771  0.2109
Z -0.1367 -0.2127  0.9675

PART 75
OFFSET  19.2059 -2.8548 -3.3707
X  0.9452  0.3263 -0.0050
Y  0.0789 -0.2432 -0.9668
Z -0.3167  0.9134 -0.2556

PART 76
OFFSET  16.8704 -2.4241 -4.0072
X  0.9902 -0.0019  0.1395
Y -0.0278  0.9771  0.2109
Z -0.1367 -0.2127  0.9675

PART 77
OFFSET  24.4960 -1.7222 -6.3248
X  0.0278 -0.9771 -0.2109
Y  0.9902 -0.0019  0.1395
Z -0.1367 -0.2127  0.9675

PART 78
OFFSET  5.0016 -3.2355 -1.8004
X  0.9902 -0.0019  0.1395
Y -0.0278  0.9771  0.2109
Z -0.1367 -0.2127  0.9675

PART 79
OFFSET  22.3588 -2.3302 -3.7865
X  0.9902 -0.0019  0.1395
Y -0.0278  0.9771  0.2109
Z -0.1367 -0.2127  0.9675

PART 80
OFFSET  14.2889 -2.3146 -4.9234
X  0.9902 -0.0019  0.1395
Y -0.0278  0.9771  0.2109
Z -0.1367 -0.2127  0.9675

PART 81
OFFSET  29.3798 -2.9040 -0.2016
X  0.0278 -0.9771 -0.2109
Y  0.9902 -0.0019  0.1395
Z -0.1367 -0.2127  0.9675

PART 82
OFFSET  6.2527 -3.4436 -0.7356
X  0.9902 -0.0019  0.1395
Y -0.0278  0.9771  0.2109
Z -0.1367 -0.2127  0.9675

PART 83
OFFSET  0.0000 -0.0000 -0.0000
X  1.0000 -0.0000  0.0000
Y  0.0000  1.0000  0.0000
Z  0.0000 -0.0000  1.0000

PART 84
OFFSET  0.0000 -0.0000 -0.0000
X  1.0000  0.0000  0.0000
Y -0.0000  1.0000  0.0000
Z  0.0000 -0.0000  1.0000

PART 85
OFFSET  1.5404 -0.0000  4.1357
X  1.0000  0.0000  0.0000
Y -0.0000  1.0000  0.0000
Z  0.0000 -0.0000  1.0000

PART 86
OFFSET  0.0000 -0.0000 -0.0000
X  1.0000 -0.0000  0.0000
Y  0.0000  1.0000  0.0000
Z  0.0000 -0.0000  1.0000


FRAME 257
PART 0
OFFSET -4.6318 -0.0000 -1.3770
X  1.0000 -0.0000  0.0000
Y  0.0000  1.0000  0.0000
Z  0.0000 -0.0000  1.0000

PART 1
OFFSET  3.3226  6.4592 -8.1116
X  0.8699 -0.1576 -0.4674
Y -0.0518 -0.9715  0.2313
Z -0.4905 -0.1770 -0.8533

PART 2
OFFSET  13.8431  4.5529 -13.7638
X  0.6801 -0.3766  0.6290
Y -0.6714  0.0248  0.7407
Z -0.2946 -0.9260 -0.2360

PART 3
OFFSET  19.6273  1.3498 -8.4135
X  0.6801 -0.3766  0.6290
Y -0.7325 -0.3850  0.5614
Z  0.0307 -0.8426 -0.5377

PART 4
OFFSET  21.5251  1.7290 -8.0039
X  0.6849 -0.3742  0.6253
Y  0.3023  0.9267  0.2235
Z -0.6630  0.0359  0.7477

PART 5
OFFSET  21.0170  0.2761 -8.9479
X  0.6849 -0.3742  0.6253
Y  0.3023  0.9267  0.2235
Z -0.6630  0.0359  0.7477

PART 6
OFFSET  20.1840  1.4259 -6.0836
X  0.6849 -0.3742  0.6253
Y  0.3023  0.9267  0.2235
Z -0.6630  0.0359  0.7477

PART 7
OFFSET  19.5703  0.0206 -6.2515
X  0.6849 -0.3742  0.6253
Y  0.3023  0.9267  0.2235
Z -0.6630  0.0359  0.7477

PART 8
OFFSET  19.5340 -0.3755 -7.0583
X  0.6849 -0.3742  0.6253
Y  0.3023  0.9267  0.2235
Z -0.6630  0.0359  0.7477

PART 9
OFFSET  21.7121  0.1953 -6.4851
X  0.9151 -0.1377  0.3791
Y -0.3983 -0.4562  0.7958
Z  0.0634 -0.8792 -0.4723

PART 10
OFFSET  21.7654 -0.6679 -5.7405
X  0.4517 -0.8390  0.3034
Y -0.8315 -0.2726  0.4840
Z -0.3234 -0.4709 -0.8208

PART 11
OFFSET  22.6390 -2.5318 -5.0831
X  0.7687 -0.5282  0.3607
Y -0.6384 -0.6677  0.3829
Z  0.0386 -0.5246 -0.8505

PART 12
OFFSET  23.9224 -3.4034 -4.6189
X  0.9032 -0.4279  0.0334
Y -0.3892 -0.7838  0.4838
Z -0.1809 -0.4500 -0.8745

PART 13
OFFSET  24.8843 -3.9001 -4.6146
X  0.7027 -0.1883  0.6861
Y -0.2677  0.8235  0.5002
Z -0.6592 -0.5352  0.5282

PART 14
OFFSET  22.9257  0.3895 -7.1118
X  0.9916 -0.0979 -0.0846
Y -0.1246 -0.8990 -0.4198
Z -0.0349  0.4268 -0.9037

PART 15
OFFSET  25.1435 -0.0029 -7.2217
X  0.8394 -0.5379 -0.0786
Y -0.5436 -0.8306 -0.1208
Z -0.0003  0.1441 -0.9896

PART 16
OFFSET  26.3319 -0.7644 -7.3330
X  0.1704 -0.9773 -0.1260
Y -0.9838 -0.1615 -0.0775
Z  0.0554  0.1371 -0.9890

PART 17
OFFSET  26.4829 -1.6309 -7.4447
X -0.1818 -0.9747 -0.1305
Y -0.9833  0.1785  0.0362
Z -0.0120  0.1349 -0.9908

PART 18
OFFSET  26.3103 -2.5568 -7.5686
X  0.7580  0.6139  0.2204
Y -0.6269  0.7790 -0.0139
Z -0.1802 -0.1276  0.9753

PART 19
OFFSET  22.8534  0.1788 -6.4336
X  0.9935  0.0038  0.1135
Y  0.0620 -0.8553 -0.5144
Z  0.0952  0.5181 -0.8500

PART 20
OFFSET  25.4437  0.2085 -6.2143
X  0.8135 -0.5775 -0.0680
Y -0.5782 -0.7910 -0.2000
Z  0.0618  0.2020 -0.9774

PART 21
OFFSET  26.8288 -0.7747 -6.3300
X  0.0347 -0.9810 -0.1909
Y -0.9954 -0.0168 -0.0947
Z  0.0897  0.1933 -0.9770

PART 22
OFFSET  26.8768 -2.1343 -6.5946
X -0.4078 -0.8866 -0.2181
Y -0.9088  0.4173  0.0029
Z  0.0884  0.1994 -0.9759

PART 23
OFFSET  26.4346 -3.0959 -6.8312
X  0.8576  0.4979  0.1291
Y -0.5137  0.8411  0.1693
Z -0.0242 -0.2115  0.9771

PART 24
OFFSET  23.9345 -1.4247 -4.3061
X  0.9556 -0.2858  0.0715
Y  0.1897  0.7827  0.5928
Z -0.2253 -0.5529  0.8022

PART 25
OFFSET  24.9537 -0.3585 -4.2322
X  0.9506 -0.3099  0.0168
Y -0.2744 -0.8645 -0.4212
Z  0.1450  0.3958 -0.9068

PART 26
OFFSET  26.6274 -0.9042 -4.2027
X  0.6833 -0.6761 -0.2758
Y -0.7200 -0.5611 -0.4083
Z  0.1213  0.4776 -0.8702

PART 27
OFFSET  27.4507 -1.7551 -4.4851
X  0.2060 -0.9161 -0.3440
Y -0.9604 -0.1220 -0.2504
Z  0.1875  0.3820 -0.9049

PART 28
OFFSET  27.6835 -2.7898 -4.8737
X  0.8526  0.5158  0.0835
Y -0.5070  0.7780  0.3712
Z  0.1265 -0.3588  0.9248

PART 29
OFFSET  25.2996 -0.0067 -5.2207
X  0.9162 -0.3994  0.0326
Y -0.3600 -0.8562 -0.3705
Z  0.1759  0.3277 -0.9283

PART 30
OFFSET  27.0895 -0.7869 -5.1569
X  0.2701 -0.9199 -0.2845
Y -0.9545 -0.2169 -0.2049
Z  0.1267  0.3269 -0.9365

PART 31
OFFSET  27.4839 -2.1305 -5.5725
X -0.1510 -0.9249 -0.3489
Y -0.9856  0.1681 -0.0190
Z  0.0762  0.3410 -0.9370

PART 32
OFFSET  27.3141 -3.1757 -5.9743
X  0.7404  0.5801  0.3395
Y -0.6496  0.7474  0.1396
Z -0.1728 -0.3239  0.9302

PART 33
OFFSET  24.5042 -1.2719 -6.6058
X  0.0474  0.4753 -0.8785
Y -0.0634  0.8792  0.4723
Z  0.9969  0.0333  0.0718

PART 34
OFFSET -7.2604 -4.8127 -5.4071
X -0.3140  0.7681  0.5581
Y -0.0725 -0.6055  0.7926
Z  0.9467  0.2084  0.2458

PART 35
OFFSET -3.4629 -14.1020 -12.1562
X -0.3027 -0.9026 -0.3061
Y  0.8555 -0.1157 -0.5047
Z  0.4202 -0.4147  0.8072

PART 36
OFFSET -0.8884 -6.4251 -9.5524
X -0.3027 -0.9026 -0.3061
Y  0.7067  0.0029 -0.7075
Z  0.6394 -0.4305  0.6370

PART 37
OFFSET -1.5668 -4.5668 -9.6628
X -0.3089 -0.9007 -0.3053
Y -0.4315  0.4189 -0.7990
Z  0.8475 -0.1151 -0.5181

PART 38
OFFSET -2.0166 -4.3606 -8.5715
X -0.3089 -0.9007 -0.3053
Y -0.4315  0.4189 -0.7990
Z  0.8475 -0.1151 -0.5181

PART 39
OFFSET -1.2452 -4.8451 -7.5807
X -0.3089 -0.9007 -0.3053
Y -0.4315  0.4189 -0.7990
Z  0.8475 -0.1151 -0.5181

PART 40
OFFSET  0.0395 -3.6581 -8.6138
X -0.8992 -0.0693 -0.4319
Y  0.4294  0.0493 -0.9018
Z  0.0838 -0.9964 -0.0146

PART 41
OFFSET -0.0047 -3.2654 -7.5433
X -0.3905 -0.5276 -0.7544
Y  0.6846  0.3814 -0.6211
Z  0.6155 -0.7591  0.2123

PART 42
OFFSET  0.7354 -2.1227 -5.8651
X -0.9196 -0.3923  0.0208
Y  0.0868 -0.2546 -0.9632
Z  0.3831 -0.8839  0.2681

PART 43
OFFSET  2.1822 -1.4056 -5.9862
X -0.6544 -0.2180  0.7241
Y -0.5641 -0.4969 -0.6594
Z  0.5036 -0.8400  0.2022

PART 44
OFFSET  2.8764 -1.1230 -6.7673
X -0.9228  0.2762  0.2687
Y  0.1642  0.9126 -0.3744
Z -0.3487 -0.3014 -0.8875

PART 45
OFFSET  1.2433 -3.3453 -9.2110
X -0.9496 -0.3130  0.0157
Y  0.3134 -0.9490  0.0352
Z  0.0039  0.0383  0.9993

PART 46
OFFSET  3.3391 -2.5201 -9.1050
X -0.0854 -0.9791 -0.1847
Y  0.9843 -0.0541 -0.1680
Z  0.1545 -0.1962  0.9683

PART 47
OFFSET  3.4599 -1.1339 -8.8435
X  0.8138 -0.5290 -0.2407
Y  0.5674  0.8128  0.1318
Z  0.1259 -0.2438  0.9616

PART 48
OFFSET  2.7384 -0.6649 -8.6301
X  0.9303  0.3575 -0.0818
Y -0.3318  0.9156  0.2272
Z  0.1561 -0.1842  0.9704

PART 49
OFFSET  1.8545 -1.0045 -8.5524
X -0.5259 -0.8215 -0.2204
Y -0.8294  0.4379  0.3468
Z -0.1884  0.3652 -0.9117

PART 50
OFFSET  1.1674 -3.5020 -8.5187
X -0.9559 -0.2398 -0.1695
Y  0.2339 -0.9707  0.0541
Z -0.1775  0.0121  0.9840

PART 51
OFFSET  3.6799 -2.9028 -8.2239
X -0.1294 -0.9888 -0.0744
Y  0.9781 -0.1149 -0.1734
Z  0.1629 -0.0952  0.9820

PART 52
OFFSET  3.9001 -1.2193 -8.0972
X  0.9183 -0.3502 -0.1844
Y  0.3658  0.9289  0.0577
Z  0.1511 -0.1204  0.9812

PART 53
OFFSET  2.6274 -0.7340 -7.8416
X  0.8538  0.5167 -0.0639
Y -0.4999  0.8479  0.1764
Z  0.1453 -0.1187  0.9822

PART 54
OFFSET  1.7014 -1.2943 -7.7723
X -0.4068 -0.9135 -0.0001
Y -0.9047  0.4029  0.1387
Z -0.1267  0.0565 -0.9903

PART 55
OFFSET -4.0212 -4.5223 -9.6568
X -0.9058 -0.3518 -0.2360
Y -0.3246  0.9344 -0.1468
Z  0.2722 -0.0564 -0.9606

PART 56
OFFSET  3.2507 -3.7955 -6.2560
X -0.9505  0.0298 -0.3094
Y  0.0127 -0.9908 -0.1347
Z -0.3106 -0.1319  0.9413

PART 57
OFFSET  4.9242 -3.8480 -5.7113
X -0.3476 -0.9186 -0.1882
Y  0.8861 -0.3874  0.2543
Z -0.3065 -0.0784  0.9486

PART 58
OFFSET  5.3281 -2.7361 -5.4249
X  0.0643 -0.9885 -0.1368
Y  0.9479  0.0176  0.3180
Z -0.3120 -0.1501  0.9382

PART 59
OFFSET  5.2555 -1.6196 -5.2703
X -0.9644  0.2637  0.0213
Y  0.2645  0.9593  0.0989
Z  0.0056  0.1010 -0.9949

PART 60
OFFSET  3.6056 -3.5707 -7.2778
X -0.2637 -0.9630 -0.0556
Y  0.9641 -0.2650  0.0173
Z -0.0314 -0.0491  0.9983

PART 61
OFFSET  4.1207 -1.6894 -7.1691
X  0.8359 -0.5489 -0.0050
Y  0.5489  0.8358  0.0156
Z -0.0044 -0.0157  0.9999

PART 62
OFFSET  2.8998 -0.8877 -7.1619
X  0.9019  0.4315 -0.0205
Y -0.4319  0.9011 -0.0376
Z  0.0022  0.0427  0.9991

PART 63
OFFSET  1.8781 -1.3761 -7.1458
X -0.4158 -0.9091 -0.0242
Y -0.9084  0.4139  0.0589
Z -0.0436  0.0465 -0.9980

PART 64
OFFSET  4.3986 -2.5525 -4.9943
X  0.9880 -0.0066  0.1540
Y -0.0303  0.9714  0.2355
Z -0.1512 -0.2373  0.9596

PART 65
OFFSET  4.3986 -2.5525 -4.9943
X  0.9880 -0.0066  0.1540
Y -0.0303  0.9714  0.2355
Z -0.1512 -0.2373  0.9596

PART 66
OFFSET  9.2958 -3.4205 -1.9805
X  0.9847 -0.0114  0.1736
Y -0.0303  0.9714  0.2355
Z -0.1713 -0.2372  0.9562

PART 67
OFFSET  8.5171 -2.6318 -4.0742
X  0.9880 -0.0066  0.1540
Y -0.0303  0.9714  0.2355
Z -0.1512 -0.2373  0.9596

PART 68
OFFSET  7.7955 -2.9594 -2.8793
X  0.9880 -0.0066  0.1540
Y -0.0303  0.9714  0.2355
Z -0.1512 -0.2373  0.9596

PART 69
OFFSET  6.9420 -2.2993 -5.7117
X  0.9880 -0.0066  0.1540
Y -0.0303  0.9714  0.2355
Z -0.1512 -0.2373  0.9596

PART 70
OFFSET  7.0077 -3.2429 -1.8111
X  0.9880 -0.0066  0.1540
Y -0.0303  0.9714  0.2355
Z -0.1512 -0.2373  0.9596

PART 71
OFFSET  14.9336 -2.7386 -2.6209
X  0.9880 -0.0066  0.1540
Y -0.0303  0.9714  0.2355
Z -0.1512 -0.2373  0.9596

PART 72
OFFSET  4.6794 -3.1915 -1.9792
X  0.9880 -0.0066  0.1540
Y -0.0303  0.9714  0.2355
Z -0.1512 -0.2373  0.9596

PART 73
OFFSET  6.3728 -3.1316 -2.2867
X  0.9880 -0.0066  0.1540
Y -0.0303  0.9714  0.2355
Z -0.1512 -0.2373  0.9596

PART 74
OFFSET  14.2975 -2.1229 -5.4969
X  0.9880 -0.0066  0.1540
Y -0.0303  0.9714  0.2355
Z -0.1512 -0.2373  0.9596

PART 75
OFFSET  19.1603 -2.9029 -3.0835
X  0.9454  0.3253  0.0174
Y  0.0930 -0.2183 -0.9714
Z -0.3123  0.9200 -0.2367

PART 76
OFFSET  16.8348 -2.4536 -3.7431
X  0.9880 -0.0066  0.1540
Y -0.0303  0.9714  0.2355
Z -0.1512 -0.2373  0.9596

PART 77
OFFSET  24.4944 -1.7005 -5.9289
X  0.0303 -0.9714 -0.2355
Y  0.9880 -0.0066  0.1540
Z -0.1512 -0.2373  0.9596

PART 78
OFFSET  4.9340 -3.3086 -1.7337
X  0.9880 -0.0066  0.1540
Y -0.0303  0.9714  0.2355
Z -0.1512 -0.2373  0.9596

PART 79
OFFSET  22.3194 -2.3712 -3.4389
X  0.9880 -0.0066  0.1540
Y -0.0303  0.9714  0.2355
Z -0.1512 -0.2373  0.9596

PART 80
OFFSET  14.2673 -2.3177 -4.6943
X  0.9880 -0.0066  0.1540
Y -0.0303  0.9714  0.2355
Z -0.1512 -0.2373  0.9596

PART 81
OFFSET  29.2861 -3.0444  0.2335
X  0.0303 -0.9714 -0.2355
Y  0.9880 -0.0066  0.1540
Z -0.1512 -0.2373  0.9596

PART 82
OFFSET  6.1691 -3.5453 -0.6562
X  0.9880 -0.0066  0.1540
Y -0.0303  0.9714  0.2355
Z -0.1512 -0.2373  0.9596

PART 83
OFFSET  0.0000 -0.0000 -0.0000
X  1.0000 -0.0000  0.0000
Y  0.0000  1.0000  0.0000
Z  0.0000 -0.0000  1.0000

PART 84
OFFSET  0.0000 -0.0000 -0.0000
X  1.0000  0.0000  0.0000
Y -0.0000  1.0000  0.0000
Z  0.0000 -0.0000  1.0000

PART 85
OFFSET  1.5404 -0.0000  4.1357
X  1.0000  0.0000  0.0000
Y -0.0000  1.0000  0.0000
Z  0.0000 -0.0000  1.0000

PART 86
OFFSET  0.0000 -0.0000 -0.0000
X  1.0000 -0.0000  0.0000
Y  0.0000  1.0000  0.0000
Z  0.0000 -0.0000  1.0000


FRAME 258
PART 0
OFFSET -4.6318 -0.0000 -1.3770
X  1.0000 -0.0000  0.0000
Y  0.0000  1.0000  0.0000
Z  0.0000 -0.0000  1.0000

PART 1
OFFSET  1.8792  6.5759 -8.1116
X  0.9217 -0.1558 -0.3553
Y -0.0857 -0.9750  0.2052
Z -0.3783 -0.1587 -0.9120

PART 2
OFFSET  13.0261  4.6917 -12.4081
X  0.7510 -0.3857  0.5359
Y -0.6041 -0.0736  0.7935
Z -0.2666 -0.9197 -0.2883

PART 3
OFFSET  19.4138  1.4109 -7.8499
X  0.7510 -0.3857  0.5359
Y -0.6603 -0.4314  0.6148
Z -0.0060 -0.8156 -0.5786

PART 4
OFFSET  21.3185  1.8656 -7.5693
X  0.7553 -0.3827  0.5320
Y  0.2731  0.9217  0.2753
Z -0.5957 -0.0627  0.8008

PART 5
OFFSET  20.8040  0.4660 -8.5875
X  0.7553 -0.3827  0.5320
Y  0.2731  0.9217  0.2753
Z -0.5957 -0.0627  0.8008

PART 6
OFFSET  20.1685  1.3322 -5.5766
X  0.7553 -0.3827  0.5320
Y  0.2731  0.9217  0.2753
Z -0.5957 -0.0627  0.8008

PART 7
OFFSET  19.6148 -0.0884 -5.8113
X  0.7553 -0.3827  0.5320
Y  0.2731  0.9217  0.2753
Z -0.5957 -0.0627  0.8008

PART 8
OFFSET  19.5279 -0.4200 -6.6430
X  0.7553 -0.3827  0.5320
Y  0.2731  0.9217  0.2753
Z -0.5957 -0.0627  0.8008

PART 9
OFFSET  21.7161  0.2284 -6.2070
X  0.9111 -0.1449  0.3859
Y -0.4066 -0.4707  0.7831
Z  0.0682 -0.8703 -0.4877

PART 10
OFFSET  21.7616 -0.6483 -5.4780
X  0.3701 -0.8981  0.2376
Y -0.8956 -0.2769  0.3483
Z -0.2470 -0.3416 -0.9068

PART 11
OFFSET  22.4571 -2.6330 -4.9810
X  0.6197 -0.6731  0.4036
Y -0.7770 -0.5987  0.1944
Z  0.1108 -0.4341 -0.8940

PART 12
OFFSET  23.5162 -3.7326 -4.4411
X  0.8234 -0.5587  0.0998
Y -0.5546 -0.7549  0.3500
Z -0.1203 -0.3435 -0.9314

PART 13
OFFSET  24.3917 -4.3653 -4.3699
X  0.5707 -0.3473  0.7441
Y -0.2181  0.8095  0.5452
Z -0.7916 -0.4734  0.3862

PART 14
OFFSET  22.9362  0.4339 -6.8175
X  0.9883 -0.1422 -0.0543
Y -0.1504 -0.8564 -0.4939
Z  0.0237  0.4963 -0.8678

PART 15
OFFSET  25.1350 -0.0629 -6.8737
X  0.9352 -0.3531  0.0276
Y -0.3403 -0.9173 -0.2067
Z  0.0983  0.1839 -0.9780

PART 16
OFFSET  26.4590 -0.5628 -6.8346
X  0.5201 -0.8501 -0.0826
Y -0.8402 -0.4918 -0.2285
Z  0.1537  0.1883 -0.9700

PART 17
OFFSET  26.9201 -1.3166 -6.9078
X  0.2206 -0.9654 -0.1391
Y -0.9710 -0.2038 -0.1252
Z  0.0925  0.1627 -0.9823

PART 18
OFFSET  27.1297 -2.2337 -7.0400
X  0.4274  0.8428  0.3271
Y -0.8633  0.4879 -0.1292
Z -0.2684 -0.2272  0.9361

PART 19
OFFSET  22.8569  0.2108 -6.1441
X  0.9923  0.0014  0.1239
Y  0.0673 -0.8457 -0.5294
Z  0.1040  0.5337 -0.8393

PART 20
OFFSET  25.4386  0.2727 -5.8454
X  0.9273 -0.3690  0.0625
Y -0.3439 -0.9061 -0.2465
Z  0.1476  0.2071 -0.9671

PART 21
OFFSET  27.0174 -0.3555 -5.7389
X  0.3964 -0.9100 -0.1215
Y -0.9010 -0.3602 -0.2419
Z  0.1764  0.2054 -0.9627

PART 22
OFFSET  27.5668 -1.6167 -5.9073
X  0.1103 -0.9749 -0.1936
Y -0.9787 -0.0726 -0.1919
Z  0.1730  0.2107 -0.9621

PART 23
OFFSET  27.6864 -2.6739 -6.1173
X  0.4772  0.8506  0.2209
Y -0.8716  0.4902 -0.0047
Z -0.1123 -0.1903  0.9753

PART 24
OFFSET  23.9157 -1.4320 -4.0354
X  0.9548 -0.2873  0.0761
Y  0.1836  0.7716  0.6090
Z -0.2337 -0.5675  0.7895

PART 25
OFFSET  24.9342 -0.3676 -3.9313
X  0.9800 -0.1825  0.0789
Y -0.1370 -0.9075 -0.3970
Z  0.1441  0.3783 -0.9144

PART 26
OFFSET  26.6597 -0.6889 -3.7924
X  0.9074 -0.4077 -0.1021
Y -0.4078 -0.7954 -0.4483
Z  0.1016  0.4484 -0.8880

PART 27
OFFSET  27.7567 -1.2118 -3.8625
X  0.7710 -0.6299 -0.0938
Y -0.6043 -0.6772 -0.4198
Z  0.2009  0.3804 -0.9028

PART 28
OFFSET  28.6275 -1.9232 -3.9684
X  0.3510  0.9233  0.1556
Y -0.9360  0.3417  0.0838
Z  0.0242 -0.1751  0.9843

PART 29
OFFSET  25.2903  0.0023 -4.9095
X  0.9637 -0.2307  0.1346
Y -0.1705 -0.9193 -0.3547
Z  0.2056  0.3189 -0.9252

PART 30
OFFSET  27.1729 -0.4484 -4.6464
X  0.6455 -0.7514 -0.1369
Y -0.7470 -0.5837 -0.3183
Z  0.1593  0.3077 -0.9381

PART 31
OFFSET  28.1158 -1.5459 -4.8463
X  0.3808 -0.8930 -0.2400
Y -0.9183 -0.3349 -0.2110
Z  0.1081  0.3007 -0.9476

PART 32
OFFSET  28.5484 -2.5549 -5.1247
X  0.2877  0.8794  0.3794
Y -0.9372  0.3401 -0.0776
Z -0.1973 -0.3332  0.9220

PART 33
OFFSET  24.5093 -1.2370 -6.3259
X  0.0565  0.4914 -0.8691
Y -0.0682  0.8703  0.4877
Z  0.9961  0.0317  0.0827

PART 34
OFFSET -7.2604 -4.8127 -5.4071
X -0.3290  0.7602  0.5602
Y -0.0612 -0.6091  0.7907
Z  0.9423  0.2259  0.2470

PART 35
OFFSET -3.2811 -14.0068 -12.1818
X -0.2900 -0.9067 -0.3061
Y  0.8562 -0.1029 -0.5064
Z  0.4277 -0.4089  0.8062

PART 36
OFFSET -0.8143 -6.2945 -9.5783
X -0.2900 -0.9067 -0.3061
Y  0.6835  0.0276 -0.7294
Z  0.6699 -0.4208  0.6117

PART 37
OFFSET -1.5200 -4.4463 -9.6864
X -0.2963 -0.9050 -0.3053
Y -0.4391  0.4129 -0.7979
Z  0.8482 -0.1024 -0.5197

PART 38
OFFSET -1.9708 -4.2472 -8.5942
X -0.2963 -0.9050 -0.3053
Y -0.4391  0.4129 -0.7979
Z  0.8482 -0.1024 -0.5197

PART 39
OFFSET -1.1905 -4.7209 -7.6051
X -0.2963 -0.9050 -0.3053
Y -0.4391  0.4129 -0.7979
Z  0.8482 -0.1024 -0.5197

PART 40
OFFSET  0.0748 -3.5147 -8.6399
X -0.8911 -0.0536 -0.4506
Y  0.4458  0.0813 -0.8914
Z  0.0845 -0.9952 -0.0486

PART 41
OFFSET  0.0108 -3.1605 -7.5571
X -0.3764 -0.5003 -0.7798
Y  0.6958  0.4032 -0.5944
Z  0.6118 -0.7663  0.1963

PART 42
OFFSET  0.7194 -2.0785 -5.8259
X -0.9197 -0.3926 -0.0101
Y  0.1046 -0.2201 -0.9699
Z  0.3785 -0.8930  0.2434

PART 43
OFFSET  2.1679 -1.3579 -5.8947
X -0.6675 -0.2435  0.7037
Y -0.5517 -0.4730 -0.6870
Z  0.5001 -0.8468  0.1813

PART 44
OFFSET  2.8762 -1.0478 -6.6523
X -0.9277  0.2667  0.2614
Y  0.1706  0.9254 -0.3385
Z -0.3322 -0.2694 -0.9039

PART 45
OFFSET  1.2892 -3.1811 -9.2034
X -0.9496 -0.3132 -0.0129
Y  0.3131 -0.9497  0.0071
Z -0.0145  0.0027  0.9999

PART 46
OFFSET  3.3823 -2.3607 -9.0295
X -0.0815 -0.9718 -0.2211
Y  0.9872 -0.0483 -0.1517
Z  0.1368 -0.2306  0.9634

PART 47
OFFSET  3.4978 -0.9848 -8.7165
X  0.8183 -0.5203 -0.2444
Y  0.5645  0.8075  0.1711
Z  0.1083 -0.2780  0.9545

PART 48
OFFSET  2.7722 -0.5235 -8.4998
X  0.9315  0.3599 -0.0519
Y -0.3363  0.9070  0.2536
Z  0.1384 -0.2188  0.9659

PART 49
OFFSET  1.8873 -0.8654 -8.4505
X -0.5214 -0.8130 -0.2592
Y -0.8359  0.4254  0.3469
Z -0.1718  0.3975 -0.9014

PART 50
OFFSET  1.2007 -3.3624 -8.5186
X -0.9525 -0.2334 -0.1954
Y  0.2333 -0.9721  0.0237
Z -0.1955 -0.0230  0.9804

PART 51
OFFSET  3.7071 -2.7747 -8.1565
X -0.1275 -0.9855 -0.1120
Y  0.9812 -0.1089 -0.1594
Z  0.1449 -0.1302  0.9808

PART 52
OFFSET  3.9242 -1.0968 -7.9658
X  0.9217 -0.3436 -0.1799
Y  0.3643  0.9262  0.0975
Z  0.1331 -0.1554  0.9788

PART 53
OFFSET  2.6468 -0.6207 -7.7164
X  0.8546  0.5184 -0.0297
Y -0.5034  0.8412  0.1973
Z  0.1273 -0.1537  0.9799

PART 54
OFFSET  1.7199 -1.1829 -7.6842
X -0.4064 -0.9128 -0.0402
Y -0.9072  0.3979  0.1364
Z -0.1085  0.0919 -0.9898

PART 55
OFFSET -3.9657 -4.3402 -9.7874
X -0.9012 -0.3429 -0.2650
Y -0.3223  0.9391 -0.1193
Z  0.2898 -0.0221 -0.9568

PART 56
OFFSET  3.2423 -3.7369 -6.2300
