// Export filename: `C:\projects\cod\t5\xanim_export\t5_viewmodels\ak47\ak47_grip_putaway_quick.XANIM_EXPORT`
// Source filename: `D:\projects\devanim\t5\animation_assets\viewmodels/ak47/grip_set/ak47_GRIP_putaway_quick.fbx`
// Export time: Mon Oct 12 22:11:37 2009

ANIMATION
VERSION 3

NUMPARTS 75
PART 0 "J_Shoulder_RI"
PART 1 "J_Elbow_RI"
PART 2 "tag_cambone"
PART 3 "tag_camera"
PART 4 "tag_gasmask"
PART 5 "tag_ads"
PART 6 "tag_torso"
PART 7 "J_Shoulder_LE"
PART 8 "J_Elbow_LE"
PART 9 "J_WristTwist_LE"
PART 10 "J_Sleave_Reshape_Bottom_LE_1"
PART 11 "J_Sleave_Reshape_Bottom_LE_2"
PART 12 "J_Sleave_Reshape_Top_LE_1"
PART 13 "J_Sleave_Reshape_Top_LE_2"
PART 14 "J_Sleave_Reshape_Top_LE_3"
PART 15 "J_Thumb_LE_0"
PART 16 "J_Thumb_LE_1"
PART 17 "J_Thumb_LE_2"
PART 18 "J_Thumb_LE_3"
PART 19 "J_PinkyPalm_LE"
PART 20 "J_Pinky_LE_0"
PART 21 "J_Pinky_LE_1"
PART 22 "J_Pinky_LE_2"
PART 23 "J_Pinky_LE_3"
PART 24 "J_RingPalm_LE"
PART 25 "J_Ring_LE_0"
PART 26 "J_Ring_LE_1"
PART 27 "J_Ring_LE_2"
PART 28 "J_Webbing_LE"
PART 29 "J_Index_LE_2"
PART 30 "J_Mid_LE_0"
PART 31 "J_Wrist_LE"
PART 32 "J_Index_LE_0"
PART 33 "J_Index_LE_1"
PART 34 "J_Mid_LE_1"
PART 35 "tag_weapon"
PART 36 "J_Ring_LE_3"
PART 37 "tag_knife_attach"
PART 38 "J_Mid_LE_3"
PART 39 "J_Mid_LE_2"
PART 40 "J_Index_LE_3"
PART 41 "J_WristTwist_RI"
PART 42 "J_Sleave_Reshape_Top_RI_3"
PART 43 "J_Sleave_Reshape_Top_RI_2"
PART 44 "J_Sleave_Reshape_Top_RI_1"
PART 45 "J_Wrist_RI"
PART 46 "J_Thumb_RI_0"
PART 47 "J_Thumb_RI_1"
PART 48 "J_Thumb_RI_2"
PART 49 "J_Thumb_RI_3"
PART 50 "J_PinkyPalm_RI"
PART 51 "J_Pinky_RI_0"
PART 52 "J_Pinky_RI_1"
PART 53 "J_Pinky_RI_2"
PART 54 "J_Pinky_RI_3"
PART 55 "J_RingPalm_RI"
PART 56 "J_Ring_RI_0"
PART 57 "J_Ring_RI_1"
PART 58 "J_Ring_RI_2"
PART 59 "J_Ring_RI_3"
PART 60 "J_Webbing_RI"
PART 61 "J_Index_RI_0"
PART 62 "J_Index_RI_1"
PART 63 "J_Index_RI_2"
PART 64 "J_Index_RI_3"
PART 65 "J_Mid_RI_0"
PART 66 "J_Mid_RI_1"
PART 67 "J_Mid_RI_2"
PART 68 "J_Mid_RI_3"
PART 69 "J_Gun"
PART 70 "J_Bolt2"
PART 71 "TAG_CLIP"
PART 72 "J_Trigger"
PART 73 "TAG_BRASS"
PART 74 "TAG_FLASH"

FRAMERATE 30
NUMFRAMES 12

FRAME 437
PART 0
OFFSET -7.2604 -4.8127 -5.4071
X -0.4374  0.7155  0.5447
Y -0.3240 -0.6904  0.6468
Z  0.8389  0.1064  0.5338

PART 1
OFFSET -1.9711 -13.4662 -11.9952
X -0.4641 -0.7780 -0.4235
Y  0.8732 -0.3215 -0.3663
Z  0.1489 -0.5398  0.8285

PART 2
OFFSET  0.0000 -0.0000 -0.0000
X  1.0000 -0.0000  0.0000
Y  0.0000  1.0000  0.0000
Z  0.0000 -0.0000  1.0000

PART 3
OFFSET  0.0000 -0.0000 -0.0000
X  1.0000 -0.0000  0.0000
Y  0.0000  1.0000  0.0000
Z  0.0000 -0.0000  1.0000

PART 4
OFFSET  1.5404 -0.0000  4.1357
X  1.0000 -0.0000  0.0000
Y  0.0000  1.0000  0.0000
Z  0.0000 -0.0000  1.0000

PART 5
OFFSET  0.0000 -0.0000  0.0000
X  1.0000 -0.0000  0.0000
Y  0.0000  1.0000  0.0000
Z  0.0000 -0.0000  1.0000

PART 6
OFFSET -4.6318 -0.0000 -1.3770
X  1.0000 -0.0000  0.0000
Y  0.0000  1.0000  0.0000
Z  0.0000 -0.0000  1.0000

PART 7
OFFSET -3.5060  6.3408 -6.7125
X  0.9048 -0.2084 -0.3714
Y -0.1536 -0.9731  0.1718
Z -0.3972 -0.0984 -0.9124

PART 8
OFFSET  7.4363  3.8208 -11.2044
X  0.8527 -0.4283  0.2991
Y -0.4013 -0.1705  0.9000
Z -0.3344 -0.8874 -0.3172

PART 9
OFFSET  14.6891  0.1781 -8.6607
X  0.8527 -0.4283  0.2991
Y -0.3310 -0.0002  0.9436
Z -0.4041 -0.9037 -0.1419

PART 10
OFFSET  16.7886  1.2916 -8.3838
X  0.8560 -0.4249  0.2946
Y  0.3378  0.8910  0.3034
Z -0.3914 -0.1602  0.9062

PART 11
OFFSET  15.8135 -0.6901 -9.7190
X  0.8560 -0.4249  0.2946
Y  0.3378  0.8910  0.3034
Z -0.3914 -0.1602  0.9062

PART 12
OFFSET  16.2143  0.3516 -6.3410
X  0.8560 -0.4249  0.2946
Y  0.3378  0.8910  0.3034
Z -0.3914 -0.1602  0.9062

PART 13
OFFSET  15.6151 -0.9933 -6.8944
X  0.8560 -0.4249  0.2946
Y  0.3378  0.8910  0.3034
Z -0.3914 -0.1602  0.9062

PART 14
OFFSET  15.1206 -1.7576 -7.8539
X  0.8560 -0.4249  0.2946
Y  0.3378  0.8910  0.3034
Z -0.3914 -0.1602  0.9062

PART 15
OFFSET  17.1691 -1.5696 -6.6973
X  0.0662 -0.8115  0.5806
Y -0.9263  0.1663  0.3380
Z -0.3709 -0.5602 -0.7407

PART 16
OFFSET  17.1988 -3.3354 -5.4519
X  0.7418 -0.5854  0.3272
Y -0.6357 -0.4583  0.6212
Z -0.2137 -0.6687 -0.7121

PART 17
OFFSET  18.4103 -4.3280 -5.0406
X  0.9359 -0.0968 -0.3387
Y  0.1002 -0.8486  0.5194
Z -0.3377 -0.5200 -0.7845

PART 18
OFFSET  19.4086 -4.4710 -5.4340
X  0.9285  0.0877  0.3609
Y -0.3139  0.7049  0.6361
Z -0.1986 -0.7039  0.6820

PART 19
OFFSET  18.4679 -1.5890 -8.3275
X  0.9167 -0.3994 -0.0103
Y -0.3988 -0.9134 -0.0814
Z  0.0231  0.0788 -0.9966

PART 20
OFFSET  20.4754 -2.6098 -8.2156
X -0.4224 -0.8844  0.1987
Y -0.9033  0.4288 -0.0117
Z -0.0748 -0.1844 -0.9800

PART 21
OFFSET  19.8774 -3.8618 -7.9343
X -0.9973  0.0241  0.0700
Y  0.0066  0.9706 -0.2405
Z -0.0737 -0.2393 -0.9681

PART 22
OFFSET  18.9932 -3.8404 -7.8722
X -0.8026  0.5942 -0.0530
Y  0.5931  0.7852 -0.1779
Z -0.0641 -0.1742 -0.9826

PART 23
OFFSET  18.2307 -3.2759 -7.9225
X  0.2508 -0.9222  0.2943
Y  0.9561  0.1884 -0.2244
Z  0.1515  0.3377  0.9290

PART 24
OFFSET  18.3934 -1.4576 -7.6299
X  0.9596 -0.2360  0.1532
Y -0.2244 -0.9704 -0.0893
Z  0.1698  0.0513 -0.9841

PART 25
OFFSET  20.8223 -2.3229 -7.2978
X -0.3809 -0.9181  0.1101
Y -0.9200  0.3882  0.0545
Z -0.0927 -0.0805 -0.9924

PART 26
OFFSET  20.1739 -3.8859 -7.1104
X -0.9827  0.1690  0.0760
Y  0.1589  0.9795 -0.1238
Z -0.0953 -0.1096 -0.9894

PART 27
OFFSET  18.8120 -3.6516 -7.0051
X -0.6516  0.7581 -0.0254
Y  0.7533  0.6428 -0.1389
Z -0.0890 -0.1096 -0.9900

PART 28
OFFSET  19.1421 -2.2309 -4.9637
X  0.8379 -0.4909  0.2388
Y  0.4507  0.8689  0.2046
Z -0.3079 -0.0638  0.9493

PART 29
OFFSET  19.5707 -3.8132 -5.3640
X -0.9514  0.2590  0.1663
Y  0.2642  0.9644  0.0095
Z -0.1580  0.0530 -0.9860

PART 30
OFFSET  20.7755 -1.8052 -6.3283
X -0.1034 -0.9935  0.0472
Y -0.9946  0.1034 -0.0031
Z -0.0018 -0.0473 -0.9989

PART 31
OFFSET  17.3033 -1.1348 -7.7438
X  0.8658 -0.2205  0.4493
Y -0.4463  0.0663  0.8924
Z -0.2265 -0.9731 -0.0410

PART 32
OFFSET  20.4244 -1.5823 -5.3048
X  0.1460 -0.9868 -0.0707
Y -0.9795 -0.1542  0.1297
Z -0.1388  0.0503 -0.9890

PART 33
OFFSET  20.6814 -3.3196 -5.4292
X -0.9157 -0.4018  0.0039
Y -0.3997  0.9119  0.0927
Z -0.0408  0.0833 -0.9957

PART 34
OFFSET  20.5735 -3.7461 -6.2360
X -0.9790 -0.2033  0.0158
Y -0.2033  0.9791  0.0038
Z -0.0163  0.0005 -0.9999

PART 35
OFFSET  8.2566 -2.6698 -4.5431
X  1.0000 -0.0000  0.0000
Y  0.0000  1.0000  0.0000
Z  0.0000 -0.0000  1.0000

PART 36
OFFSET  18.1053 -2.8294 -7.0326
X  0.0992 -0.9937  0.0514
Y  0.9937  0.0963 -0.0566
Z  0.0513  0.0567  0.9971

PART 37
OFFSET  19.5457 -3.2513 -7.0692
X  0.1098  0.0164 -0.9938
Y  0.2266  0.9731  0.0410
Z  0.9678 -0.2297  0.1031

PART 38
OFFSET  18.2397 -3.3611 -6.1861
X  0.2264 -0.9739  0.0151
Y  0.9723  0.2250 -0.0628
Z  0.0578  0.0289  0.9979

PART 39
OFFSET  19.1435 -4.0431 -6.2129
X -0.7977  0.6024  0.0299
Y  0.6031  0.7966  0.0405
Z  0.0005  0.0503 -0.9987

PART 40
OFFSET  18.4960 -3.5206 -5.1761
X  0.0268 -0.9400 -0.3401
Y  0.9991  0.0366 -0.0224
Z  0.0335 -0.3392  0.9401

PART 41
OFFSET  1.9765 -6.8492 -8.3934
X -0.4641 -0.7780 -0.4235
Y  0.7732 -0.1226 -0.6222
Z  0.4322 -0.6162  0.6584

PART 42
OFFSET  1.8721 -4.8654 -8.5268
X -0.4697 -0.7744 -0.4238
Y -0.1603  0.5469 -0.8217
Z  0.8681 -0.3180 -0.3810

PART 43
OFFSET  1.3498 -4.6491 -7.4457
X -0.4697 -0.7744 -0.4238
Y -0.1603  0.5469 -0.8217
Z  0.8681 -0.3180 -0.3810

PART 44
OFFSET  1.7216 -5.3503 -6.3317
X -0.4697 -0.7744 -0.4238
Y -0.1603  0.5469 -0.8217
Z  0.8681 -0.3180 -0.3810

PART 45
OFFSET  3.3994 -4.4641 -7.0951
X -0.9546 -0.1418 -0.2621
Y  0.2850 -0.1775 -0.9420
Z  0.0871 -0.9739  0.2098

PART 46
OFFSET  3.5180 -3.8292 -6.1543
X -0.4986 -0.6783 -0.5398
Y  0.5783  0.2037 -0.7900
Z  0.6458 -0.7060  0.2907

PART 47
OFFSET  4.5002 -2.3465 -4.9269
X -0.9028 -0.3484  0.2520
Y -0.0609 -0.4766 -0.8770
Z  0.4257 -0.8072  0.4090

PART 48
OFFSET  5.9064 -1.7221 -5.4317
X -0.5336 -0.0213  0.8455
Y -0.6559 -0.6208 -0.4296
Z  0.5340 -0.7837  0.3172

PART 49
OFFSET  6.4701 -1.6526 -6.3533
X -0.8720  0.3598  0.3318
Y  0.0988  0.7934 -0.6006
Z -0.4794 -0.4910 -0.7274

PART 50
OFFSET  4.4947 -4.3373 -7.9243
X -0.9338 -0.2716  0.2329
Y  0.3213 -0.9230  0.2116
Z  0.1575  0.2724  0.9492

PART 51
OFFSET  6.5764 -3.5742 -8.3353
X -0.1064 -0.9920  0.0680
Y  0.9470 -0.1219 -0.2972
Z  0.3031  0.0328  0.9524

PART 52
OFFSET  6.7270 -2.1698 -8.4316
X  0.7704 -0.5952 -0.2284
Y  0.5756  0.8034 -0.1522
Z  0.2741 -0.0142  0.9616

PART 53
OFFSET  6.0439 -1.6420 -8.2291
X  0.9043  0.2998 -0.3039
Y -0.2988  0.9530  0.0510
Z  0.3049  0.0447  0.9513

PART 54
OFFSET  5.1848 -1.9268 -7.9404
X -0.5482 -0.8340  0.0629
Y -0.7690  0.5322  0.3543
Z -0.3289  0.1459 -0.9330

PART 55
OFFSET  4.5274 -4.3242 -7.2114
X -0.9690 -0.2439  0.0388
Y  0.2458 -0.9373  0.2469
Z -0.0239  0.2488  0.9683

PART 56
OFFSET  7.0514 -3.7488 -7.4504
X -0.1328 -0.9741  0.1828
Y  0.9405 -0.1821 -0.2870
Z  0.3128  0.1338  0.9403

PART 57
OFFSET  7.2775 -2.0904 -7.7617
X  0.8812 -0.4114 -0.2327
Y  0.3642  0.9048 -0.2204
Z  0.3012  0.1095  0.9472

PART 58
OFFSET  6.0562 -1.5202 -7.4391
X  0.8304  0.4610 -0.3130
Y -0.4723  0.8804  0.0436
Z  0.2956  0.1116  0.9488

PART 59
OFFSET  5.1556 -2.0201 -7.0996
X -0.3960 -0.8751  0.2782
Y -0.8751  0.4514  0.1743
Z -0.2781 -0.1744 -0.9446

PART 60
OFFSET -0.7678 -5.4264 -7.2768
X -0.9290 -0.3699 -0.0061
Y -0.3495  0.8829 -0.3136
Z  0.1214 -0.2892 -0.9495

PART 61
OFFSET  6.9363 -4.1395 -5.2855
X -0.9870 -0.0151 -0.1603
Y -0.0017 -0.9946  0.1040
Z -0.1610  0.1029  0.9816

PART 62
OFFSET  8.6740 -4.1128 -5.0032
X -0.3664 -0.9261  0.0899
Y  0.9173 -0.3433  0.2020
Z -0.1562  0.1565  0.9753

PART 63
OFFSET  9.1099 -2.9774 -5.0533
X  0.0489 -0.9944  0.0936
Y  0.9855  0.0633  0.1577
Z -0.1627  0.0845  0.9830

PART 64
OFFSET  9.0546 -1.8542 -5.1590
X -0.9513  0.2903  0.1037
Y  0.2703  0.9472 -0.1728
Z -0.1484 -0.1363 -0.9795

PART 65
OFFSET  7.1281 -4.1725 -6.3730
X -0.2627 -0.9406  0.2150
Y  0.9570 -0.2824 -0.0663
Z  0.1231  0.1883  0.9744

PART 66
OFFSET  7.6413 -2.3349 -6.7930
X  0.8288 -0.5596 -0.0009
Y  0.5392  0.7990 -0.2664
Z  0.1498  0.2203  0.9639

PART 67
OFFSET  6.4308 -1.5176 -6.7917
X  0.8851  0.3871 -0.2584
Y -0.4386  0.8795 -0.1846
Z  0.1558  0.2767  0.9482

PART 68
OFFSET  5.4270 -1.9574 -6.5059
X -0.4085 -0.8763  0.2554
Y -0.8912  0.4434  0.0957
Z -0.1971 -0.1885 -0.9621

PART 69
OFFSET  8.2566 -2.6698 -4.5431
X  1.0000 -0.0000  0.0000
Y  0.0000  1.0000  0.0000
Z  0.0000 -0.0000  1.0000

PART 70
OFFSET  13.5649 -2.9514 -2.1855
X  0.9998 -0.0000  0.0204
Y  0.0000  1.0000 -0.0000
Z -0.0204  0.0000  0.9998

PART 71
OFFSET  12.4681 -2.6548 -4.2640
X  1.0000 -0.0000  0.0000
Y  0.0000  1.0000  0.0000
Z  0.0000 -0.0000  1.0000

PART 72
OFFSET  10.6572 -2.6698 -5.6761
X  1.0000 -0.0000  0.0000
Y  0.0000  1.0000  0.0000
Z  0.0000 -0.0000  1.0000

PART 73
OFFSET  14.2297 -3.5065 -2.1284
X  0.0000 -0.8192  0.5736
Y  1.0000  0.0000  0.0000
Z -0.0000  0.5736  0.8192

PART 74
OFFSET  33.6623 -2.6540 -3.1888
X  1.0000 -0.0000  0.0000
Y  0.0000  1.0000  0.0000
Z  0.0000 -0.0000  1.0000


FRAME 438
PART 0
OFFSET -7.2604 -4.8127 -5.4071
X -0.4415  0.7143  0.5430
Y -0.3268 -0.6916  0.6441
Z  0.8356  0.1069  0.5388

PART 1
OFFSET -1.9206 -13.4515 -11.9737
X -0.4470 -0.7830 -0.4326
Y  0.8827 -0.3079 -0.3549
Z  0.1447 -0.5405  0.8288

PART 2
OFFSET  0.0000 -0.0000 -0.0000
X  1.0000 -0.0000  0.0000
Y  0.0000  1.0000  0.0000
Z  0.0000 -0.0000  1.0000

PART 3
OFFSET  0.0000 -0.0000 -0.0000
X  1.0000 -0.0000  0.0000
Y  0.0000  1.0000  0.0000
Z  0.0000 -0.0000  1.0000

PART 4
OFFSET  1.5404 -0.0000  4.1357
X  1.0000 -0.0000  0.0000
Y  0.0000  1.0000  0.0000
Z  0.0000 -0.0000  1.0000

PART 5
OFFSET  0.0000 -0.0000  0.0000
X  1.0000 -0.0000  0.0000
Y  0.0000  1.0000  0.0000
Z  0.0000 -0.0000  1.0000

PART 6
OFFSET -4.6318 -0.0000 -1.3770
X  1.0000 -0.0000  0.0000
Y  0.0000  1.0000  0.0000
Z  0.0000 -0.0000  1.0000

PART 7
OFFSET -3.5060  6.3408 -6.7125
X  0.8905 -0.1784 -0.4186
Y -0.1090 -0.9768  0.1845
Z -0.4418 -0.1187 -0.8893

PART 8
OFFSET  7.2635  4.1834 -11.7747
X  0.8390 -0.4128  0.3544
Y -0.4409 -0.1341  0.8875
Z -0.3188 -0.9009 -0.2945

PART 9
OFFSET  14.3998  0.6723 -8.7601
X  0.8390 -0.4128  0.3544
Y -0.4169 -0.0693  0.9063
Z -0.3496 -0.9082 -0.2302

PART 10
OFFSET  16.4891  1.7961 -8.4583
X  0.8425 -0.4096  0.3500
Y  0.3228  0.9039  0.2807
Z -0.4313 -0.1235  0.8937

PART 11
OFFSET  15.5714 -0.2358 -9.7300
X  0.8425 -0.4096  0.3500
Y  0.3228  0.9039  0.2807
Z -0.4313 -0.1235  0.8937

PART 12
OFFSET  15.8097  0.9314 -6.3783
X  0.8425 -0.4096  0.3500
Y  0.3228  0.9039  0.2807
Z -0.4313 -0.1235  0.8937

PART 13
OFFSET  15.2532 -0.4134 -6.9113
X  0.8425 -0.4096  0.3500
Y  0.3228  0.9039  0.2807
Z -0.4313 -0.1235  0.8937

PART 14
OFFSET  14.8425 -1.1595 -7.8841
X  0.8425 -0.4096  0.3500
Y  0.3228  0.9039  0.2807
Z -0.4313 -0.1235  0.8937

PART 15
OFFSET  16.8054 -1.1136 -6.6717
X  0.0821 -0.9107  0.4048
Y -0.9109  0.0962  0.4011
Z -0.4043 -0.4017 -0.8217

PART 16
OFFSET  16.8691 -3.0915 -5.8037
X  0.6468 -0.7146  0.2665
Y -0.7192 -0.4553  0.5249
Z -0.2538 -0.5312 -0.8084

PART 17
OFFSET  17.9278 -4.2774 -5.4954
X  0.9284 -0.2386 -0.2849
Y -0.1029 -0.9017  0.4199
Z -0.3571 -0.3605 -0.8617

PART 18
OFFSET  18.9137 -4.5672 -5.8358
X  0.8935 -0.1304  0.4297
Y -0.2341  0.6814  0.6934
Z -0.3832 -0.7202  0.5783

PART 19
OFFSET  18.1698 -0.9754 -8.2415
X  0.9255 -0.3787 -0.0031
Y -0.3737 -0.9117 -0.1709
Z  0.0619  0.1593 -0.9853

PART 20
OFFSET  20.1944 -1.9614 -8.1260
X  0.1422 -0.9894 -0.0277
Y -0.9898 -0.1425  0.0074
Z -0.0112  0.0263 -0.9996

PART 21
OFFSET  20.3958 -3.3622 -8.1651
X -0.7850 -0.6195 -0.0035
Y -0.6192  0.7847 -0.0284
Z  0.0204 -0.0201 -0.9996

PART 22
OFFSET  19.6998 -3.9115 -8.1683
X -0.9640 -0.2660  0.0034
Y -0.2657  0.9632  0.0403
Z -0.0140  0.0379 -0.9992

PART 23
OFFSET  18.7840 -4.1642 -8.1651
X  0.9061 -0.4067  0.1166
Y  0.4180  0.9032 -0.0980
Z -0.0655  0.1376  0.9883

PART 24
OFFSET  18.0638 -0.9022 -7.5394
X  0.9578 -0.2283  0.1746
Y -0.1978 -0.9643 -0.1759
Z  0.2086  0.1339 -0.9688

PART 25
OFFSET  20.4967 -1.7425 -7.1743
X  0.0940 -0.9950 -0.0332
Y -0.9951 -0.0929 -0.0339
Z  0.0307  0.0362 -0.9989

PART 26
OFFSET  20.6568 -3.4365 -7.2308
X -0.8170 -0.5752 -0.0401
Y -0.5750  0.8180 -0.0167
Z  0.0424  0.0094 -0.9991

PART 27
OFFSET  19.5244 -4.2337 -7.2864
X -0.9927 -0.1109 -0.0481
Y -0.1115  0.9937  0.0085
Z  0.0469  0.0138 -0.9988

PART 28
OFFSET  18.7211 -1.8727 -4.9139
X  0.8387 -0.4916  0.2343
Y  0.4216  0.8584  0.2922
Z -0.3448 -0.1463  0.9272

PART 29
OFFSET  20.1396 -3.8218 -5.4840
X -0.7891 -0.6130 -0.0404
Y -0.6142  0.7861  0.0700
Z -0.0111  0.0800 -0.9967

PART 30
OFFSET  20.3983 -1.3058 -6.1694
X  0.3208 -0.9468 -0.0257
Y -0.9444 -0.3176 -0.0855
Z  0.0728  0.0517 -0.9960

PART 31
OFFSET  16.9720 -0.5932 -7.6735
X  0.8516 -0.2386  0.4667
Y -0.4837 -0.0149  0.8751
Z -0.2018 -0.9710 -0.1281

PART 32
OFFSET  20.0006 -1.1732 -5.1474
X  0.4122 -0.9058 -0.0984
Y -0.9111 -0.4106 -0.0369
Z -0.0070  0.1049 -0.9945

PART 33
OFFSET  20.7263 -2.7679 -5.3207
X -0.4794 -0.8582 -0.1834
Y -0.8752  0.4829  0.0284
Z  0.0642  0.1742 -0.9826

PART 34
OFFSET  21.0250 -3.1554 -6.2196
X -0.5791 -0.8099 -0.0934
Y -0.8144  0.5800  0.0198
Z  0.0381  0.0875 -0.9954

PART 35
OFFSET  8.1646 -2.7497 -4.4151
X  0.9998 -0.0202 -0.0074
Y  0.0204  0.9996  0.0209
Z  0.0070 -0.0210  0.9998

PART 36
OFFSET  18.4479 -4.3541 -7.3386
X  0.8793 -0.4761 -0.0146
Y  0.4757  0.8762  0.0775
Z -0.0241 -0.0750  0.9969

PART 37
OFFSET  19.2340 -2.7117 -7.0750
X  0.1498  0.0986 -0.9838
Y  0.2018  0.9710  0.1281
Z  0.9679 -0.2177  0.1256

PART 38
OFFSET  19.1326 -4.7635 -6.4386
X  0.9512 -0.3063  0.0386
Y  0.3038  0.9509  0.0595
Z -0.0550 -0.0449  0.9975

PART 39
OFFSET  20.1791 -4.3384 -6.3560
X -0.9244 -0.3756 -0.0667
Y -0.3811  0.9169  0.1187
Z  0.0166  0.1352 -0.9907

PART 40
OFFSET  19.2483 -4.5141 -5.5297
X  0.8082 -0.4875 -0.3304
Y  0.5634  0.8035  0.1924
Z  0.1716 -0.3416  0.9240

PART 41
OFFSET  1.8814 -6.7919 -8.2945
X -0.4470 -0.7830 -0.4326
Y  0.7904 -0.1193 -0.6009
Z  0.4189 -0.6105  0.6722

PART 42
OFFSET  1.7483 -4.8111 -8.4172
X -0.4526 -0.7795 -0.4330
Y -0.1564  0.5474 -0.8221
Z  0.8779 -0.3044 -0.3697

PART 43
OFFSET  1.2053 -4.6031 -7.3458
X -0.4526 -0.7795 -0.4330
Y -0.1564  0.5474 -0.8221
Z  0.8779 -0.3044 -0.3697

PART 44
OFFSET  1.5710 -5.2990 -6.2356
X -0.4526 -0.7795 -0.4330
Y -0.1564  0.5474 -0.8221
Z  0.8779 -0.3044 -0.3697

PART 45
OFFSET  3.2518 -4.3915 -6.9684
X -0.9591 -0.1170 -0.2579
Y  0.2747 -0.1634 -0.9475
Z  0.0687 -0.9796  0.1889

PART 46
OFFSET  3.3898 -3.7790 -6.0155
X -0.5160 -0.6566 -0.5501
Y  0.5768  0.2084 -0.7899
Z  0.6333 -0.7249  0.2711

PART 47
OFFSET  4.4106 -2.3425 -4.7649
X -0.9079 -0.3353  0.2515
Y -0.0768 -0.4568 -0.8863
Z  0.4120 -0.8240  0.3890

PART 48
OFFSET  5.8256 -1.7362 -5.2671
X -0.5279 -0.0282  0.8488
Y -0.6714 -0.5983 -0.4375
Z  0.5202 -0.8008  0.2969

PART 49
OFFSET  6.3841 -1.6588 -6.1912
X -0.8622  0.3703  0.3457
Y  0.1107  0.8036 -0.5847
Z -0.4943 -0.4659 -0.7339

PART 50
OFFSET  4.3436 -4.2696 -7.8029
X -0.9375 -0.2575  0.2342
Y  0.3039 -0.9336  0.1900
Z  0.1697  0.2493  0.9535

PART 51
OFFSET  6.4374 -3.5403 -8.2134
X -0.1261 -0.9908  0.0482
Y  0.9422 -0.1348 -0.3067
Z  0.3104  0.0067  0.9506

PART 52
OFFSET  6.6160 -2.1375 -8.2816
X  0.7565 -0.6058 -0.2465
Y  0.5908  0.7947 -0.1398
Z  0.2805 -0.0399  0.9590

PART 53
OFFSET  5.9452 -1.6004 -8.0631
X  0.9081  0.2878 -0.3043
Y -0.2790  0.9575  0.0730
Z  0.3124  0.0186  0.9498

PART 54
OFFSET  5.0825 -1.8737 -7.7740
X -0.5646 -0.8239  0.0496
Y -0.7555  0.5400  0.3710
Z -0.3324  0.1720 -0.9273

PART 55
OFFSET  4.3815 -4.2720 -7.0901
X -0.9735 -0.2250  0.0409
Y  0.2284 -0.9471  0.2255
Z -0.0120  0.2289  0.9734

PART 56
OFFSET  6.9150 -3.7429 -7.3359
X -0.1513 -0.9749  0.1635
Y  0.9345 -0.1950 -0.2977
Z  0.3221  0.1078  0.9406

PART 57
OFFSET  7.1725 -2.0832 -7.6143
X  0.8710 -0.4242 -0.2478
Y  0.3810  0.9017 -0.2043
Z  0.3101  0.0835  0.9470

PART 58
OFFSET  5.9654 -1.4953 -7.2709
X  0.8374  0.4506 -0.3095
Y -0.4540  0.8886  0.0654
Z  0.3045  0.0857  0.9486

PART 59
OFFSET  5.0572 -1.9839 -6.9352
X -0.4118 -0.8725  0.2629
Y -0.8645  0.4653  0.1902
Z -0.2882 -0.1490 -0.9459

PART 60
OFFSET -0.9353 -5.2654 -7.1391
X -0.9364 -0.3509 -0.0069
Y -0.3336  0.8962 -0.2926
Z  0.1088 -0.2717 -0.9562

PART 61
OFFSET  6.8071 -4.1764 -5.1787
X -0.9882  0.0082 -0.1532
Y -0.0212 -0.9963  0.0833
Z -0.1520  0.0856  0.9847

PART 62
OFFSET  8.5469 -4.1908 -4.9090
X -0.3845 -0.9202  0.0734
Y  0.9115 -0.3659  0.1880
Z -0.1461  0.1392  0.9794

PART 63
OFFSET  9.0055 -3.0637 -4.9387
X  0.0293 -0.9969  0.0725
Y  0.9876  0.0401  0.1516
Z -0.1541  0.0672  0.9858

PART 64
OFFSET  8.9724 -1.9377 -5.0206
X -0.9444  0.3073  0.1168
Y  0.2883  0.9449 -0.1550
Z -0.1580 -0.1128 -0.9810

PART 65
OFFSET  6.9905 -4.1905 -6.2681
X -0.2803 -0.9394  0.1974
Y  0.9506 -0.3003 -0.0793
Z  0.1337  0.1654  0.9771

PART 66
OFFSET  7.5380 -2.3553 -6.6536
X  0.8172 -0.5761 -0.0187
Y  0.5534  0.7933 -0.2537
Z  0.1610  0.1970  0.9671

PART 67
OFFSET  6.3445 -1.5138 -6.6264
X  0.8910  0.3745 -0.2569
Y -0.4219  0.8919 -0.1630
Z  0.1681  0.2536  0.9526

PART 68
OFFSET  5.3339 -1.9392 -6.3423
X -0.4245 -0.8730  0.2402
Y -0.8813  0.4592  0.1115
Z -0.2077 -0.1643 -0.9643

PART 69
OFFSET  8.1646 -2.7497 -4.4151
X  0.9998 -0.0202 -0.0074
Y  0.0204  0.9996  0.0209
Z  0.0070 -0.0210  0.9998

PART 70
OFFSET  13.4825 -3.1880 -2.1035
X  0.9997 -0.0206  0.0130
Y  0.0204  0.9996  0.0209
Z -0.0134 -0.0206  0.9997

PART 71
OFFSET  12.3774 -2.8257 -4.1672
X  0.9998 -0.0202 -0.0074
Y  0.0204  0.9996  0.0209
Z  0.0070 -0.0210  0.9998

PART 72
OFFSET  10.5567 -2.7744 -5.5658
X  0.9998 -0.0202 -0.0074
Y  0.0204  0.9996  0.0209
Z  0.0070 -0.0210  0.9998

PART 73
OFFSET  14.1362 -3.7575 -2.0630
X -0.0127 -0.8309  0.5563
Y  0.9998 -0.0202 -0.0074
Z  0.0174  0.5561  0.8309

PART 74
OFFSET  33.5743 -3.2758 -3.2499
X  0.9998 -0.0202 -0.0074
Y  0.0204  0.9996  0.0209
Z  0.0070 -0.0210  0.9998


FRAME 439
PART 0
OFFSET -7.2604 -4.8127 -5.4071
X -0.4492  0.7136  0.5376
Y -0.3378 -0.6927  0.6372
Z  0.8271  0.1046  0.5522

PART 1
OFFSET -1.8278 -13.4427 -11.9088
X -0.4028 -0.7938 -0.4556
Y  0.9058 -0.2746 -0.3226
Z  0.1310 -0.5426  0.8297

PART 2
OFFSET  0.0000 -0.0000 -0.0000
X  1.0000 -0.0000  0.0000
Y  0.0000  1.0000  0.0000
Z  0.0000 -0.0000  1.0000

PART 3
OFFSET  0.0000 -0.0000 -0.0000
X  1.0000 -0.0000  0.0000
Y  0.0000  1.0000  0.0000
Z  0.0000 -0.0000  1.0000

PART 4
OFFSET  1.5404 -0.0000  4.1357
X  1.0000 -0.0000  0.0000
Y  0.0000  1.0000  0.0000
Z  0.0000 -0.0000  1.0000

PART 5
OFFSET  0.0000 -0.0000  0.0000
X  1.0000 -0.0000  0.0000
Y  0.0000  1.0000  0.0000
Z  0.0000 -0.0000  1.0000

PART 6
OFFSET -4.6318 -0.0000 -1.3770
X  1.0000 -0.0000  0.0000
Y  0.0000  1.0000  0.0000
Z  0.0000 -0.0000  1.0000

PART 7
OFFSET -3.5060  6.3408 -6.7125
X  0.8515 -0.0991 -0.5149
Y  0.0068 -0.9798  0.1999
Z -0.5244 -0.1737 -0.8336

PART 8
OFFSET  6.7917  5.1419 -12.9401
X  0.7890 -0.3571  0.4999
Y -0.5560 -0.0689  0.8283
Z -0.2614 -0.9315 -0.2529

PART 9
OFFSET  13.5026  2.1043 -8.6883
X  0.7890 -0.3571  0.4999
Y -0.5775 -0.1535  0.8018
Z -0.2096 -0.9214 -0.3273

PART 10
OFFSET  15.5137  3.1775 -8.3033
X  0.7930 -0.3542  0.4957
Y  0.2672  0.9334  0.2396
Z -0.5475 -0.0575  0.8348

PART 11
OFFSET  14.8098  1.1482 -9.4059
X  0.7930 -0.3542  0.4957
Y  0.2672  0.9334  0.2396
Z -0.5475 -0.0575  0.8348

PART 12
OFFSET  14.5302  2.5015 -6.1843
X  0.7930 -0.3542  0.4957
Y  0.2672  0.9334  0.2396
Z -0.5475 -0.0575  0.8348

PART 13
OFFSET  14.0878  1.1773 -6.6340
X  0.7930 -0.3542  0.4957
Y  0.2672  0.9334  0.2396
Z -0.5475 -0.0575  0.8348

PART 14
OFFSET  13.9204  0.4645 -7.6424
X  0.7930 -0.3542  0.4957
Y  0.2672  0.9334  0.2396
Z -0.5475 -0.0575  0.8348

PART 15
OFFSET  15.7172  0.3486 -6.2480
X  0.2505 -0.9270  0.2791
Y -0.7960 -0.0332  0.6043
Z -0.5510 -0.3736 -0.7462

PART 16
OFFSET  16.1477 -1.6759 -5.6269
X  0.5467 -0.7965  0.2582
Y -0.7328 -0.3060  0.6078
Z -0.4051 -0.5215 -0.7510

PART 17
OFFSET  17.0286 -3.0019 -5.3305
X  0.5785 -0.8156 -0.0112
Y -0.6441 -0.4652  0.6072
Z -0.5004 -0.3440 -0.7945

PART 18
OFFSET  17.6204 -3.9076 -5.3686
X  0.6158 -0.4769  0.6272
Y  0.2388  0.8715  0.4282
Z -0.7509 -0.1139  0.6506

PART 19
OFFSET  17.1518  0.7267 -7.7122
X  0.9315 -0.3635 -0.0112
Y -0.3480 -0.8820 -0.3177
Z  0.1056  0.2999 -0.9481

PART 20
OFFSET  19.1868 -0.2418 -7.6382
X  0.7800 -0.6079 -0.1486
Y -0.6257 -0.7601 -0.1754
Z -0.0063  0.2297 -0.9732

PART 21
OFFSET  20.2911 -1.1025 -7.8485
X  0.1927 -0.9597 -0.2045
Y -0.9801 -0.1779 -0.0884
Z  0.0485  0.2175 -0.9749

PART 22
OFFSET  20.4619 -1.9534 -8.0299
X  0.2156 -0.9530 -0.2127
Y -0.9763 -0.2145 -0.0281
Z -0.0188  0.2137 -0.9767

PART 23
OFFSET  20.6667 -2.8588 -8.2319
X  0.4507  0.8327  0.3216
Y -0.8781  0.4783 -0.0078
Z -0.1603 -0.2789  0.9468

PART 24
OFFSET  17.0113  0.6971 -7.0130
X  0.9525 -0.2398  0.1876
Y -0.1711 -0.9313 -0.3215
Z  0.2518  0.2741 -0.9281

PART 25
OFFSET  19.4393 -0.1584 -6.6512
X  0.7476 -0.6607 -0.0677
Y -0.6589 -0.7252 -0.1997
Z  0.0828  0.1939 -0.9775

PART 26
OFFSET  20.7122 -1.2832 -6.7664
X  0.2761 -0.9499 -0.1467
Y -0.9549 -0.2537 -0.1545
Z  0.1096  0.1827 -0.9770

PART 27
OFFSET  21.0949 -2.5996 -6.9697
X  0.1634 -0.9719 -0.1697
Y -0.9807 -0.1414 -0.1347
Z  0.1069  0.1884 -0.9763

PART 28
OFFSET  17.5611 -0.6324 -4.5237
X  0.8357 -0.5103  0.2031
Y  0.3910  0.8124  0.4324
Z -0.3857 -0.2820  0.8785

PART 29
OFFSET  21.1534 -1.7044 -4.6575
X  0.6071 -0.7939 -0.0333
Y -0.7675 -0.5750 -0.2834
Z  0.2059  0.1976 -0.9584

PART 30
OFFSET  19.2852  0.1284 -5.6004
X  0.8535 -0.5206 -0.0235
Y -0.5120 -0.8293 -0.2238
Z  0.0970  0.2030 -0.9744

PART 31
OFFSET  15.9214  1.0094 -7.1557
X  0.8328 -0.2931  0.4696
Y -0.5244 -0.1461  0.8388
Z -0.1773 -0.9448 -0.2754

PART 32
OFFSET  18.8369  0.1081 -4.5909
X  0.8563 -0.5160  0.0197
Y -0.4935 -0.8290 -0.2632
Z  0.1522  0.2157 -0.9645

PART 33
OFFSET  20.3446 -0.8004 -4.5562
X  0.6723 -0.7286 -0.1305
Y -0.7267 -0.6161 -0.3041
Z  0.1412  0.2992 -0.9437

PART 34
OFFSET  20.9525 -0.8887 -5.6462
X  0.5394 -0.8291 -0.1473
Y -0.8407 -0.5201 -0.1511
Z  0.0487  0.2053 -0.9775

PART 35
OFFSET  7.8706 -3.0643 -4.1016
X  0.9965 -0.0781 -0.0304
Y  0.0803  0.9936  0.0796
Z  0.0240 -0.0818  0.9964

PART 36
OFFSET  21.2721 -3.6536 -7.1537
X  0.4316  0.8863  0.1679
Y -0.9008  0.4332  0.0290
Z -0.0470 -0.1638  0.9854

PART 37
OFFSET  18.1918 -1.1465 -6.7542
X  0.1945  0.2406 -0.9509
Y  0.1773  0.9448  0.2754
Z  0.9647 -0.2221  0.1411

PART 38
OFFSET  22.2465 -3.0898 -6.0764
X  0.2295  0.9381  0.2594
Y -0.9697  0.2432 -0.0218
Z -0.0835 -0.2465  0.9655

PART 39
OFFSET  21.7403 -2.0997 -5.8614
X  0.4464 -0.8757 -0.1838
Y -0.8948 -0.4378 -0.0875
Z -0.0038  0.2035 -0.9791

PART 40
OFFSET  21.8391 -2.6012 -4.6951
X  0.5531  0.8331 -0.0029
Y -0.8307  0.5517  0.0749
Z  0.0640 -0.0390  0.9972

PART 41
OFFSET  1.5986 -6.6908 -8.0341
X -0.4028 -0.7938 -0.4556
Y  0.8381 -0.1200 -0.5321
Z  0.3677 -0.5962  0.7137

PART 42
OFFSET  1.3928 -4.7197 -8.1295
X -0.4086 -0.7906 -0.4561
Y -0.1431  0.5491 -0.8234
Z  0.9014 -0.2711 -0.3375

PART 43
OFFSET  0.7929 -4.5285 -7.0901
X -0.4086 -0.7906 -0.4561
Y -0.1431  0.5491 -0.8234
Z  0.9014 -0.2711 -0.3375

PART 44
OFFSET  1.1439 -5.2129 -5.9906
X -0.4086 -0.7906 -0.4561
Y -0.1431  0.5491 -0.8234
Z  0.9014 -0.2711 -0.3375

PART 45
OFFSET  2.8336 -4.2571 -6.6375
X -0.9689 -0.0448 -0.2434
Y  0.2471 -0.1213 -0.9614
Z  0.0135 -0.9916  0.1285

PART 46
OFFSET  3.0252 -3.7128 -5.6532
X -0.5643 -0.5906 -0.5769
Y  0.5736  0.2220 -0.7884
Z  0.5937 -0.7758  0.2135

PART 47
OFFSET  4.1526 -2.4172 -4.3415
X -0.9216 -0.2963  0.2508
Y -0.1201 -0.3967 -0.9101
Z  0.3691 -0.8688  0.3300

PART 48
OFFSET  5.5918 -1.8652 -4.8376
X -0.5131 -0.0489  0.8569
Y -0.7137 -0.5302 -0.4576
Z  0.4768 -0.8464  0.2371

PART 49
OFFSET  6.1370 -1.7646 -5.7673
X -0.8321  0.3983  0.3859
Y  0.1477  0.8299 -0.5380
Z -0.5346 -0.3907 -0.7494

PART 50
OFFSET  3.9152 -4.1487 -7.4870
X -0.9467 -0.2160  0.2388
Y  0.2510 -0.9596  0.1273
Z  0.2016  0.1804  0.9627

PART 51
OFFSET  6.0410 -3.5194 -7.8988
X -0.1841 -0.9829 -0.0083
Y  0.9267 -0.1707 -0.3347
Z  0.3276 -0.0693  0.9423

PART 52
OFFSET  6.3017 -2.1279 -7.8871
X  0.7144 -0.6328 -0.2986
Y  0.6345  0.7658 -0.1050
Z  0.2951 -0.1145  0.9486

PART 53
OFFSET  5.6683 -1.5669 -7.6224
X  0.9179  0.2522 -0.3064
Y -0.2199  0.9660  0.1361
Z  0.3303 -0.0575  0.9421

PART 54
OFFSET  4.7963 -1.8064 -7.3313
X -0.6118 -0.7909  0.0127
Y -0.7150  0.5597  0.4189
Z -0.3384  0.2472 -0.9079

PART 55
OFFSET  3.9660 -4.1967 -6.7766
X -0.9843 -0.1698  0.0487
Y  0.1756 -0.9708  0.1636
Z  0.0195  0.1696  0.9853

PART 56
OFFSET  6.5215 -3.8026 -7.0456
X -0.2062 -0.9725  0.1083
Y  0.9156 -0.2308 -0.3291
Z  0.3451  0.0313  0.9380

PART 57
OFFSET  6.8726 -2.1469 -7.2300
X  0.8395 -0.4585 -0.2916
Y  0.4304  0.8887 -0.1584
Z  0.3317  0.0075  0.9433

PART 58
OFFSET  5.7091 -1.5114 -6.8260
X  0.8570  0.4188 -0.3003
Y -0.3989  0.9080  0.1282
Z  0.3264  0.0099  0.9452

PART 59
OFFSET  4.7797 -1.9656 -6.5003
X -0.4582 -0.8614  0.2193
Y -0.8316  0.5026  0.2364
Z -0.3138 -0.0740 -0.9466

PART 60
OFFSET -1.4007 -4.8726 -6.7688
X -0.9556 -0.2944 -0.0073
Y -0.2849  0.9303 -0.2312
Z  0.0749 -0.2189 -0.9729

PART 61
OFFSET  6.4275 -4.3595 -4.9162
X -0.9885  0.0753 -0.1308
Y -0.0791 -0.9966  0.0242
Z -0.1286  0.0342  0.9911

PART 62
OFFSET  8.1679 -4.4921 -4.6860
X -0.4374 -0.8989  0.0267
Y  0.8913 -0.4293  0.1459
Z -0.1196  0.0876  0.9889

PART 63
OFFSET  8.6924 -3.3940 -4.6584
X -0.0289 -0.9995  0.0123
Y  0.9909 -0.0270  0.1321
Z -0.1318  0.0160  0.9912

PART 64
OFFSET  8.7250 -2.2651 -4.6723
X -0.9221  0.3543  0.1555
Y  0.3413  0.9341 -0.1046
Z -0.1823 -0.0434 -0.9823

PART 65
OFFSET  6.5897 -4.3180 -6.0082
X -0.3322 -0.9317  0.1470
Y  0.9293 -0.3499 -0.1178
Z  0.1612  0.0975  0.9821

PART 66
OFFSET  7.2386 -2.4979 -6.2955
X  0.7809 -0.6207 -0.0709
Y  0.5951  0.7736 -0.2180
Z  0.1901  0.1280  0.9734

PART 67
OFFSET  6.0982 -1.5913 -6.1921
X  0.9069  0.3367 -0.2535
Y -0.3708  0.9233 -0.1002
Z  0.2003  0.1849  0.9621

PART 68
OFFSET  5.0694 -1.9733 -5.9118
X -0.4714 -0.8597  0.1969
Y -0.8501  0.5023  0.1579
Z -0.2347 -0.0929 -0.9676

PART 69
OFFSET  7.8706 -3.0643 -4.1016
X  0.9965 -0.0781 -0.0304
Y  0.0803  0.9936  0.0796
Z  0.0240 -0.0818  0.9964

PART 70
OFFSET  13.1942 -3.9516 -1.9366
X  0.9968 -0.0798 -0.0101
Y  0.0803  0.9936  0.0796
Z  0.0037 -0.0802  0.9968

PART 71
OFFSET  12.0752 -3.4012 -3.9505
X  0.9965 -0.0781 -0.0304
Y  0.0803  0.9936  0.0796
Z  0.0240 -0.0818  0.9964

PART 72
OFFSET  10.2354 -3.1591 -5.3036
X  0.9965 -0.0781 -0.0304
Y  0.0803  0.9936  0.0796
Z  0.0240 -0.0818  0.9964

PART 73
OFFSET  13.8135 -4.5597 -1.9442
X -0.0520 -0.8608  0.5062
Y  0.9965 -0.0781 -0.0304
Z  0.0657  0.5029  0.8619

PART 74
OFFSET  33.2207 -5.1434 -3.5241
X  0.9965 -0.0781 -0.0304
Y  0.0803  0.9936  0.0796
Z  0.0240 -0.0818  0.9964


FRAME 440
PART 0
OFFSET -7.2604 -4.8127 -5.4071
X -0.4504  0.7193  0.5289
Y -0.3648 -0.6890  0.6263
Z  0.8149  0.0892  0.5727

PART 1
OFFSET -1.8132 -13.5118 -11.8037
X -0.3389 -0.8041 -0.4883
Y  0.9353 -0.2320 -0.2672
Z  0.1015 -0.5473  0.8308

PART 2
OFFSET  0.0000 -0.0000 -0.0000
X  1.0000 -0.0000  0.0000
Y  0.0000  1.0000  0.0000
Z  0.0000 -0.0000  1.0000

PART 3
OFFSET  0.0000 -0.0000 -0.0000
X  1.0000 -0.0000  0.0000
Y  0.0000  1.0000  0.0000
Z  0.0000 -0.0000  1.0000

PART 4
OFFSET  1.5404 -0.0000  4.1357
X  1.0000 -0.0000  0.0000
Y  0.0000  1.0000  0.0000
Z  0.0000 -0.0000  1.0000

PART 5
OFFSET  0.0000 -0.0000  0.0000
X  1.0000 -0.0000  0.0000
Y  0.0000  1.0000  0.0000
Z  0.0000 -0.0000  1.0000

PART 6
OFFSET -4.6318 -0.0000 -1.3770
X  1.0000 -0.0000  0.0000
Y  0.0000  1.0000  0.0000
Z  0.0000 -0.0000  1.0000

PART 7
OFFSET -3.5060  6.3408 -6.7125
X  0.8124  0.0324 -0.5822
Y  0.1375 -0.9809  0.1373
Z -0.5666 -0.1916 -0.8014

PART 8
OFFSET  6.3195  6.7328 -13.7530
X  0.7126 -0.3214  0.6236
Y -0.6805 -0.1006  0.7258
Z -0.1705 -0.9416 -0.2904

PART 9
OFFSET  12.3806  3.9995 -8.4489
X  0.7126 -0.3214  0.6236
Y -0.6955 -0.2072  0.6880
Z -0.0919 -0.9240 -0.3711

PART 10
OFFSET  14.2604  4.7752 -7.9580
X  0.7171 -0.3182  0.6201
Y  0.1783  0.9438  0.2782
Z -0.6738 -0.0889  0.7336

PART 11
OFFSET  13.8332  3.1121 -8.9398
X  0.7171 -0.3182  0.6201
Y  0.1783  0.9438  0.2782
Z -0.6738 -0.0889  0.7336

PART 12
OFFSET  12.9084  4.1496 -5.8939
X  0.7171 -0.3182  0.6201
Y  0.1783  0.9438  0.2782
Z -0.6738 -0.0889  0.7336

PART 13
OFFSET  12.5482  2.9383 -6.2672
X  0.7171 -0.3182  0.6201
Y  0.1783  0.9438  0.2782
Z -0.6738 -0.0889  0.7336

PART 14
OFFSET  12.7070  2.3850 -7.3477
X  0.7171 -0.3182  0.6201
Y  0.1783  0.9438  0.2782
Z -0.6738 -0.0889  0.7336

PART 15
OFFSET  14.3288  2.2313 -5.7414
X  0.3495 -0.9264  0.1404
Y -0.6519 -0.1329  0.7465
Z -0.6729 -0.3524 -0.6504

PART 16
OFFSET  14.9805  0.1994 -5.4002
X  0.4859 -0.8377  0.2492
Y -0.6911 -0.1938  0.6963
Z -0.5350 -0.5106 -0.6731

PART 17
OFFSET  15.7463 -1.1986 -5.1149
X  0.1014 -0.9314  0.3496
Y -0.7616  0.1534  0.6296
Z -0.6400 -0.3301 -0.6938

PART 18
OFFSET  15.8137 -2.2183 -4.7578
X  0.3290 -0.4438  0.8335
Y  0.6555  0.7427  0.1367
Z -0.6797  0.5014  0.5353

PART 19
OFFSET  15.8160  2.8098 -7.0826
X  0.9319 -0.3615 -0.0287
Y -0.3345 -0.8263 -0.4532
Z  0.1401  0.4320 -0.8909

PART 20
OFFSET  17.8484  1.8333 -7.0729
X  0.8567 -0.4853 -0.1748
Y -0.5154 -0.7916 -0.3282
Z  0.0209  0.3712 -0.9283

PART 21
OFFSET  19.0613  1.1462 -7.3203
X  0.3260 -0.8884 -0.3233
Y -0.9423 -0.2775 -0.1875
Z  0.0768  0.3657 -0.9276

PART 22
OFFSET  19.3503  0.3585 -7.6069
X  0.3585 -0.8743 -0.3272
Y -0.9335 -0.3317 -0.1365
Z  0.0108  0.3543 -0.9351

PART 23
OFFSET  19.6909 -0.4721 -7.9177
X  0.3102  0.8257  0.4711
Y -0.9340  0.3570 -0.0106
Z -0.1770 -0.4368  0.8820

PART 24
OFFSET  15.6496  2.6810 -6.4004
X  0.9453 -0.2676  0.1864
Y -0.1575 -0.8752 -0.4575
Z  0.2855  0.4031 -0.8695

PART 25
OFFSET  18.0642  1.7739 -6.0755
X  0.8598 -0.4991 -0.1077
Y -0.5045 -0.7981 -0.3294
Z  0.0784  0.3375 -0.9380

PART 26
OFFSET  19.5281  0.9242 -6.2588
X  0.4860 -0.8399 -0.2417
Y -0.8674 -0.4297 -0.2507
Z  0.1067  0.3315 -0.9374

PART 27
OFFSET  20.2016 -0.2398 -6.5937
X  0.3734 -0.8853 -0.2770
Y -0.9220 -0.3211 -0.2166
Z  0.1028  0.3363 -0.9361

PART 28
OFFSET  16.1094  1.0071 -4.1084
X  0.8285 -0.5371  0.1587
Y  0.3734  0.7409  0.5583
Z -0.4174 -0.4033  0.8143

PART 29
OFFSET  20.0059  0.3748 -3.8293
X  0.7302 -0.6832  0.0038
Y -0.6101 -0.6546 -0.4464
Z  0.3075  0.3236 -0.8948

PART 30
OFFSET  17.8707  1.9080 -5.0009
X  0.9288 -0.3684 -0.0398
Y -0.3584 -0.8659 -0.3490
Z  0.0941  0.3385 -0.9363

PART 31
OFFSET  14.5653  3.0143 -6.5371
X  0.8154 -0.3602  0.4532
Y -0.5548 -0.2626  0.7894
Z -0.1653 -0.8951 -0.4140

PART 32
OFFSET  17.3854  1.7452 -4.0219
X  0.9123 -0.3961  0.1035
Y -0.3266 -0.8567 -0.3993
Z  0.2469  0.3305 -0.9109

PART 33
OFFSET  18.9917  1.0478 -3.8396
X  0.8451 -0.5333 -0.0359
Y -0.4881 -0.7425 -0.4587
Z  0.2179  0.4052 -0.8879

PART 34
OFFSET  19.6852  1.1883 -5.0787
X  0.6942 -0.6886 -0.2095
Y -0.7183 -0.6440 -0.2632
Z  0.0463  0.3332 -0.9417

PART 35
OFFSET  7.3132 -3.8059 -3.6886
X  0.9816 -0.1761 -0.0736
Y  0.1866  0.9664  0.1767
Z  0.0400 -0.1872  0.9815

PART 36
OFFSET  20.6065 -1.2000 -6.8941
X  0.2258  0.9253  0.3047
Y -0.9729  0.2302  0.0217
Z -0.0500 -0.3013  0.9522

PART 37
OFFSET  16.8231  0.8151 -6.3647
X  0.2291  0.3734 -0.8989
Y  0.1657  0.8950  0.4141
Z  0.9592 -0.2438  0.1432

PART 38
OFFSET  21.4026 -0.6546 -5.6803
X  0.0252  0.9240  0.3815
Y -0.9971  0.0505 -0.0565
Z -0.0715 -0.3790  0.9226

PART 39
OFFSET  20.6992  0.1824 -5.3847
X  0.6206 -0.7414 -0.2552
Y -0.7841 -0.5888 -0.1962
Z -0.0048  0.3218 -0.9468

PART 40
OFFSET  20.8307 -0.3969 -3.8250
X  0.3996  0.9043  0.1500
Y -0.9135  0.4065 -0.0175
Z -0.0768 -0.1301  0.9885

PART 41
OFFSET  1.0697 -6.6722 -7.6503
X -0.3389 -0.8041 -0.4883
Y  0.9147 -0.1604 -0.3708
Z  0.2199 -0.5724  0.7900

PART 42
OFFSET  0.7645 -4.7192 -7.7090
X -0.3448 -0.8011 -0.4892
Y -0.1143  0.5531 -0.8252
Z  0.9317 -0.2286 -0.2823

PART 43
OFFSET  0.0742 -4.5425 -6.7348
X -0.3448 -0.8011 -0.4892
Y -0.1143  0.5531 -0.8252
Z  0.9317 -0.2286 -0.2823

PART 44
OFFSET  0.4049 -5.2173 -5.6500
X -0.3448 -0.8011 -0.4892
Y -0.1143  0.5531 -0.8252
Z  0.9317 -0.2286 -0.2823

PART 45
OFFSET  2.1088 -4.2069 -6.1532
X -0.9740  0.0801 -0.2121
Y  0.2090 -0.0453 -0.9769
Z -0.0879 -0.9958  0.0274

PART 46
OFFSET  2.3811 -3.7903 -5.1264
X -0.6375 -0.4666 -0.6130
Y  0.5741  0.2429 -0.7819
Z  0.5138 -0.8504  0.1130

PART 47
OFFSET  3.6709 -2.7603 -3.7317
X -0.9412 -0.2249  0.2522
Y -0.1838 -0.2856 -0.9406
Z  0.2836 -0.9316  0.2275

PART 48
OFFSET  5.1476 -2.3097 -4.2205
X -0.4940 -0.0850  0.8653
Y -0.7768 -0.4040 -0.4831
Z  0.3906 -0.9108  0.1336

PART 49
OFFSET  5.6771 -2.1693 -5.1541
X -0.7756  0.4391  0.4534
Y  0.2210  0.8618 -0.4566
Z -0.5912 -0.2539 -0.7655

PART 50
OFFSET  3.1743 -4.1220 -7.0253
X -0.9580 -0.1417  0.2493
Y  0.1516 -0.9882  0.0209
Z  0.2434  0.0578  0.9682

PART 51
OFFSET  5.3437 -3.6742 -7.4469
X -0.2868 -0.9527 -0.1008
Y  0.8950 -0.2289 -0.3829
Z  0.3417 -0.2000  0.9183

PART 52
OFFSET  5.7497 -2.3254 -7.3042
X  0.6361 -0.6681 -0.3861
Y  0.7088  0.7036 -0.0497
Z  0.3049 -0.2420  0.9211

PART 53
OFFSET  5.1858 -1.7331 -6.9620
X  0.9315  0.1874 -0.3118
Y -0.1135  0.9640  0.2404
Z  0.3456 -0.1886  0.9192

PART 54
OFFSET  4.3008 -1.9111 -6.6658
X -0.6912 -0.7212 -0.0454
Y -0.6414  0.5833  0.4983
Z -0.3329  0.3736 -0.8658

PART 55
OFFSET  3.2374 -4.2485 -6.3256
X -0.9952 -0.0724  0.0663
Y  0.0763 -0.9954  0.0586
Z  0.0617  0.0634  0.9961

PART 56
OFFSET  5.8127 -4.0920 -6.6443
X -0.3048 -0.9523  0.0170
Y  0.8778 -0.2878 -0.3830
Z  0.3696 -0.1018  0.9236

PART 57
OFFSET  6.3317 -2.4707 -6.6732
X  0.7790 -0.5092 -0.3659
Y  0.5176  0.8516 -0.0832
Z  0.3540 -0.1246  0.9269

PART 58
OFFSET  5.2521 -1.7650 -6.1660
X  0.8886  0.3579 -0.2868
Y -0.2976  0.9258  0.2331
Z  0.3490 -0.1218  0.9292

PART 59
OFFSET  4.2883 -2.1532 -5.8550
X -0.5409 -0.8281  0.1475
Y -0.7679  0.5577  0.3152
Z -0.3433  0.0572 -0.9375

PART 60
OFFSET -2.1688 -4.3691 -6.1951
X -0.9812 -0.1928 -0.0030
Y -0.1909  0.9735 -0.1260
Z  0.0273 -0.1231 -0.9920

PART 61
OFFSET  5.7135 -4.8548 -4.5799
X -0.9780  0.1892 -0.0874
Y -0.1830 -0.9803 -0.0736
Z -0.0996 -0.0560  0.9935

PART 62
OFFSET  7.4355 -5.1877 -4.4260
X -0.5289 -0.8473 -0.0485
Y  0.8444 -0.5311  0.0701
Z -0.0852 -0.0039  0.9964

PART 63
OFFSET  8.0732 -4.1579 -4.3066
X -0.1338 -0.9871 -0.0875
Y  0.9855 -0.1418  0.0935
Z -0.1047 -0.0737  0.9918

PART 64
OFFSET  8.2243 -3.0429 -4.2077
X -0.8755  0.4287  0.2231
Y  0.4351  0.9001 -0.0220
Z -0.2102  0.0778 -0.9746

PART 65
OFFSET  5.8521 -4.7168 -5.6672
X -0.4248 -0.9030  0.0641
Y  0.8841 -0.4290 -0.1854
Z  0.1949 -0.0221  0.9806

PART 66
OFFSET  6.6818 -2.9527 -5.7925
X  0.7091 -0.6865 -0.1608
Y  0.6677  0.7271 -0.1599
Z  0.2267  0.0061  0.9740

PART 67
OFFSET  5.6462 -1.9498 -5.5578
X  0.9307  0.2666 -0.2503
Y -0.2738  0.9618  0.0065
Z  0.2425  0.0624  0.9681

PART 68
OFFSET  4.5901 -2.2517 -5.2811
X -0.5543 -0.8227  0.1259
Y -0.7883  0.5675  0.2378
Z -0.2671  0.0326 -0.9631

PART 69
OFFSET  7.3132 -3.8059 -3.6886
X  0.9816 -0.1761 -0.0736
Y  0.1866  0.9664  0.1767
Z  0.0400 -0.1872  0.9815

PART 70
OFFSET  12.5656 -5.4541 -1.8149
X  0.9822 -0.1799 -0.0536
Y  0.1866  0.9664  0.1767
Z  0.0200 -0.1836  0.9828

PART 71
OFFSET  11.4612 -4.5852 -3.7218
X  0.9816 -0.1761 -0.0736
Y  0.1866  0.9664  0.1767
Z  0.0400 -0.1872  0.9815

PART 72
OFFSET  9.6243 -4.0164 -4.9772
X  0.9816 -0.1761 -0.0736
Y  0.1866  0.9664  0.1767
Z  0.0400 -0.1872  0.9815

PART 73
OFFSET  13.1169 -6.1183 -1.9059
X -0.1299 -0.8990  0.4182
Y  0.9816 -0.1761 -0.0736
Z  0.1398  0.4010  0.9054

PART 74
OFFSET  32.3091 -8.5175 -4.2255
X  0.9816 -0.1761 -0.0736
Y  0.1866  0.9664  0.1767
Z  0.0400 -0.1872  0.9815


FRAME 441
PART 0
OFFSET -7.2604 -4.8127 -5.4071
X -0.3903  0.7531  0.5296
Y -0.4123 -0.6573  0.6309
Z  0.8232  0.0279  0.5670

PART 1
OFFSET -2.5400 -13.9207 -11.8121
X -0.3360 -0.7970 -0.5020
Y  0.9396 -0.2469 -0.2370
Z  0.0649 -0.5513  0.8318

PART 2
OFFSET  0.0000 -0.0000 -0.0000
X  1.0000 -0.0000  0.0000
Y  0.0000  1.0000  0.0000
Z  0.0000 -0.0000  1.0000

PART 3
OFFSET  0.0000 -0.0000 -0.0000
X  1.0000 -0.0000  0.0000
Y  0.0000  1.0000  0.0000
Z  0.0000 -0.0000  1.0000

PART 4
OFFSET  1.5404 -0.0000  4.1357
X  1.0000 -0.0000  0.0000
Y  0.0000  1.0000  0.0000
Z  0.0000 -0.0000  1.0000

PART 5
OFFSET  0.0000 -0.0000  0.0000
X  1.0000 -0.0000  0.0000
Y  0.0000  1.0000  0.0000
Z  0.0000 -0.0000  1.0000

PART 6
OFFSET -4.6318 -0.0000 -1.3770
X  1.0000 -0.0000  0.0000
Y  0.0000  1.0000  0.0000
Z  0.0000 -0.0000  1.0000

PART 7
OFFSET -3.5060  6.3408 -6.7125
X  0.7552  0.2080 -0.6216
Y  0.2805 -0.9597  0.0197
Z -0.5924 -0.1892 -0.7831

PART 8
OFFSET  5.6275  8.8559 -14.2302
X  0.6508 -0.3269  0.6853
Y -0.7569 -0.2071  0.6199
Z -0.0607 -0.9221 -0.3822

PART 9
OFFSET  11.1625  6.0757 -8.4012
X  0.6508 -0.3269  0.6853
Y -0.7591 -0.2993  0.5781
Z  0.0161 -0.8964 -0.4429

PART 10
OFFSET  12.9159  6.6912 -7.7340
X  0.6554 -0.3232  0.6827
Y  0.0698  0.9259  0.3713
Z -0.7521 -0.1957  0.6294

PART 11
OFFSET  12.7314  5.3323 -8.7658
X  0.6554 -0.3232  0.6827
Y  0.0698  0.9259  0.3713
Z -0.7521 -0.1957  0.6294

PART 12
OFFSET  11.3409  5.8886 -5.8616
X  0.6554 -0.3232  0.6827
Y  0.0698  0.9259  0.3713
Z -0.7521 -0.1957  0.6294

PART 13
OFFSET  11.0461  4.6255 -6.3237
X  0.6554 -0.3232  0.6827
Y  0.0698  0.9259  0.3713
Z -0.7521 -0.1957  0.6294

PART 14
OFFSET  11.4607  4.3895 -7.3901
X  0.6554 -0.3232  0.6827
Y  0.0698  0.9259  0.3713
Z -0.7521 -0.1957  0.6294

PART 15
OFFSET  12.8794  4.1677 -5.6644
X  0.3554 -0.9346  0.0138
Y -0.6988 -0.2558  0.6680
Z -0.6208 -0.2470 -0.7440

PART 16
OFFSET  13.5420  2.1116 -5.6093
X  0.4763 -0.8663  0.1505
Y -0.7370 -0.3001  0.6056
Z -0.4795 -0.3994 -0.7814

PART 17
OFFSET  14.3012  0.6862 -5.4900
X  0.0794 -0.9708  0.2263
Y -0.7848  0.0791  0.6146
Z -0.6146 -0.2264 -0.7557

PART 18
OFFSET  14.3455 -0.3726 -5.2694
X  0.2916 -0.5549  0.7791
Y  0.6559  0.7089  0.2594
Z -0.6963  0.4354  0.5707

PART 19
OFFSET  14.4468  4.9697 -6.7802
X  0.9379 -0.3464 -0.0208
