// Export filename: `C:\projects\cod\t5\xanim_export\t5_viewmodels\ak47\ak47_putaway.XANIM_EXPORT`
// Source filename: `D:\projects\devanim\t5\animation_assets\viewmodels\ak47\ViewModel_AK47_animated.fbx`
// Export time: Tue Aug 17 22:15:21 2010

ANIMATION
VERSION 3

NUMPARTS 78
PART 0 "tag_ads"
PART 1 "tag_torso"
PART 2 "J_Shoulder_LE"
PART 3 "J_Elbow_LE"
PART 4 "J_WristTwist_LE"
PART 5 "J_Sleave_Reshape_Bottom_LE_1"
PART 6 "J_Sleave_Reshape_Bottom_LE_2"
PART 7 "J_Sleave_Reshape_Top_LE_1"
PART 8 "J_Sleave_Reshape_Top_LE_2"
PART 9 "J_Sleave_Reshape_Top_LE_3"
PART 10 "J_Wrist_LE"
PART 11 "J_Thumb_LE_0"
PART 12 "J_Thumb_LE_1"
PART 13 "J_Thumb_LE_2"
PART 14 "J_Thumb_LE_3"
PART 15 "J_PinkyPalm_LE"
PART 16 "J_Pinky_LE_0"
PART 17 "J_Pinky_LE_1"
PART 18 "J_Pinky_LE_2"
PART 19 "J_Pinky_LE_3"
PART 20 "J_RingPalm_LE"
PART 21 "J_Ring_LE_0"
PART 22 "J_Ring_LE_1"
PART 23 "J_Ring_LE_2"
PART 24 "J_Ring_LE_3"
PART 25 "J_Webbing_LE"
PART 26 "J_Index_LE_0"
PART 27 "J_Index_LE_1"
PART 28 "J_Index_LE_2"
PART 29 "J_Index_LE_3"
PART 30 "J_Mid_LE_0"
PART 31 "J_Mid_LE_1"
PART 32 "J_Mid_LE_2"
PART 33 "J_Mid_LE_3"
PART 34 "tag_knife_attach"
PART 35 "tag_weapon"
PART 36 "J_Gun"
PART 37 "J_bolt"
PART 38 "TAG_CLIP"
PART 39 "tag_flame_unit"
PART 40 "tag_flamer_bracket"
PART 41 "tag_flamer_bottle"
PART 42 "tag_flamer_button"
PART 43 "tag_flamer_ring"
PART 44 "tag_flamer_pilot_light"
PART 45 "J_Shoulder_RI"
PART 46 "J_Elbow_RI"
PART 47 "J_WristTwist_RI"
PART 48 "J_Sleave_Reshape_Top_RI_3"
PART 49 "J_Sleave_Reshape_Top_RI_2"
PART 50 "J_Sleave_Reshape_Top_RI_1"
PART 51 "J_Wrist_RI"
PART 52 "J_Thumb_RI_0"
PART 53 "J_Thumb_RI_1"
PART 54 "J_Thumb_RI_2"
PART 55 "J_Thumb_RI_3"
PART 56 "J_PinkyPalm_RI"
PART 57 "J_Pinky_RI_0"
PART 58 "J_Pinky_RI_1"
PART 59 "J_Pinky_RI_2"
PART 60 "J_Pinky_RI_3"
PART 61 "J_RingPalm_RI"
PART 62 "J_Ring_RI_0"
PART 63 "J_Ring_RI_1"
PART 64 "J_Ring_RI_2"
PART 65 "J_Ring_RI_3"
PART 66 "J_Webbing_RI"
PART 67 "J_Index_RI_0"
PART 68 "J_Index_RI_1"
PART 69 "J_Index_RI_2"
PART 70 "J_Index_RI_3"
PART 71 "J_Mid_RI_0"
PART 72 "J_Mid_RI_1"
PART 73 "J_Mid_RI_2"
PART 74 "J_Mid_RI_3"
PART 75 "tag_cambone"
PART 76 "tag_camera"
PART 77 "tag_gasmask"

FRAMERATE 30
NUMFRAMES 32

FRAME 100
PART 0
OFFSET  0.0000 -0.0000 -0.0000
X  1.0000 -0.0000  0.0000
Y  0.0000  1.0000  0.0000
Z  0.0000 -0.0000  1.0000

PART 1
OFFSET -4.6318 -0.0000 -1.3770
X  1.0000 -0.0000  0.0000
Y  0.0000  1.0000  0.0000
Z  0.0000 -0.0000  1.0000

PART 2
OFFSET -3.5060  6.3408 -6.7125
X  0.9050 -0.1375 -0.4027
Y -0.1187 -0.9904  0.0712
Z -0.4086 -0.0166 -0.9126

PART 3
OFFSET  7.4385  4.6783 -11.5825
X  0.7038 -0.4936  0.5109
Y -0.6390 -0.1257  0.7589
Z -0.3104 -0.8605 -0.4039

PART 4
OFFSET  13.4246  0.4796 -7.2374
X  0.7038 -0.4936  0.5109
Y -0.0361  0.6933  0.7197
Z -0.7095 -0.5250  0.4702

PART 5
OFFSET  15.4596  1.4188 -6.4002
X  0.7084 -0.4906  0.5074
Y  0.3177  0.8636  0.3915
Z -0.6303 -0.1161  0.7676

PART 6
OFFSET  14.7140 -0.4916 -7.9670
X  0.7084 -0.4906  0.5074
Y  0.3177  0.8636  0.3915
Z -0.6303 -0.1161  0.7676

PART 7
OFFSET  14.2865  0.5547 -4.5938
X  0.7084 -0.4906  0.5074
Y  0.3177  0.8636  0.3915
Z -0.6303 -0.1161  0.7676

PART 8
OFFSET  13.7467 -0.7427 -5.3005
X  0.7084 -0.4906  0.5074
Y  0.3177  0.8636  0.3915
Z -0.6303 -0.1161  0.7676

PART 9
OFFSET  13.4636 -1.4751 -6.3648
X  0.7084 -0.4906  0.5074
Y  0.3177  0.8636  0.3915
Z -0.6303 -0.1161  0.7676

PART 10
OFFSET  15.5823 -1.0337 -5.6713
X  0.9667 -0.2298  0.1127
Y  0.0805  0.6910  0.7184
Z -0.2430 -0.6854  0.6864

PART 11
OFFSET  15.9950 -0.7518 -4.6454
X  0.9193 -0.0900  0.3833
Y -0.0161  0.9641  0.2649
Z -0.3933 -0.2497  0.8848

PART 12
OFFSET  17.9552 -0.8635 -3.7427
X  0.9493 -0.3141 -0.0104
Y  0.2644  0.7802  0.5669
Z -0.1699 -0.5409  0.8237

PART 13
OFFSET  19.4530 -1.4778 -3.7012
X  0.9394 -0.1609  0.3027
Y  0.0297  0.9179  0.3958
Z -0.3415 -0.3628  0.8670

PART 14
OFFSET  20.4537 -1.6527 -3.3274
X  0.9189  0.3035 -0.2520
Y -0.2920  0.0938 -0.9518
Z -0.2652  0.9482  0.1748

PART 15
OFFSET  16.2650 -2.1066 -6.2064
X  0.7680 -0.6332 -0.0962
Y -0.4096 -0.6010  0.6863
Z -0.4924 -0.4877 -0.7209

PART 16
OFFSET  18.0120 -3.5319 -6.2334
X -0.1061 -0.2919  0.9505
Y -0.6634  0.7329  0.1510
Z -0.7407 -0.6146 -0.2714

PART 17
OFFSET  17.8618 -3.9452 -4.8876
X -0.3622  0.0350  0.9314
Y -0.5890  0.7659 -0.2578
Z -0.7224 -0.6420 -0.2568

PART 18
OFFSET  17.5407 -3.9142 -4.0618
X -0.5161  0.2747  0.8113
Y -0.4010  0.7594 -0.5123
Z -0.7568 -0.5897 -0.2818

PART 19
OFFSET  17.0504 -3.6532 -3.2910
X  0.7559 -0.6016 -0.2582
Y -0.0663  0.3220 -0.9444
Z  0.6513  0.7310  0.2036

PART 20
OFFSET  16.5650 -1.6022 -5.8000
X  0.8938 -0.4350 -0.1092
Y -0.2660 -0.7102  0.6518
Z -0.3611 -0.5535 -0.7505

PART 21
OFFSET  18.7908 -2.9380 -5.9407
X  0.0148 -0.6837  0.7296
Y -0.6220  0.5650  0.5421
Z -0.7829 -0.4618 -0.4169

PART 22
OFFSET  18.8160 -4.1020 -4.6986
X -0.5031  0.0940  0.8591
Y -0.3796  0.8690 -0.3174
Z -0.7764 -0.4858 -0.4015

PART 23
OFFSET  18.1188 -3.9717 -3.5079
X -0.6126  0.4092  0.6762
Y -0.1617  0.7726 -0.6140
Z -0.7736 -0.4855 -0.4071

PART 24
OFFSET  17.4544 -3.5280 -2.7745
X  0.5563 -0.8004 -0.2233
Y  0.2520  0.4186 -0.8725
Z  0.7919  0.4291  0.4346

PART 25
OFFSET  18.5599 -1.0124 -3.8152
X  0.8264 -0.5404  0.1580
Y  0.5163  0.6155 -0.5955
Z  0.2246  0.5737  0.7877

PART 26
OFFSET  19.5000 -1.1533 -4.9454
X  0.5468 -0.8358  0.0493
Y -0.5539 -0.3169  0.7699
Z -0.6279 -0.4483 -0.6362

PART 27
OFFSET  20.4628 -2.6249 -4.8586
X -0.1559 -0.8054  0.5718
Y -0.7903  0.4490  0.4170
Z -0.5926 -0.3869 -0.7065

PART 28
OFFSET  20.3093 -3.5805 -4.1205
X -0.5957 -0.2321  0.7690
Y -0.5074  0.8509 -0.1362
Z -0.6227 -0.4713 -0.6246

PART 29
OFFSET  19.6364 -3.8427 -3.2519
X  0.4768 -0.8251 -0.3031
Y  0.4944  0.5368 -0.6837
Z  0.7269  0.1762  0.6638

PART 30
OFFSET  19.2660 -2.0013 -5.6137
X  0.2318 -0.8198  0.5236
Y -0.7237  0.2144  0.6560
Z -0.6500 -0.5310 -0.5436

PART 31
OFFSET  19.7189 -3.6029 -4.5907
X -0.4960 -0.2308  0.8371
Y -0.5399  0.8370 -0.0892
Z -0.6800 -0.4961 -0.5398

PART 32
OFFSET  18.9943 -3.9400 -3.3681
X -0.7177  0.3295  0.6134
Y -0.0906  0.8292 -0.5515
Z -0.6904 -0.4514 -0.5653

PART 33
OFFSET  18.1766 -3.5705 -2.6770
X  0.6523 -0.7535 -0.0820
Y  0.3401  0.3876 -0.8568
Z  0.6773  0.5310  0.5091

PART 34
OFFSET  17.7895 -3.0736 -4.7068
X -0.4185 -0.5643 -0.7116
Y  0.2430  0.6854 -0.6864
Z  0.8751 -0.4602 -0.1498

PART 35
OFFSET  8.2563 -2.6698 -4.5431
X  1.0000 -0.0000  0.0000
Y  0.0000  1.0000  0.0000
Z  0.0000 -0.0000  1.0000

PART 36
OFFSET  8.2563 -2.6698 -4.5431
X  1.0000 -0.0000  0.0000
Y  0.0000  1.0000  0.0000
Z  0.0000 -0.0000  1.0000

PART 37
OFFSET  13.5569 -2.9515 -2.1857
X  0.9998 -0.0000  0.0204
Y  0.0000  1.0000 -0.0000
Z -0.0204  0.0000  0.9998

PART 38
OFFSET  12.4681 -2.6548 -4.2640
X  1.0000 -0.0000  0.0000
Y  0.0000  1.0000  0.0000
Z  0.0000 -0.0000  1.0000

PART 39
OFFSET  7.5063 -2.6698 -6.8357
X  1.0000 -0.0000  0.0000
Y  0.0000  1.0000  0.0000
Z  0.0000 -0.0000  1.0000

PART 40
OFFSET  22.1140 -3.0231 -5.7976
X -0.3819 -0.0000  0.9242
Y -0.9242  0.0000 -0.3819
Z -0.0000 -1.0000 -0.0000

PART 41
OFFSET  22.1140 -3.0231 -5.7976
X  0.0000  1.0000  0.0000
Y -1.0000  0.0000  0.0000
Z  0.0000 -0.0000  1.0000

PART 42
OFFSET  21.7077 -2.7332 -6.2840
X  0.0000  1.0000  0.0000
Y -1.0000  0.0000  0.0000
Z  0.0000 -0.0000  1.0000

PART 43
OFFSET  21.7077 -1.3332 -6.2840
X  0.0000  0.8512 -0.5249
Y -1.0000  0.0000  0.0000
Z  0.0000  0.5249  0.8512

PART 44
OFFSET  30.9061 -1.1440 -6.7923
X  0.7965 -0.4529  0.4006
Y  0.6040  0.5638 -0.5634
Z  0.0293  0.6907  0.7226

PART 45
OFFSET -17.6076 -4.8127 -7.0611
X -0.8933  0.0570  0.4458
Y -0.2146 -0.9256 -0.3117
Z  0.3949 -0.3741  0.8391

PART 46
OFFSET -6.8040 -5.5017 -12.4528
X -0.8818 -0.0897 -0.4630
Y  0.4713 -0.1330 -0.8719
Z  0.0166 -0.9871  0.1595

PART 47
OFFSET  0.6961 -4.7390 -8.5146
X -0.8818 -0.0897 -0.4630
Y  0.4716 -0.1611 -0.8670
Z  0.0031 -0.9829  0.1844

PART 48
OFFSET  1.6239 -3.3379 -7.4465
X -0.8846 -0.0859 -0.4583
Y -0.0209  0.9892 -0.1452
Z  0.4659 -0.1189 -0.8768

PART 49
OFFSET  1.5394 -3.8726 -6.3534
X -0.8846 -0.0859 -0.4583
Y -0.0209  0.9892 -0.1452
Z  0.4659 -0.1189 -0.8768

PART 50
OFFSET  1.7163 -5.2227 -6.2156
X -0.8846 -0.0859 -0.4583
Y -0.0209  0.9892 -0.1452
Z  0.4659 -0.1189 -0.8768

PART 51
OFFSET  3.3994 -4.4641 -7.0951
X -0.9546 -0.1418 -0.2621
Y  0.2850 -0.1775 -0.9420
Z  0.0871 -0.9739  0.2098

PART 52
OFFSET  3.5180 -3.8292 -6.1544
X -0.4986 -0.6783 -0.5397
Y  0.5783  0.2035 -0.7900
Z  0.6457 -0.7060  0.2908

PART 53
OFFSET  4.5003 -2.3465 -4.9270
X -0.9028 -0.3483  0.2521
Y -0.0610 -0.4767 -0.8770
Z  0.4256 -0.8071  0.4091

PART 54
OFFSET  5.9065 -1.7222 -5.4322
X -0.5336 -0.0214  0.8455
Y -0.6557 -0.6209 -0.4295
Z  0.5342 -0.7836  0.3173

PART 55
OFFSET  6.4702 -1.6527 -6.3537
X -0.8721  0.3596  0.3318
Y  0.0986  0.7934 -0.6007
Z -0.4792 -0.4912 -0.7274

PART 56
OFFSET  4.4947 -4.3373 -7.9244
X -0.9338 -0.2716  0.2329
Y  0.3213 -0.9230  0.2116
Z  0.1575  0.2724  0.9492

PART 57
OFFSET  6.5764 -3.5742 -8.3354
X -0.1064 -0.9920  0.0680
Y  0.9470 -0.1219 -0.2972
Z  0.3031  0.0328  0.9524

PART 58
OFFSET  6.7270 -2.1698 -8.4316
X  0.7704 -0.5952 -0.2284
Y  0.5756  0.8034 -0.1522
Z  0.2741 -0.0142  0.9616

PART 59
OFFSET  6.0439 -1.6420 -8.2291
X  0.9043  0.2998 -0.3040
Y -0.2988  0.9530  0.0509
Z  0.3049  0.0448  0.9513

PART 60
OFFSET  5.1848 -1.9269 -7.9403
X -0.5482 -0.8340  0.0630
Y -0.7690  0.5322  0.3543
Z -0.3290  0.1458 -0.9330

PART 61
OFFSET  4.5274 -4.3242 -7.2114
X -0.9690 -0.2439  0.0388
Y  0.2458 -0.9373  0.2469
Z -0.0239  0.2488  0.9683

PART 62
OFFSET  7.0513 -3.7488 -7.4505
X -0.1328 -0.9741  0.1828
Y  0.9405 -0.1821 -0.2870
Z  0.3128  0.1338  0.9403

PART 63
OFFSET  7.2774 -2.0903 -7.7617
X  0.8812 -0.4114 -0.2327
Y  0.3642  0.9048 -0.2204
Z  0.3012  0.1095  0.9472

PART 64
OFFSET  6.0561 -1.5201 -7.4392
X  0.8304  0.4610 -0.3130
Y -0.4723  0.8804  0.0436
Z  0.2956  0.1116  0.9488

PART 65
OFFSET  5.1555 -2.0201 -7.0997
X -0.3960 -0.8751  0.2782
Y -0.8751  0.4514  0.1743
Z -0.2781 -0.1744 -0.9446

PART 66
OFFSET -0.7678 -5.4262 -7.2769
X -0.9291 -0.3699 -0.0061
Y -0.3495  0.8829 -0.3136
Z  0.1213 -0.2892 -0.9496

PART 67
OFFSET  6.9363 -4.1397 -5.2854
X -0.9803 -0.1931 -0.0406
Y  0.1869 -0.9747  0.1229
Z -0.0633  0.1129  0.9916

PART 68
OFFSET  8.6623 -3.7997 -5.2139
X -0.9741 -0.2239 -0.0304
Y  0.2152 -0.9603  0.1773
Z -0.0689  0.1662  0.9837

PART 69
OFFSET  9.8424 -3.5175 -5.1172
X -0.9659 -0.2397 -0.0981
Y  0.2227 -0.9620  0.1579
Z -0.1323  0.1307  0.9826

PART 70
OFFSET  10.9334 -3.2467 -5.0063
X  0.0762  0.9832  0.1658
Y  0.9969 -0.0787  0.0085
Z  0.0214  0.1646 -0.9861

PART 71
OFFSET  7.1281 -4.1726 -6.3729
X -0.2627 -0.9406  0.2150
Y  0.9570 -0.2824 -0.0663
Z  0.1231  0.1883  0.9744

PART 72
OFFSET  7.6413 -2.3351 -6.7929
X  0.8288 -0.5596 -0.0009
Y  0.5392  0.7990 -0.2664
Z  0.1498  0.2203  0.9639

PART 73
OFFSET  6.4307 -1.5177 -6.7917
X  0.8851  0.3871 -0.2584
Y -0.4386  0.8795 -0.1846
Z  0.1558  0.2767  0.9482

PART 74
OFFSET  5.4269 -1.9575 -6.5058
X -0.4085 -0.8763  0.2554
Y -0.8912  0.4434  0.0957
Z -0.1971 -0.1885 -0.9621

PART 75
OFFSET  0.0000 -0.0000 -0.0000
X  1.0000 -0.0000  0.0000
Y  0.0000  1.0000  0.0000
Z  0.0000 -0.0000  1.0000

PART 76
OFFSET  0.0000 -0.0000 -0.0000
X  1.0000 -0.0000  0.0000
Y  0.0000  1.0000  0.0000
Z  0.0000 -0.0000  1.0000

PART 77
OFFSET  1.5404 -0.0000  4.1357
X  1.0000 -0.0000  0.0000
Y  0.0000  1.0000  0.0000
Z  0.0000 -0.0000  1.0000


FRAME 101
PART 0
OFFSET  0.0000 -0.0000 -0.0000
X  1.0000 -0.0000  0.0000
Y  0.0000  1.0000  0.0000
Z  0.0000 -0.0000  1.0000

PART 1
OFFSET -4.6318 -0.0000 -1.3770
X  1.0000 -0.0000  0.0000
Y  0.0000  1.0000  0.0000
Z  0.0000 -0.0000  1.0000

PART 2
OFFSET -3.5060  6.3408 -6.7125
X  0.9045 -0.1397 -0.4030
Y -0.1188 -0.9900  0.0766
Z -0.4096 -0.0215 -0.9120

PART 3
OFFSET  7.4328  4.6513 -11.5860
X  0.7041 -0.4910  0.5130
Y -0.6384 -0.1214  0.7601
Z -0.3110 -0.8627 -0.3989

PART 4
OFFSET  13.4215  0.4750 -7.2230
X  0.7041 -0.4910  0.5130
Y -0.0325  0.6994  0.7140
Z -0.7094 -0.5194  0.4765

PART 5
OFFSET  15.4574  1.4183 -6.3926
X  0.7087 -0.4880  0.5095
Y  0.3182  0.8657  0.3865
Z -0.6297 -0.1118  0.7688

PART 6
OFFSET  14.7100 -0.5005 -7.9484
X  0.7087 -0.4880  0.5095
Y  0.3182  0.8657  0.3865
Z -0.6297 -0.1118  0.7688

PART 7
OFFSET  14.2856  0.5643 -4.5805
X  0.7087 -0.4880  0.5095
Y  0.3182  0.8657  0.3865
Z -0.6297 -0.1118  0.7688

PART 8
OFFSET  13.7448 -0.7368 -5.2797
X  0.7087 -0.4880  0.5095
Y  0.3182  0.8657  0.3865
Z -0.6297 -0.1118  0.7688

PART 9
OFFSET  13.4608 -1.4750 -6.3398
X  0.7087 -0.4880  0.5095
Y  0.3182  0.8657  0.3865
Z -0.6297 -0.1118  0.7688

PART 10
OFFSET  15.5801 -1.0303 -5.6504
X  0.9670 -0.2261  0.1173
Y  0.0769  0.6983  0.7117
Z -0.2428 -0.6792  0.6926

PART 11
OFFSET  15.9896 -0.7371 -4.6264
X  0.9185 -0.0836  0.3864
Y -0.0193  0.9667  0.2552
Z -0.3949 -0.2419  0.8863

PART 12
OFFSET  17.9478 -0.8345 -3.7178
X  0.9501 -0.3118 -0.0051
Y  0.2611  0.7865  0.5597
Z -0.1705 -0.5331  0.8287

PART 13
OFFSET  19.4470 -1.4444 -3.6666
X  0.9391 -0.1551  0.3066
Y  0.0260  0.9219  0.3866
Z -0.3426 -0.3551  0.8698

PART 14
OFFSET  20.4473 -1.6127 -3.2886
X  0.9187  0.3036 -0.2527
Y -0.2898  0.0834 -0.9534
Z -0.2684  0.9492  0.1646

PART 15
OFFSET  16.2669 -2.1066 -6.1731
X  0.7699 -0.6321 -0.0880
Y -0.4097 -0.5953  0.6913
Z -0.4893 -0.4961 -0.7172

PART 16
OFFSET  18.0177 -3.5276 -6.1817
X -0.1077 -0.2827  0.9531
Y -0.6657  0.7326  0.1421
Z -0.7384 -0.6192 -0.2671

PART 17
OFFSET  17.8653 -3.9279 -4.8323
X -0.3648  0.0438  0.9300
Y -0.5902  0.7617 -0.2674
Z -0.7201 -0.6465 -0.2520

PART 18
OFFSET  17.5418 -3.8890 -4.0077
X -0.5190  0.2819  0.8070
Y -0.4015  0.7531 -0.5213
Z -0.7546 -0.5945 -0.2777

PART 19
OFFSET  17.0487 -3.6212 -3.2410
X  0.7581 -0.6024 -0.2498
Y -0.0645  0.3120 -0.9479
Z  0.6489  0.7347  0.1977

PART 20
OFFSET  16.5646 -1.5975 -5.7711
X  0.8952 -0.4337 -0.1027
Y -0.2658 -0.7044  0.6582
Z -0.3578 -0.5619 -0.7458

PART 21
OFFSET  18.7943 -2.9287 -5.8931
X  0.0148 -0.6764  0.7364
Y -0.6248  0.5688  0.5349
Z -0.7807 -0.4680 -0.4142

PART 22
OFFSET  18.8194 -4.0803 -4.6394
X -0.5055  0.1015  0.8568
Y -0.3810  0.8648 -0.3272
Z -0.7742 -0.4918 -0.3985

PART 23
OFFSET  18.1188 -3.9396 -3.4518
X -0.6154  0.4144  0.6705
Y -0.1621  0.7659 -0.6222
Z -0.7714 -0.4916 -0.4042

PART 24
OFFSET  17.4514 -3.4901 -2.7247
X  0.5589 -0.8012 -0.2138
Y  0.2532  0.4103 -0.8761
Z  0.7897  0.4355  0.4322

PART 25
OFFSET  18.5530 -0.9827 -3.7874
X  0.8274 -0.5367  0.1653
Y  0.5162  0.6109 -0.6003
Z  0.2211  0.5821  0.7825

PART 26
OFFSET  19.4963 -1.1324 -4.9139
X  0.5489 -0.8338  0.0589
Y -0.5549 -0.3107  0.7717
Z -0.6251 -0.4563 -0.6333

PART 27
OFFSET  20.4627 -2.6004 -4.8101
X -0.1554 -0.8000  0.5796
Y -0.7924  0.4512  0.4104
Z -0.5898 -0.3955 -0.7040

PART 28
OFFSET  20.3096 -3.5490 -4.0627
X -0.5971 -0.2258  0.7698
Y -0.5091  0.8482 -0.1461
Z -0.6200 -0.4791 -0.6214

PART 29
OFFSET  19.6352 -3.8040 -3.1933
X  0.4795 -0.8270 -0.2935
Y  0.4948  0.5310 -0.6879
Z  0.7247  0.1846  0.6638

PART 30
OFFSET  19.2662 -1.9876 -5.5742
X  0.2327 -0.8140  0.5323
Y -0.7259  0.2190  0.6521
Z -0.6473 -0.5381 -0.5399

PART 31
OFFSET  19.7207 -3.5777 -4.5343
X -0.4976 -0.2237  0.8381
Y -0.5418  0.8347 -0.0989
Z -0.6774 -0.5033 -0.5365

PART 32
OFFSET  18.9939 -3.9045 -3.3102
X -0.7201  0.3338  0.6083
Y -0.0913  0.8235 -0.5600
Z -0.6878 -0.4588 -0.5625

PART 33
OFFSET  18.1735 -3.5302 -2.6249
X  0.6545 -0.7526 -0.0728
Y  0.3413  0.3800 -0.8597
Z  0.6747  0.5378  0.5055

PART 34
OFFSET  17.7903 -3.0547 -4.6603
X -0.4153 -0.5725 -0.7070
Y  0.2428  0.6792 -0.6926
Z  0.8767 -0.4593 -0.1430

PART 35
OFFSET  8.2557 -2.6744 -4.5238
X  1.0000  0.0026  0.0024
Y -0.0026  0.9999 -0.0100
Z -0.0025  0.0099  0.9999

PART 36
OFFSET  8.2557 -2.6744 -4.5238
X  1.0000  0.0026  0.0024
Y -0.0026  0.9999 -0.0100
Z -0.0025  0.0099  0.9999

PART 37
OFFSET  13.5512 -2.9186 -2.1508
X  0.9997  0.0028  0.0229
Y -0.0026  0.9999 -0.0100
Z -0.0229  0.0099  0.9997

PART 38
OFFSET  12.4667 -2.6455 -4.2346
X  1.0000  0.0026  0.0024
Y -0.0026  0.9999 -0.0100
Z -0.0025  0.0099  0.9999

PART 39
OFFSET  7.5113 -2.6992 -6.8181
X  1.0000  0.0026  0.0024
Y -0.0026  0.9999 -0.0100
Z -0.0025  0.0099  0.9999

PART 40
OFFSET  22.1173 -3.0036 -5.7410
X -0.3842  0.0082  0.9232
Y -0.9233 -0.0062 -0.3841
Z  0.0026 -0.9999  0.0100

PART 41
OFFSET  22.1173 -3.0036 -5.7410
X -0.0026  0.9999 -0.0100
Y -1.0000 -0.0026 -0.0024
Z -0.0025  0.0099  0.9999

PART 42
OFFSET  21.7114 -2.7196 -6.2313
X -0.0026  0.9999 -0.0100
Y -1.0000 -0.0026 -0.0024
Z -0.0025  0.0099  0.9999

PART 43
OFFSET  21.7078 -1.3197 -6.2452
X -0.0009  0.8459 -0.5334
Y -1.0000 -0.0026 -0.0024
Z -0.0035  0.5333  0.8459

PART 44
OFFSET  30.9068 -1.1113 -6.7330
X  0.7967 -0.4468  0.4071
Y  0.6039  0.5597 -0.5675
Z  0.0257  0.6979  0.7157

PART 45
OFFSET -17.4906 -4.8127 -7.0184
X -0.8885  0.0587  0.4551
Y -0.2210 -0.9239 -0.3123
Z  0.4022 -0.3781  0.8338

PART 46
OFFSET -6.7452 -5.5221 -12.5227
X -0.8776 -0.0877 -0.4713
Y  0.4791 -0.1302 -0.8680
Z  0.0148 -0.9876  0.1563

PART 47
OFFSET  0.7192 -4.7758 -8.5143
X -0.8776 -0.0877 -0.4713
Y  0.4794 -0.1666 -0.8617
Z -0.0029 -0.9821  0.1883

PART 48
OFFSET  1.6379 -3.3787 -7.4331
X -0.8805 -0.0840 -0.4666
Y -0.0192  0.9897 -0.1420
Z  0.4737 -0.1161 -0.8730

PART 49
OFFSET  1.5433 -3.9171 -6.3427
X -0.8805 -0.0840 -0.4666
Y -0.0192  0.9897 -0.1420
Z  0.4737 -0.1161 -0.8730

PART 50
OFFSET  1.7185 -5.2677 -6.2079
X -0.8805 -0.0840 -0.4666
Y -0.0192  0.9897 -0.1420
Z  0.4737 -0.1161 -0.8730

PART 51
OFFSET  3.4097 -4.5068 -7.0696
X -0.9535 -0.1469 -0.2630
Y  0.2878 -0.1861 -0.9395
Z  0.0891 -0.9715  0.2197

PART 52
OFFSET  3.5244 -3.8623 -6.1349
X -0.4955 -0.6850 -0.5341
Y  0.5797  0.1972 -0.7906
Z  0.6469 -0.7014  0.2994

PART 53
OFFSET  4.4998 -2.3648 -4.9200
X -0.9025 -0.3482  0.2534
Y -0.0576 -0.4855 -0.8723
Z  0.4267 -0.8019  0.4182

PART 54
OFFSET  5.9056 -1.7419 -5.4279
X -0.5356 -0.0144  0.8443
Y -0.6530 -0.6269 -0.4249
Z  0.5354 -0.7790  0.3264

PART 55
OFFSET  6.4714 -1.6800 -6.3487
X -0.8739  0.3606  0.3261
Y  0.0980  0.7876 -0.6083
Z -0.4762 -0.4997 -0.7236

PART 56
OFFSET  4.5067 -4.3854 -7.8974
X -0.9337 -0.2717  0.2333
Y  0.3231 -0.9200  0.2216
Z  0.1545  0.2823  0.9468

PART 57
OFFSET  6.5874 -3.6209 -8.3109
X -0.1040 -0.9915  0.0776
Y  0.9480 -0.1224 -0.2937
Z  0.3007  0.0430  0.9528

PART 58
OFFSET  6.7346 -2.2171 -8.4207
X  0.7725 -0.5954 -0.2206
Y  0.5739  0.8034 -0.1588
Z  0.2718 -0.0039  0.9624

PART 59
OFFSET  6.0497 -1.6892 -8.2252
X  0.9042  0.2991 -0.3048
Y -0.3014  0.9526  0.0407
Z  0.3025  0.0551  0.9516

PART 60
OFFSET  5.1906 -1.9734 -7.9356
X -0.5461 -0.8348  0.0700
Y -0.7712  0.5336  0.3471
Z -0.3271  0.1356 -0.9352

PART 61
OFFSET  4.5376 -4.3651 -7.1845
X -0.9685 -0.2461  0.0389
Y  0.2477 -0.9342  0.2568
Z -0.0269  0.2584  0.9657

PART 62
OFFSET  7.0607 -3.7854 -7.4232
X -0.1307 -0.9726  0.1922
Y  0.9416 -0.1824 -0.2829
Z  0.3102  0.1440  0.9397

PART 63
OFFSET  7.2832 -2.1295 -7.7503
X  0.8829 -0.4114 -0.2265
Y  0.3624  0.9036 -0.2285
Z  0.2986  0.1197  0.9468

PART 64
OFFSET  6.0596 -1.5594 -7.4365
X  0.8299  0.4600 -0.3155
Y -0.4747  0.8795  0.0337
Z  0.2930  0.1218  0.9483

PART 65
OFFSET  5.1595 -2.0583 -7.0942
X -0.3944 -0.8733  0.2859
Y -0.8767  0.4508  0.1677
Z -0.2753 -0.1846 -0.9435

PART 66
OFFSET -0.7545 -5.4816 -7.2519
X -0.9281 -0.3724 -0.0047
Y -0.3510  0.8788 -0.3232
Z  0.1244 -0.2983 -0.9463

PART 67
OFFSET  6.9413 -4.1550 -5.2546
X -0.9797 -0.1961 -0.0411
Y  0.1891 -0.9729  0.1331
Z -0.0661  0.1226  0.9903

PART 68
OFFSET  8.6663 -3.8098 -5.1823
X -0.9735 -0.2267 -0.0305
Y  0.2172 -0.9580  0.1874
Z -0.0717  0.1758  0.9818

PART 69
OFFSET  9.8454 -3.5235 -5.0855
X -0.9650 -0.2432 -0.0981
Y  0.2248 -0.9598  0.1680
Z -0.1350  0.1401  0.9809

PART 70
OFFSET  10.9354 -3.2489 -4.9747
X  0.0732  0.9850  0.1562
Y  0.9970 -0.0760  0.0117
Z  0.0234  0.1548 -0.9877

PART 71
OFFSET  7.1358 -4.1983 -6.3413
X -0.2608 -0.9391  0.2237
Y  0.9579 -0.2806 -0.0612
Z  0.1202  0.1983  0.9727

PART 72
OFFSET  7.6453 -2.3637 -6.7783
X  0.8302 -0.5574  0.0067
Y  0.5377  0.7977 -0.2730
Z  0.1468  0.2303  0.9620

PART 73
OFFSET  6.4326 -1.5496 -6.7881
X  0.8847  0.3868 -0.2601
Y -0.4404  0.8765 -0.1944
Z  0.1528  0.2865  0.9458

PART 74
OFFSET  5.4292 -1.9891 -6.5003
X -0.4069 -0.8748  0.2631
Y -0.8926  0.4420  0.0891
Z -0.1942 -0.1986 -0.9606

PART 75
OFFSET  0.0000 -0.0000 -0.0000
X  1.0000 -0.0000  0.0000
Y  0.0000  1.0000  0.0000
Z  0.0000 -0.0000  1.0000

PART 76
OFFSET  0.0000 -0.0000 -0.0000
X  1.0000 -0.0000  0.0000
Y  0.0000  1.0000  0.0000
Z  0.0000 -0.0000  1.0000

PART 77
OFFSET  1.5404 -0.0000  4.1357
X  1.0000 -0.0000  0.0000
Y  0.0000  1.0000  0.0000
Z  0.0000 -0.0000  1.0000


FRAME 102
PART 0
OFFSET  0.0000 -0.0000 -0.0000
X  1.0000 -0.0000  0.0000
Y  0.0000  1.0000  0.0000
Z  0.0000 -0.0000  1.0000

PART 1
OFFSET -4.6318 -0.0000 -1.3770
X  1.0000 -0.0000  0.0000
Y  0.0000  1.0000  0.0000
Z  0.0000 -0.0000  1.0000

PART 2
OFFSET -3.5060  6.3408 -6.7125
X  0.9030 -0.1456 -0.4042
Y -0.1185 -0.9887  0.0915
Z -0.4130 -0.0348 -0.9101

PART 3
OFFSET  7.4148  4.5799 -11.6011
X  0.7050 -0.4837  0.5187
Y -0.6367 -0.1095  0.7633
Z -0.3124 -0.8684 -0.3851

PART 4
OFFSET  13.4112  0.4659 -7.1898
X  0.7050 -0.4837  0.5187
Y -0.0226  0.7156  0.6981
Z -0.7088 -0.5039  0.4936

PART 5
OFFSET  15.4496  1.4203 -6.3785
X  0.7096 -0.4807  0.5152
Y  0.3196  0.8712  0.3727
Z -0.6279 -0.0998  0.7718

PART 6
OFFSET  14.6974 -0.5213 -7.9034
X  0.7096 -0.4807  0.5152
Y  0.3196  0.8712  0.3727
Z -0.6279 -0.0998  0.7718

PART 7
OFFSET  14.2815  0.5944 -4.5510
X  0.7096 -0.4807  0.5152
Y  0.3196  0.8712  0.3727
Z -0.6279 -0.0998  0.7718

PART 8
OFFSET  13.7383 -0.7167 -5.2292
X  0.7096 -0.4807  0.5152
Y  0.3196  0.8712  0.3727
Z -0.6279 -0.0998  0.7718

PART 9
OFFSET  13.4513 -1.4706 -6.2774
X  0.7096 -0.4807  0.5152
Y  0.3196  0.8712  0.3727
Z -0.6279 -0.0998  0.7718

PART 10
OFFSET  15.5725 -1.0170 -5.5997
X  0.9679 -0.2156  0.1294
Y  0.0673  0.7179  0.6929
Z -0.2423 -0.6619  0.7094

PART 11
OFFSET  15.9733 -0.6929 -4.5816
X  0.9166 -0.0659  0.3943
Y -0.0283  0.9731  0.2286
Z -0.3987 -0.2207  0.8901

PART 12
OFFSET  17.9263 -0.7504 -3.6585
X  0.9524 -0.3048  0.0092
Y  0.2519  0.8033  0.5397
Z -0.1719 -0.5117  0.8418

PART 13
OFFSET  19.4295 -1.3476 -3.5816
X  0.9383 -0.1388  0.3168
Y  0.0160  0.9324  0.3612
Z -0.3455 -0.3338  0.8770

PART 14
OFFSET  20.4286 -1.4972 -3.1927
X  0.9179  0.3041 -0.2551
Y -0.2842  0.0547 -0.9572
Z -0.2771  0.9511  0.1366

PART 15
OFFSET  16.2705 -2.1019 -6.0887
X  0.7750 -0.6285 -0.0660
Y -0.4097 -0.5793  0.7047
Z -0.4811 -0.5191 -0.7065

PART 16
OFFSET  18.0318 -3.5094 -6.0478
X -0.1117 -0.2575  0.9598
Y -0.6719  0.7312  0.1180
Z -0.7321 -0.6317 -0.2547

PART 17
OFFSET  17.8736 -3.8739 -4.6889
X -0.3719  0.0678  0.9258
Y -0.5935  0.7495 -0.2932
Z -0.7138 -0.6585 -0.2385

PART 18
OFFSET  17.5439 -3.8139 -3.8680
X -0.5268  0.3011  0.7949
Y -0.4029  0.7350 -0.5454
Z -0.7485 -0.6075 -0.2659

PART 19
OFFSET  17.0435 -3.5278 -3.1129
X  0.7641 -0.6038 -0.2271
Y -0.0597  0.2843 -0.9569
Z  0.6424  0.7447  0.1812

PART 20
OFFSET  16.5619 -1.5798 -5.6989
X  0.8990 -0.4296 -0.0854
Y -0.2648 -0.6882  0.6755
Z -0.3489 -0.5846 -0.7324

PART 21
OFFSET  18.8020 -2.8971 -5.7708
X  0.0150 -0.6560  0.7546
Y -0.6323  0.5784  0.5154
Z -0.7745 -0.4849 -0.4061

PART 22
OFFSET  18.8276 -4.0139 -4.4860
X -0.5120  0.1216  0.8503
Y -0.3848  0.8526 -0.3536
Z -0.7680 -0.5083 -0.3897

PART 23
OFFSET  18.1181 -3.8454 -3.3075
X -0.6228  0.4284  0.6546
Y -0.1633  0.7471 -0.6443
Z -0.7651 -0.5082 -0.3954

PART 24
OFFSET  17.4426 -3.3807 -2.5975
X  0.5659 -0.8028 -0.1877
Y  0.2562  0.3877 -0.8855
Z  0.7836  0.4530  0.4251

PART 25
OFFSET  18.5331 -0.8964 -3.7204
X  0.8303 -0.5257  0.1850
Y  0.5155  0.5982 -0.6135
Z  0.2119  0.6048  0.7677

PART 26
OFFSET  19.4846 -1.0695 -4.8365
X  0.5546 -0.8278  0.0850
Y -0.5576 -0.2938  0.7764
Z -0.6177 -0.4780 -0.6245

PART 27
OFFSET  20.4610 -2.5270 -4.6868
X -0.1538 -0.7847  0.6004
Y -0.7982  0.4568  0.3926
Z -0.5824 -0.4189 -0.6967

PART 28
OFFSET  20.3095 -3.4555 -3.9145
X -0.6007 -0.2086  0.7718
Y -0.5139  0.8403 -0.1728
Z -0.6125 -0.5004 -0.6119

PART 29
OFFSET  19.6310 -3.6911 -3.0427
X  0.4871 -0.8314 -0.2674
Y  0.4958  0.5153 -0.6991
Z  0.7190  0.2080  0.6632

PART 30
OFFSET  19.2650 -1.9441 -5.4747
X  0.2352 -0.7974  0.5557
Y -0.7316  0.2312  0.6414
Z -0.6399 -0.5574 -0.5290

PART 31
OFFSET  19.7245 -3.5019 -4.3891
X -0.5015 -0.2044  0.8406
Y -0.5471  0.8277 -0.1251
Z -0.6702 -0.5227 -0.5269

PART 32
OFFSET  18.9920 -3.8005 -3.1612
X -0.7265  0.3450  0.5943
Y -0.0935  0.8072 -0.5829
Z -0.6808 -0.4790 -0.5542

PART 33
OFFSET  18.1644 -3.4137 -2.4917
X  0.6603 -0.7495 -0.0480
Y  0.3443  0.3589 -0.8676
Z  0.6674  0.5564  0.4950

PART 34
OFFSET  17.7911 -2.9970 -4.5413
X -0.4066 -0.5946 -0.6937
Y  0.2423  0.6619 -0.7094
Z  0.8809 -0.4565 -0.1251

PART 35
OFFSET  8.2533 -2.6847 -4.4741
X  0.9999  0.0102  0.0085
Y -0.0099  0.9993 -0.0372
Z -0.0089  0.0371  0.9993

PART 36
OFFSET  8.2533 -2.6847 -4.4741
X  0.9999  0.0102  0.0085
Y -0.0099  0.9993 -0.0372
Z -0.0089  0.0371  0.9993

PART 37
OFFSET  13.5352 -2.8246 -2.0626
X  0.9995  0.0110  0.0290
Y -0.0099  0.9993 -0.0372
Z -0.0293  0.0369  0.9989

PART 38
OFFSET  12.4621 -2.6164 -4.1598
X  0.9999  0.0102  0.0085
Y -0.0099  0.9993 -0.0372
Z -0.0089  0.0371  0.9993

PART 39
OFFSET  7.5239 -2.7774 -6.7715
X  0.9999  0.0102  0.0085
Y -0.0099  0.9993 -0.0372
Z -0.0089  0.0371  0.9993

PART 40
OFFSET  22.1245 -2.9429 -5.5962
X -0.3901  0.0304  0.9203
Y -0.9207 -0.0236 -0.3895
Z  0.0099 -0.9993  0.0372

PART 41
OFFSET  22.1245 -2.9429 -5.5962
X -0.0099  0.9993 -0.0372
Y -0.9999 -0.0102 -0.0085
Z -0.0089  0.0371  0.9993

PART 42
OFFSET  21.7197 -2.6754 -6.0965
X -0.0099  0.9993 -0.0372
Y -0.9999 -0.0102 -0.0085
Z -0.0089  0.0371  0.9993

PART 43
OFFSET  21.7059 -1.2765 -6.1486
X -0.0037  0.8311 -0.5562
Y -0.9999 -0.0102 -0.0085
Z -0.0128  0.5561  0.8310

PART 44
OFFSET  30.9061 -1.0124 -6.5849
X  0.7973 -0.4296  0.4240
Y  0.6034  0.5486 -0.5788
Z  0.0160  0.7173  0.6966

PART 45
OFFSET -17.1632 -4.8127 -6.8996
X -0.8749  0.0630  0.4802
Y -0.2383 -0.9192 -0.3135
Z  0.4216 -0.3887  0.8192

PART 46
OFFSET -6.5825 -5.5751 -12.7073
X -0.8659 -0.0824 -0.4933
Y  0.5001 -0.1231 -0.8572
Z  0.0099 -0.9890  0.1478

PART 47
OFFSET  0.7826 -4.8745 -8.5114
X -0.8659 -0.0824 -0.4933
Y  0.4998 -0.1810 -0.8470
Z -0.0195 -0.9800  0.1979

PART 48
OFFSET  1.6762 -3.4883 -7.3957
X -0.8689 -0.0787 -0.4887
Y -0.0146  0.9909 -0.1336
Z  0.4948 -0.1090 -0.8622

PART 49
OFFSET  1.5544 -4.0362 -6.3127
X -0.8689 -0.0787 -0.4887
Y -0.0146  0.9909 -0.1336
Z  0.4948 -0.1090 -0.8622

PART 50
OFFSET  1.7247 -5.3881 -6.1857
X -0.8689 -0.0787 -0.4887
Y -0.0146  0.9909 -0.1336
Z  0.4948 -0.1090 -0.8622

PART 51
OFFSET  3.4373 -4.6219 -6.9990
X -0.9507 -0.1612 -0.2648
Y  0.2951 -0.2094 -0.9322
Z  0.0948 -0.9645  0.2466

PART 52
OFFSET  3.5413 -3.9514 -6.0816
X -0.4871 -0.7029 -0.5183
Y  0.5833  0.1800 -0.7921
Z  0.6501 -0.6881  0.3223

PART 53
OFFSET  4.4979 -2.4142 -4.9019
X -0.9016 -0.3479  0.2572
Y -0.0485 -0.5095 -0.8591
Z  0.4299 -0.7870  0.4425

PART 54
OFFSET  5.9023 -1.7948 -5.4178
X -0.5409  0.0045  0.8411
Y -0.6457 -0.6431 -0.4117
Z  0.5390 -0.7658  0.3508

PART 55
OFFSET  6.4735 -1.7537 -6.3365
X -0.8786  0.3627  0.3107
Y  0.0961  0.7715 -0.6289
Z -0.4678 -0.5227 -0.7127

PART 56
OFFSET  4.5387 -4.5148 -7.8230
X -0.9331 -0.2723  0.2349
Y  0.3285 -0.9112  0.2485
Z  0.1463  0.3091  0.9397

PART 57
OFFSET  6.6163 -3.7463 -8.2443
X -0.0972 -0.9898  0.1039
Y  0.9508 -0.1232 -0.2844
Z  0.2943  0.0712  0.9531

PART 58
OFFSET  6.7539 -2.3449 -8.3914
X  0.7783 -0.5954 -0.1995
Y  0.5690  0.8031 -0.1771
Z  0.2656  0.0243  0.9638

PART 59
OFFSET  6.0639 -1.8170 -8.2145
X  0.9039  0.2975 -0.3072
Y -0.3087  0.9511  0.0129
Z  0.2960  0.0832  0.9516

PART 60
OFFSET  5.2051 -2.0997 -7.9227
X -0.5404 -0.8366  0.0893
Y -0.7773  0.5371  0.3276
Z -0.3221  0.1077 -0.9406

PART 61
OFFSET  4.5649 -4.4749 -7.1108
X -0.9669 -0.2522  0.0396
Y  0.2529 -0.9250  0.2837
Z -0.0349  0.2843  0.9581

PART 62
OFFSET  7.0851 -3.8831 -7.3495
X -0.1248 -0.9680  0.2178
Y  0.9447 -0.1830 -0.2720
Z  0.3031  0.1718  0.9373

PART 63
OFFSET  7.2975 -2.2351 -7.7203
X  0.8873 -0.4108 -0.2097
Y  0.3572  0.8997 -0.2508
Z  0.2917  0.1476  0.9451

PART 64
OFFSET  6.0678 -1.6658 -7.4297
X  0.8285  0.4575 -0.3228
Y -0.4813  0.8765  0.0068
Z  0.2861  0.1498  0.9464

PART 65
OFFSET  5.1692 -2.1620 -7.0795
X -0.3898 -0.8682  0.3072
Y -0.8811  0.4486  0.1499
Z -0.2679 -0.2122 -0.9398

PART 66
OFFSET -0.7184 -5.6325 -7.1805
X -0.9253 -0.3793 -0.0003
Y -0.3554  0.8671 -0.3492
Z  0.1327 -0.3230 -0.9371

PART 67
OFFSET  6.9546 -4.1945 -5.1725
X -0.9780 -0.2045 -0.0418
Y  0.1954 -0.9675  0.1607
Z -0.0733  0.1490  0.9861

PART 68
OFFSET  8.6765 -3.8345 -5.0989
X -0.9716 -0.2348 -0.0304
Y  0.2230 -0.9509  0.2147
Z -0.0793  0.2019  0.9762

PART 69
OFFSET  9.8528 -3.5368 -5.0027
X -0.9626 -0.2530 -0.0974
Y  0.2307 -0.9532  0.1955
Z -0.1423  0.1657  0.9759

PART 70
OFFSET  10.9400 -3.2511 -4.8927
X  0.0650  0.9894  0.1297
Y  0.9975 -0.0682  0.0200
Z  0.0286  0.1281 -0.9913

PART 71
OFFSET  7.1563 -4.2658 -6.2564
X -0.2553 -0.9346  0.2476
Y  0.9603 -0.2749 -0.0476
Z  0.1125  0.2256  0.9677

PART 72
OFFSET  7.6551 -2.4400 -6.7400
X  0.8342 -0.5507  0.0270
Y  0.5336  0.7940 -0.2913
Z  0.1390  0.2574  0.9562

PART 73
OFFSET  6.4366 -1.6355 -6.7795
X  0.8835  0.3863 -0.2650
Y -0.4456  0.8676 -0.2209
Z  0.1446  0.3133  0.9386

PART 74
OFFSET  5.4347 -2.0746 -6.4861
X -0.4021 -0.8703  0.2843
Y -0.8964  0.4375  0.0715
Z -0.1866 -0.2261 -0.9561

PART 75
OFFSET  0.0000 -0.0000 -0.0000
X  1.0000 -0.0000  0.0000
Y  0.0000  1.0000  0.0000
Z  0.0000 -0.0000  1.0000

PART 76
OFFSET  0.0000 -0.0000 -0.0000
X  1.0000 -0.0000  0.0000
Y  0.0000  1.0000  0.0000
Z  0.0000 -0.0000  1.0000

PART 77
OFFSET  1.5404 -0.0000  4.1357
X  1.0000 -0.0000  0.0000
Y  0.0000  1.0000  0.0000
Z  0.0000 -0.0000  1.0000


FRAME 103
PART 0
OFFSET  0.0000 -0.0000 -0.0000
X  1.0000 -0.0000  0.0000
Y  0.0000  1.0000  0.0000
Z  0.0000 -0.0000  1.0000

PART 1
OFFSET -4.6318 -0.0000 -1.3770
X  1.0000 -0.0000  0.0000
Y  0.0000  1.0000  0.0000
Z  0.0000 -0.0000  1.0000

PART 2
OFFSET -3.5060  6.3408 -6.7125
X  0.9004 -0.1540 -0.4068
Y -0.1174 -0.9866  0.1134
Z -0.4188 -0.0544 -0.9064

PART 3
OFFSET  7.3838  4.4787 -11.6327
X  0.7065 -0.4726  0.5268
Y -0.6340 -0.0918  0.7679
Z -0.3145 -0.8765 -0.3644

PART 4
OFFSET  13.3928  0.4593 -7.1518
X  0.7065 -0.4726  0.5268
Y -0.0079  0.7391  0.6736
Z -0.7077 -0.4801  0.5184

PART 5
OFFSET  15.4349  1.4298 -6.3695
X  0.7111 -0.4697  0.5232
Y  0.3217  0.8790  0.3519
Z -0.6252 -0.0819  0.7761

PART 6
OFFSET  14.6756 -0.5447 -7.8477
X  0.7111 -0.4697  0.5232
Y  0.3217  0.8790  0.3519
Z -0.6252 -0.0819  0.7761

PART 7
OFFSET  14.2728  0.6463 -4.5197
X  0.7111 -0.4697  0.5232
Y  0.3217  0.8790  0.3519
Z -0.6252 -0.0819  0.7761

PART 8
OFFSET  13.7261 -0.6792 -5.1664
X  0.7111 -0.4697  0.5232
Y  0.3217  0.8790  0.3519
Z -0.6252 -0.0819  0.7761

PART 9
OFFSET  13.4347 -1.4562 -6.1963
X  0.7111 -0.4697  0.5232
Y  0.3217  0.8790  0.3519
Z -0.6252 -0.0819  0.7761

PART 10
OFFSET  15.5587 -0.9894 -5.5367
X  0.9690 -0.1989  0.1463
Y  0.0529  0.7461  0.6638
Z -0.2411 -0.6355  0.7335

PART 11
OFFSET  15.9467 -0.6198 -4.5291
X  0.9137 -0.0389  0.4044
Y -0.0417  0.9812  0.1885
Z -0.4042 -0.1891  0.8949

PART 12
OFFSET  17.8918 -0.6163 -3.5878
X  0.9556 -0.2933  0.0294
Y  0.2383  0.8273  0.5088
Z -0.1736 -0.4792  0.8604

PART 13
OFFSET  19.4008 -1.1928 -3.4743
X  0.9370 -0.1137  0.3304
Y  0.0010  0.9465  0.3227
Z -0.3494 -0.3020  0.8869

PART 14
OFFSET  20.3980 -1.3134 -3.0709
X  0.9163  0.3052 -0.2593
Y -0.2759  0.0118 -0.9611
Z -0.2902  0.9522  0.0950

PART 15
OFFSET  16.2732 -2.0850 -5.9754
X  0.7826 -0.6215 -0.0339
Y -0.4094 -0.5551  0.7241
Z -0.4689 -0.5528 -0.6889

PART 16
OFFSET  18.0498 -3.4691 -5.8625
X -0.1173 -0.2198  0.9685
Y -0.6812  0.7274  0.0825
Z -0.7226 -0.6500 -0.2351

PART 17
OFFSET  17.8837 -3.7802 -4.4913
X -0.3822  0.1030  0.9183
Y -0.5983  0.7298 -0.3309
Z -0.7043 -0.6759 -0.2172

PART 18
OFFSET  17.5448 -3.6889 -3.6771
X -0.5382  0.3289  0.7760
Y -0.4050  0.7066 -0.5803
Z -0.7392 -0.6266 -0.2471

PART 19
OFFSET  17.0335 -3.3765 -2.9398
X  0.7727 -0.6045 -0.1936
Y -0.0528  0.2427 -0.9687
Z  0.6325  0.7588  0.1556

PART 20
OFFSET  16.5552 -1.5442 -5.6045
X  0.9045 -0.4222 -0.0602
Y -0.2630 -0.6634  0.7005
Z -0.3357 -0.6178 -0.7111

PART 21
OFFSET  18.8106 -2.8372 -5.6040
X  0.0157 -0.6247  0.7807
Y -0.6434  0.5913  0.4861
Z -0.7653 -0.5100 -0.3927

PART 22
OFFSET  18.8373 -3.9007 -4.2748
X -0.5214  0.1509  0.8399
Y -0.3906  0.8329 -0.3921
Z -0.7587 -0.5325 -0.3753

PART 23
OFFSET  18.1147 -3.6916 -3.1108
X -0.6337  0.4481  0.6306
Y -0.1652  0.7180 -0.6762
Z -0.7558 -0.5326 -0.3809

PART 24
OFFSET  17.4275 -3.2056 -2.4269
X  0.5763 -0.8035 -0.1491
Y  0.2605  0.3536 -0.8984
Z  0.7746  0.4789  0.4131

PART 25
OFFSET  18.5008 -0.7585 -3.6387
X  0.8345 -0.5081  0.2132
Y  0.5142  0.5789 -0.6328
Z  0.1981  0.6377  0.7443

PART 26
OFFSET  19.4641 -0.9655 -4.7388
X  0.5631 -0.8172  0.1232
Y -0.5611 -0.2686  0.7829
Z -0.6067 -0.5100 -0.6098

PART 27
OFFSET  20.4556 -2.4042 -4.5219
X -0.1513 -0.7610  0.6309
Y -0.8067  0.4639  0.3662
Z -0.5713 -0.4535 -0.6840

PART 28
OFFSET  20.3064 -3.3018 -3.7134
X -0.6057 -0.1832  0.7743
Y -0.5210  0.8268 -0.2120
Z -0.6014 -0.5318 -0.5963

PART 29
OFFSET  19.6222 -3.5088 -2.8388
X  0.4983 -0.8363 -0.2284
Y  0.4970  0.4915 -0.7152
Z  0.7104  0.2429  0.6605

PART 30
OFFSET  19.2601 -1.8677 -5.3429
X  0.2392 -0.7715  0.5895
Y -0.7399  0.2484  0.6252
Z -0.6288 -0.5857 -0.5114

PART 31
OFFSET  19.7274 -3.3749 -4.1912
X -0.5071 -0.1758  0.8438
Y -0.5550  0.8156 -0.1635
Z -0.6594 -0.5512 -0.5112

PART 32
OFFSET  18.9868 -3.6317 -2.9587
X -0.7358  0.3605  0.5733
Y -0.0969  0.7818 -0.6160
Z -0.6702 -0.5088 -0.5403

PART 33
OFFSET  18.1487 -3.2276 -2.3129
X  0.6690 -0.7432 -0.0116
Y  0.3484  0.3273 -0.8784
Z  0.6566  0.5836  0.4778

PART 34
OFFSET  17.7899 -2.8991 -4.3800
X -0.3936 -0.6268 -0.6724
Y  0.2411  0.6355 -0.7335
Z  0.8871 -0.4509 -0.0990

PART 35
OFFSET  8.2490 -2.6954 -4.4065
X  0.9996  0.0222  0.0166
Y -0.0208  0.9968 -0.0777
Z -0.0183  0.0774  0.9968

PART 36
OFFSET  8.2490 -2.6954 -4.4065
X  0.9996  0.0222  0.0166
Y -0.0208  0.9968 -0.0777
Z -0.0183  0.0774  0.9968

PART 37
OFFSET  13.5103 -2.6762 -1.9466
X  0.9990  0.0238  0.0370
Y -0.0208  0.9968 -0.0777
Z -0.0387  0.0769  0.9963

PART 38
OFFSET  12.4537 -2.5654 -4.0595
X  0.9996  0.0222  0.0166
Y -0.0208  0.9968 -0.0777
Z -0.0183  0.0774  0.9968

PART 39
OFFSET  7.5412 -2.8894 -6.7043
X  0.9996  0.0222  0.0166
Y -0.0208  0.9968 -0.0777
Z -0.0183  0.0774  0.9968

PART 40
OFFSET  22.1316 -2.8371 -5.3995
X -0.3987  0.0630  0.9149
Y -0.9169 -0.0501 -0.3961
Z  0.0208 -0.9968  0.0777

PART 41
OFFSET  22.1316 -2.8371 -5.3995
X -0.0208  0.9968 -0.0777
Y -0.9996 -0.0222 -0.0166
Z -0.0183  0.0774  0.9968

PART 42
OFFSET  21.7284 -2.5948 -5.9137
X -0.0208  0.9968 -0.0777
Y -0.9996 -0.0222 -0.0166
Z -0.0183  0.0774  0.9968

PART 43
OFFSET  21.6992 -1.1994 -6.0225
X -0.0081  0.8078 -0.5894
Y -0.9996 -0.0222 -0.0166
Z -0.0265  0.5891  0.8077

PART 44
OFFSET  30.8994 -0.8461 -6.3912
X  0.7983 -0.4028  0.4478
Y  0.6023  0.5318 -0.5954
Z  0.0017  0.7450  0.6671

PART 45
OFFSET -16.6612 -4.8127 -6.7186
X -0.8537  0.0690  0.5161
Y -0.2634 -0.9122 -0.3138
Z  0.4492 -0.4039  0.7969

PART 46
OFFSET -6.3364 -5.6469 -12.9607
X -0.8482 -0.0741 -0.5245
Y  0.5297 -0.1143 -0.8404
Z  0.0023 -0.9907  0.1363

PART 47
OFFSET  0.8777 -5.0164 -8.4995
X -0.8482 -0.0741 -0.5245
Y  0.5279 -0.2008 -0.8252
Z -0.0442 -0.9768  0.2095

PART 48
OFFSET  1.7345 -3.6460 -7.3365
X -0.8513 -0.0705 -0.5199
Y -0.0075  0.9925 -0.1222
Z  0.5246 -0.1001 -0.8454

PART 49
OFFSET  1.5733 -4.2063 -6.2651
X -0.8513 -0.0705 -0.5199
Y -0.0075  0.9925 -0.1222
Z  0.5246 -0.1001 -0.8454

PART 50
OFFSET  1.7358 -5.5602 -6.1484
X -0.8513 -0.0705 -0.5199
Y -0.0075  0.9925 -0.1222
Z  0.5246 -0.1001 -0.8454

PART 51
OFFSET  3.4779 -4.7891 -6.8915
X -0.9465 -0.1828 -0.2661
Y  0.3058 -0.2434 -0.9205
Z  0.1035 -0.9525  0.2863

PART 52
OFFSET  3.5661 -4.0808 -6.0012
X -0.4744 -0.7289 -0.4935
Y  0.5883  0.1546 -0.7938
Z  0.6549 -0.6669  0.3555

PART 53
OFFSET  4.4947 -2.4862 -4.8767
X -0.8998 -0.3477  0.2634
Y -0.0350 -0.5443 -0.8381
Z  0.4348 -0.7634  0.4776

PART 54
OFFSET  5.8966 -1.8718 -5.4054
X -0.5484  0.0322  0.8356
Y -0.6347 -0.6667 -0.3908
Z  0.5445 -0.7446  0.3861

PART 55
OFFSET  6.4755 -1.8613 -6.3200
X -0.8854  0.3647  0.2883
Y  0.0930  0.7465 -0.6588
Z -0.4555 -0.5565 -0.6948

PART 56
OFFSET  4.5853 -4.7026 -7.7099
X -0.9320 -0.2734  0.2378
Y  0.3365 -0.8966  0.2880
Z  0.1344  0.3485  0.9276

PART 57
OFFSET  6.6578 -3.9276 -8.1443
X -0.0869 -0.9859  0.1431
Y  0.9546 -0.1235 -0.2711
Z  0.2849  0.1131  0.9519

PART 58
OFFSET  6.7809 -2.5318 -8.3469
X  0.7867 -0.5939 -0.1686
Y  0.5614  0.8018 -0.2046
Z  0.2567  0.0663  0.9642

PART 59
OFFSET  6.0834 -2.0052 -8.1974
X  0.9032  0.2954 -0.3113
Y -0.3195  0.9472 -0.0283
Z  0.2865  0.1250  0.9499

PART 60
OFFSET  5.2252 -2.2859 -7.9017
X -0.5317 -0.8386  0.1185
Y -0.7862  0.5408  0.2990
Z -0.3148  0.0658 -0.9469

PART 61
OFFSET  4.6047 -4.6336 -6.9996
X -0.9643 -0.2616  0.0416
Y  0.2607 -0.9097  0.3231
Z -0.0467  0.3224  0.9455

PART 62
OFFSET  7.1200 -4.0226 -7.2408
X -0.1158 -0.9598  0.2558
Y  0.9491 -0.1828 -0.2563
Z  0.2928  0.2131  0.9321

PART 63
OFFSET  7.3172 -2.3885 -7.6762
X  0.8937 -0.4085 -0.1854
Y  0.3493  0.8929 -0.2840
Z  0.2815  0.1891  0.9407

PART 64
OFFSET  6.0786 -1.8224 -7.4193
X  0.8262  0.4537 -0.3341
Y -0.4913  0.8704 -0.0328
Z  0.2759  0.1912  0.9420

PART 65
OFFSET  5.1825 -2.3144 -7.0570
X -0.3827 -0.8595  0.3388
Y -0.8874  0.4440  0.1241
Z -0.2571 -0.2531 -0.9326

PART 66
OFFSET -0.6643 -5.8546 -7.0672
X -0.9209 -0.3898  0.0073
Y -0.3620  0.8480 -0.3870
Z  0.1447 -0.3590 -0.9220

PART 67
OFFSET  6.9736 -4.2472 -5.0541
X -0.9752 -0.2174 -0.0418
Y  0.2049 -0.9578  0.2014
Z -0.0838  0.1878  0.9786

PART 68
OFFSET  8.6906 -3.8645 -4.9806
X -0.9686 -0.2471 -0.0291
Y  0.2318 -0.9387  0.2550
Z -0.0903  0.2402  0.9665

PART 69
OFFSET  9.8626 -3.5495 -4.8865
X -0.9587 -0.2679 -0.0952
Y  0.2397 -0.9417  0.2359
Z -0.1529  0.2033  0.9671

PART 70
OFFSET  10.9455 -3.2469 -4.7790
X  0.0527  0.9945  0.0901
Y  0.9980 -0.0557  0.0312
Z  0.0360  0.0883 -0.9954

PART 71
OFFSET  7.1859 -4.3600 -6.1324
X -0.2469 -0.9268  0.2831
Y  0.9637 -0.2654 -0.0282
Z  0.1013  0.2658  0.9587

PART 72
OFFSET  7.6683 -2.5495 -6.6854
X  0.8401 -0.5394  0.0564
Y  0.5272  0.7877 -0.3187
Z  0.1275  0.2975  0.9462

PART 73
OFFSET  6.4412 -1.7615 -6.7678
X  0.8814  0.3855 -0.2730
Y -0.4533  0.8527 -0.2597
Z  0.1327  0.3526  0.9263

PART 74
OFFSET  5.4417 -2.2001 -6.4653
X -0.3948 -0.8627  0.3160
Y -0.9019  0.4296  0.0461
Z -0.1755 -0.2667 -0.9477

PART 75
OFFSET  0.0000 -0.0000 -0.0000
X  1.0000 -0.0000  0.0000
Y  0.0000  1.0000  0.0000
Z  0.0000 -0.0000  1.0000

PART 76
OFFSET  0.0000 -0.0000 -0.0000
X  1.0000 -0.0000  0.0000
Y  0.0000  1.0000  0.0000
Z  0.0000 -0.0000  1.0000

PART 77
OFFSET  1.5404 -0.0000  4.1357
X  1.0000 -0.0000  0.0000
Y  0.0000  1.0000  0.0000
Z  0.0000 -0.0000  1.0000


FRAME 104
PART 0
OFFSET  0.0000 -0.0000 -0.0000
X  1.0000 -0.0000  0.0000
Y  0.0000  1.0000  0.0000
Z  0.0000 -0.0000  1.0000

PART 1
OFFSET -4.6318 -0.0000 -1.3770
X  1.0000 -0.0000  0.0000
Y  0.0000  1.0000  0.0000
Z  0.0000 -0.0000  1.0000

PART 2
OFFSET -3.5060  6.3408 -6.7125
X  0.8968 -0.1636 -0.4112
Y -0.1152 -0.9834  0.1399
Z -0.4273 -0.0781 -0.9007

PART 3
OFFSET  7.3393  4.3626 -11.6854
X  0.7085 -0.4586  0.5364
Y -0.6305 -0.0700  0.7730
Z -0.3169 -0.8859 -0.3387

PART 4
OFFSET  13.3654  0.4624 -7.1229
X  0.7085 -0.4586  0.5364
Y  0.0100  0.7666  0.6421
Z -0.7056 -0.4495  0.5477

PART 5
OFFSET  15.4119  1.4521 -6.3769
X  0.7131 -0.4558  0.5327
Y  0.3240  0.8881  0.3261
Z -0.6217 -0.0599  0.7809

PART 6
OFFSET  14.6442 -0.5616 -7.7968
X  0.7131 -0.4558  0.5327
Y  0.3240  0.8881  0.3261
