// Export filename: `C:\projects\cod\t5\xanim_export\t5_viewmodels\ak47\ak47_masterkey_d2p_out.XANIM_EXPORT`
// Source filename: `D:\projects\devanim\t5\animation_assets\viewmodels/ak47/ViewModel_AK47_MasterKey_animated.fbx`
// Export time: Wed Jul 07 18:24:14 2010

ANIMATION
VERSION 3

NUMPARTS 77
PART 0 "tag_ads"
PART 1 "tag_torso"
PART 2 "J_Shoulder_LE"
PART 3 "J_Elbow_LE"
PART 4 "J_WristTwist_LE"
PART 5 "J_Sleave_Reshape_Bottom_LE_1"
PART 6 "J_Sleave_Reshape_Bottom_LE_2"
PART 7 "J_Sleave_Reshape_Top_LE_1"
PART 8 "J_Sleave_Reshape_Top_LE_2"
PART 9 "J_Sleave_Reshape_Top_LE_3"
PART 10 "J_Wrist_LE"
PART 11 "J_Thumb_LE_0"
PART 12 "J_Thumb_LE_1"
PART 13 "J_Thumb_LE_2"
PART 14 "J_Thumb_LE_3"
PART 15 "J_PinkyPalm_LE"
PART 16 "J_Pinky_LE_0"
PART 17 "J_Pinky_LE_1"
PART 18 "J_Pinky_LE_2"
PART 19 "J_Pinky_LE_3"
PART 20 "J_RingPalm_LE"
PART 21 "J_Ring_LE_0"
PART 22 "J_Ring_LE_1"
PART 23 "J_Ring_LE_2"
PART 24 "J_Ring_LE_3"
PART 25 "J_Webbing_LE"
PART 26 "J_Index_LE_0"
PART 27 "J_Index_LE_1"
PART 28 "J_Index_LE_2"
PART 29 "J_Index_LE_3"
PART 30 "J_Mid_LE_0"
PART 31 "J_Mid_LE_1"
PART 32 "J_Mid_LE_2"
PART 33 "J_Mid_LE_3"
PART 34 "tag_knife_attach"
PART 35 "tag_weapon"
PART 36 "J_Gun"
PART 37 "J_bolt"
PART 38 "tag_masterkey"
PART 39 "tag_brass2"
PART 40 "tag_ammo2"
PART 41 "tag_pump2"
PART 42 "TAG_CLIP"
PART 43 "TAG_FLASH"
PART 44 "J_Shoulder_RI"
PART 45 "J_Elbow_RI"
PART 46 "J_WristTwist_RI"
PART 47 "J_Sleave_Reshape_Top_RI_3"
PART 48 "J_Sleave_Reshape_Top_RI_2"
PART 49 "J_Sleave_Reshape_Top_RI_1"
PART 50 "J_Wrist_RI"
PART 51 "J_Thumb_RI_0"
PART 52 "J_Thumb_RI_1"
PART 53 "J_Thumb_RI_2"
PART 54 "J_Thumb_RI_3"
PART 55 "J_PinkyPalm_RI"
PART 56 "J_Pinky_RI_0"
PART 57 "J_Pinky_RI_1"
PART 58 "J_Pinky_RI_2"
PART 59 "J_Pinky_RI_3"
PART 60 "J_RingPalm_RI"
PART 61 "J_Ring_RI_0"
PART 62 "J_Ring_RI_1"
PART 63 "J_Ring_RI_2"
PART 64 "J_Ring_RI_3"
PART 65 "J_Webbing_RI"
PART 66 "J_Index_RI_0"
PART 67 "J_Index_RI_1"
PART 68 "J_Index_RI_2"
PART 69 "J_Index_RI_3"
PART 70 "J_Mid_RI_0"
PART 71 "J_Mid_RI_1"
PART 72 "J_Mid_RI_2"
PART 73 "J_Mid_RI_3"
PART 74 "tag_cambone"
PART 75 "tag_camera"
PART 76 "tag_gasmask"

FRAMERATE 30
NUMFRAMES 11

FRAME 2085
PART 0
OFFSET  0.0000 -0.0000 -0.0000
X  1.0000 -0.0000  0.0000
Y  0.0000  1.0000  0.0000
Z  0.0000 -0.0000  1.0000

PART 1
OFFSET -4.6318 -0.0000 -1.3770
X  1.0000 -0.0000  0.0000
Y  0.0000  1.0000  0.0000
Z  0.0000 -0.0000  1.0000

PART 2
OFFSET -3.5060  6.3408 -6.7125
X  0.7703 -0.3403 -0.5393
Y -0.0220 -0.8594  0.5108
Z -0.6373 -0.3816 -0.6695

PART 3
OFFSET  5.8101  2.2255 -13.2346
X  0.9015 -0.2988  0.3131
Y -0.2631  0.1962  0.9446
Z -0.3437 -0.9339  0.0983

PART 4
OFFSET  13.4777 -0.3158 -10.5715
X  0.9015 -0.2988  0.3131
Y -0.0100  0.7089  0.7053
Z -0.4327 -0.6389  0.6360

PART 5
OFFSET  15.5534  0.7739 -11.0488
X  0.9040 -0.2975  0.3072
Y  0.3449  0.9318 -0.1127
Z -0.2528  0.2079  0.9449

PART 6
OFFSET  14.4712 -1.5471 -11.3683
X  0.9040 -0.2975  0.3072
Y  0.3449  0.9318 -0.1127
Z -0.2528  0.2079  0.9449

PART 7
OFFSET  15.3093  0.7015 -8.7420
X  0.9040 -0.2975  0.3072
Y  0.3449  0.9318 -0.1127
Z -0.2528  0.2079  0.9449

PART 8
OFFSET  14.6867 -0.7397 -8.6460
X  0.9040 -0.2975  0.3072
Y  0.3449  0.9318 -0.1127
Z -0.2528  0.2079  0.9449

PART 9
OFFSET  14.0891 -1.8029 -9.1578
X  0.9040 -0.2975  0.3072
Y  0.3449  0.9318 -0.1127
Z -0.2528  0.2079  0.9449

PART 10
OFFSET  16.2413 -1.2319 -9.6117
X  0.9726 -0.2323 -0.0109
Y  0.1755  0.7026  0.6896
Z -0.1525 -0.6726  0.7241

PART 11
OFFSET  16.7856 -0.9345 -8.6537
X  0.9578 -0.0617  0.2809
Y -0.0101  0.9688  0.2474
Z -0.2874 -0.2398  0.9273

PART 12
OFFSET  18.8354 -0.9844 -7.9713
X  0.9286 -0.3442 -0.1385
Y  0.3641  0.7734  0.5190
Z -0.0715 -0.5324  0.8435

PART 13
OFFSET  20.3048 -1.6458 -8.1315
X  0.9725 -0.1181  0.2007
Y  0.0373  0.9297  0.3664
Z -0.2298 -0.3488  0.9086

PART 14
OFFSET  21.3466 -1.7736 -7.8667
X  0.8732  0.3285 -0.3600
Y -0.3982  0.0549 -0.9157
Z -0.2810  0.9429  0.1787

PART 15
OFFSET  16.8456 -2.3166 -10.2130
X  0.7474 -0.6375 -0.1869
Y -0.3126 -0.5857  0.7478
Z -0.5862 -0.5005 -0.6371

PART 16
OFFSET  18.5720 -3.7479 -10.4485
X  0.0266 -0.2850  0.9582
Y -0.6427  0.7293  0.2348
Z -0.7657 -0.6221 -0.1638

PART 17
OFFSET  18.6097 -4.1514 -9.0919
X -0.3365  0.2151  0.9168
Y -0.5730  0.7258 -0.3806
Z -0.7472 -0.6534 -0.1210

PART 18
OFFSET  18.3113 -3.9607 -8.2791
X -0.4887  0.4378  0.7547
Y -0.3893  0.6647 -0.6377
Z -0.7808 -0.6054 -0.1544

PART 19
OFFSET  17.8471 -3.5448 -7.5621
X  0.7311 -0.6645 -0.1546
Y -0.0781  0.1436 -0.9865
Z  0.6778  0.7333  0.0531

PART 20
OFFSET  17.1974 -1.8069 -9.8582
X  0.8707 -0.4409 -0.2178
Y -0.1800 -0.6979  0.6932
Z -0.4576 -0.5644 -0.6871

PART 21
OFFSET  19.3832 -3.1529 -10.2694
X  0.1153 -0.6718  0.7317
Y -0.5489  0.5708  0.6106
Z -0.8279 -0.4720 -0.3029

PART 22
OFFSET  19.5795 -4.2967 -9.0237
X -0.4251  0.1881  0.8854
Y -0.3847  0.8479 -0.3649
Z -0.8193 -0.4957 -0.2880

PART 23
OFFSET  18.9904 -4.0359 -7.7966
X -0.5457  0.5006  0.6720
Y -0.1862  0.7094 -0.6797
Z -0.8170 -0.4960 -0.2939

PART 24
OFFSET  18.3986 -3.4930 -7.0678
X  0.5133 -0.8398 -0.1768
Y  0.1955  0.3149 -0.9288
Z  0.8357  0.4421  0.3258

PART 25
OFFSET  19.4365 -1.1929 -8.1621
X  0.8387 -0.5415  0.0577
Y  0.4353  0.6030 -0.6685
Z  0.3272  0.5858  0.7415

PART 26
OFFSET  20.2201 -1.3571 -9.4031
X  0.5552 -0.8316 -0.0134
Y -0.4481 -0.3126  0.8375
Z -0.7007 -0.4590 -0.5462

PART 27
OFFSET  21.1977 -2.8212 -9.4266
X -0.1238 -0.7688  0.6274
Y -0.7295  0.4991  0.4677
Z -0.6727 -0.3997 -0.6226

PART 28
OFFSET  21.0881 -3.7316 -8.6261
X -0.5168 -0.1804  0.8369
Y -0.4968  0.8593 -0.1216
Z -0.6972 -0.4786 -0.5337

PART 29
OFFSET  20.5044 -3.9354 -7.6808
X  0.4206 -0.8516 -0.3128
Y  0.4329  0.4914 -0.7557
Z  0.7973  0.1824  0.5754

PART 30
OFFSET  19.8987 -2.2151 -10.0202
X  0.2970 -0.8122  0.5021
Y -0.6315  0.2274  0.7413
Z -0.7162 -0.5373 -0.4454

PART 31
OFFSET  20.4789 -3.8018 -9.0392
X -0.4196 -0.1837  0.8889
Y -0.5231  0.8493 -0.0714
Z -0.7418 -0.4949 -0.4525

PART 32
OFFSET  19.8660 -4.0701 -7.7408
X -0.6473  0.3798  0.6609
Y -0.1162  0.8077 -0.5780
Z -0.7534 -0.4509 -0.4787

PART 33
OFFSET  19.1276 -3.6436 -6.9953
X  0.6187 -0.7783 -0.1070
Y  0.2707  0.3390 -0.9010
Z  0.7376  0.5285  0.4204

PART 34
OFFSET  18.5512 -3.2653 -8.9094
X -0.5094 -0.5743 -0.6408
Y  0.1525  0.6726 -0.7241
Z  0.8469 -0.4666 -0.2551

PART 35
OFFSET  8.2284 -2.6584 -4.3968
X  0.9914 -0.0046 -0.1309
Y  0.0023  0.9998 -0.0173
Z  0.1310  0.0168  0.9912

PART 36
OFFSET  8.2284 -2.6584 -4.3968
X  0.9914 -0.0046 -0.1309
Y  0.0023  0.9998 -0.0173
Z  0.1310  0.0168  0.9912

PART 37
OFFSET  13.7914 -2.9246 -2.7491
X  0.9939 -0.0042 -0.1106
Y  0.0023  0.9998 -0.0173
Z  0.1107  0.0169  0.9937

PART 38
OFFSET  17.0626 -2.7419 -8.0028
X  0.9914 -0.0046 -0.1309
Y  0.0023  0.9998 -0.0173
Z  0.1310  0.0168  0.9912

PART 39
OFFSET  22.4299 -3.0723 -6.9250
X  0.8822  0.3206 -0.3448
Y -0.1100 -0.5716 -0.8131
Z -0.4578  0.7553 -0.4690

PART 40
OFFSET -4.6550 -2.6091 -4.1050
X  0.9604  0.0026  0.2785
Y  0.0023  0.9998 -0.0173
Z -0.2785  0.0172  0.9603

PART 41
OFFSET  26.8278 -2.8227 -11.3665
X -0.0023 -0.9998  0.0173
Y  0.9914 -0.0046 -0.1309
Z  0.1310  0.0168  0.9912

PART 42
OFFSET  12.4405 -2.6579 -4.6718
X  0.9914 -0.0046 -0.1309
Y  0.0023  0.9998 -0.0173
Z  0.1310  0.0168  0.9912

PART 43
OFFSET  31.7763 -2.7327 -6.4372
X  0.9914 -0.0046 -0.1309
Y  0.0023  0.9998 -0.0173
Z  0.1310  0.0168  0.9912

PART 44
OFFSET -10.8444 -11.7139 -5.9426
X -0.9391  0.3234 -0.1160
Y -0.2273 -0.3316  0.9156
Z  0.2577  0.8862  0.3849

PART 45
OFFSET  0.5132 -15.6254 -4.5403
X -0.2214 -0.9638  0.1486
Y  0.9731 -0.2083  0.0987
Z -0.0642  0.1664  0.9840

PART 46
OFFSET  2.3962 -7.4279 -5.8040
X -0.2214 -0.9638  0.1486
Y  0.1694 -0.1881 -0.9674
Z  0.9604 -0.1890  0.2049

PART 47
OFFSET  2.1295 -6.0991 -7.2628
X -0.2269 -0.9631  0.1450
Y  0.0505 -0.1603 -0.9858
Z  0.9726 -0.2164  0.0850

PART 48
OFFSET  1.2725 -5.4207 -6.7213
X -0.2269 -0.9631  0.1450
Y  0.0505 -0.1603 -0.9858
Z  0.9726 -0.2164  0.0850

PART 49
OFFSET  1.3462 -5.1294 -5.3861
X -0.2269 -0.9631  0.1450
Y  0.0505 -0.1603 -0.9858
Z  0.9726 -0.2164  0.0850

PART 50
OFFSET  3.0749 -4.4731 -6.2595
X -0.9810 -0.1418 -0.1324
Y  0.1587 -0.1946 -0.9680
Z  0.1115 -0.9706  0.2134

PART 51
OFFSET  3.3172 -3.8231 -5.3535
X -0.5666 -0.6850 -0.4580
Y  0.4703  0.1876 -0.8623
Z  0.6766 -0.7040  0.2159

PART 52
OFFSET  4.4553 -2.3244 -4.2912
X -0.8628 -0.3399  0.3741
Y -0.1764 -0.4911 -0.8531
Z  0.4737 -0.8021  0.3637

PART 53
OFFSET  5.7846 -1.7152 -4.9868
X -0.4183 -0.0047  0.9083
Y -0.7078 -0.6251 -0.3292
Z  0.5693 -0.7806  0.2581

PART 54
OFFSET  6.2229 -1.6637 -5.9752
X -0.8203  0.3691  0.4369
Y  0.0209  0.7827 -0.6220
Z -0.5715 -0.5011 -0.6498

PART 55
OFFSET  4.0524 -4.3653 -7.2271
X -0.8959 -0.2634  0.3578
Y  0.3441 -0.9208  0.1836
Z  0.2811  0.2876  0.9156

PART 56
OFFSET  6.0641 -3.6188 -7.9203
X -0.0989 -0.9902  0.0985
Y  0.8996 -0.1312 -0.4165
Z  0.4253  0.0474  0.9038

PART 57
OFFSET  6.2041 -2.2168 -8.0596
X  0.7325 -0.6025 -0.3170
Y  0.5526  0.7981 -0.2401
Z  0.3977  0.0007  0.9175

PART 58
OFFSET  5.5547 -1.6827 -7.7786
X  0.8574  0.2905 -0.4249
Y -0.2874  0.9550  0.0731
Z  0.4270  0.0594  0.9023

PART 59
OFFSET  4.7401 -1.9587 -7.3749
X -0.5371 -0.8303  0.1486
Y -0.7147  0.5416  0.4427
Z -0.4480  0.1316 -0.8843

PART 60
OFFSET  4.1783 -4.3404 -6.5249
X -0.9562 -0.2388  0.1695
Y  0.2739 -0.9342  0.2287
Z  0.1038  0.2651  0.9586

PART 61
OFFSET  6.6505 -3.7806 -7.1023
X -0.1100 -0.9703  0.2154
Y  0.8944 -0.1912 -0.4045
Z  0.4336  0.1482  0.8888

PART 62
OFFSET  6.8377 -2.1286 -7.4690
X  0.8422 -0.4193 -0.3390
Y  0.3343  0.8993 -0.2818
Z  0.4230  0.1240  0.8976

PART 63
OFFSET  5.6705 -1.5476 -6.9993
X  0.7833  0.4519 -0.4269
Y -0.4605  0.8831  0.0899
Z  0.4176  0.1262  0.8998

PART 64
OFFSET  4.8210 -2.0376 -6.5362
X -0.3582 -0.8685  0.3427
Y -0.8437  0.4583  0.2796
Z -0.3999 -0.1890 -0.8969

PART 65
OFFSET -1.0824 -5.4191 -5.8775
X -0.9227 -0.3657  0.1220
Y -0.3855  0.8791 -0.2803
Z -0.0048 -0.3057 -0.9521

PART 66
OFFSET  6.8191 -4.1345 -4.9344
X -0.9995 -0.0133 -0.0294
Y  0.0096 -0.9927  0.1205
Z -0.0308  0.1201  0.9923

PART 67
OFFSET  8.5789 -4.1111 -4.8827
X -0.3536 -0.9228  0.1531
Y  0.9350 -0.3440  0.0861
Z -0.0267  0.1736  0.9845

PART 68
OFFSET  9.0071 -2.9787 -5.0090
X  0.0584 -0.9929  0.1035
Y  0.9978  0.0614  0.0262
Z -0.0324  0.1018  0.9943

PART 69
OFFSET  8.9411 -1.8572 -5.1259
X -0.9288  0.2964  0.2223
Y  0.2475  0.9429 -0.2230
Z -0.2757 -0.1521 -0.9491

PART 70
OFFSET  6.8667 -4.1866 -6.0369
X -0.2345 -0.9357  0.2638
Y  0.9394 -0.2879 -0.1861
Z  0.2501  0.2041  0.9465

PART 71
OFFSET  7.3247 -2.3587 -6.5522
X  0.8202 -0.5633 -0.0997
Y  0.5015  0.7919 -0.3484
Z  0.2753  0.2358  0.9320

PART 72
OFFSET  6.1267 -1.5360 -6.4065
X  0.8445  0.3787 -0.3787
Y -0.4569  0.8783 -0.1407
Z  0.2793  0.2919  0.9148

PART 73
OFFSET  5.1680 -1.9663 -5.9842
X -0.3736 -0.8700  0.3218
Y -0.8700  0.4490  0.2039
Z -0.3219 -0.2038 -0.9246

PART 74
OFFSET  0.0000 -0.0000 -0.0000
X  1.0000 -0.0000  0.0000
Y  0.0000  1.0000  0.0000
Z  0.0000 -0.0000  1.0000

PART 75
OFFSET  0.0000 -0.0000 -0.0000
X  0.9976 -0.0000  0.0698
Y  0.0049  0.9976 -0.0696
Z -0.0696  0.0698  0.9951

PART 76
OFFSET  1.2489  0.2885  4.2231
X  0.9976 -0.0000  0.0698
Y  0.0049  0.9976 -0.0696
Z -0.0696  0.0698  0.9951


FRAME 2086
PART 0
OFFSET  0.0000 -0.0000 -0.0000
X  1.0000 -0.0000  0.0000
Y  0.0000  1.0000  0.0000
Z  0.0000 -0.0000  1.0000

PART 1
OFFSET -4.6318 -0.0000 -1.3770
X  1.0000 -0.0000  0.0000
Y  0.0000  1.0000  0.0000
Z  0.0000 -0.0000  1.0000

PART 2
OFFSET -3.5060  6.3408 -6.7125
X  0.7720 -0.3381 -0.5383
Y -0.0223 -0.8607  0.5086
Z -0.6353 -0.3806 -0.6720

PART 3
OFFSET  5.8300  2.2524 -13.2230
X  0.8997 -0.2976  0.3193
Y -0.2701  0.1950  0.9429
Z -0.3429 -0.9346  0.0951

PART 4
OFFSET  13.4824 -0.2789 -10.5071
X  0.8997 -0.2976  0.3193
Y -0.0290  0.6891  0.7241
Z -0.4355 -0.6607  0.6113

PART 5
OFFSET  15.5598  0.8146 -10.9686
X  0.9022 -0.2963  0.3135
Y  0.3443  0.9325 -0.1095
Z -0.2599  0.2067  0.9433

PART 6
OFFSET  14.4836 -1.5080 -11.2976
X  0.9022 -0.2963  0.3135
Y  0.3443  0.9325 -0.1095
Z -0.2599  0.2067  0.9433

PART 7
OFFSET  15.2993  0.7399 -8.6636
X  0.9022 -0.2963  0.3135
Y  0.3443  0.9325 -0.1095
Z -0.2599  0.2067  0.9433

PART 8
OFFSET  14.6783 -0.7024 -8.5732
X  0.9022 -0.2963  0.3135
Y  0.3443  0.9325 -0.1095
Z -0.2599  0.2067  0.9433

PART 9
OFFSET  14.0861 -1.7661 -9.0901
X  0.9022 -0.2963  0.3135
Y  0.3443  0.9325 -0.1095
Z -0.2599  0.2067  0.9433

PART 10
OFFSET  16.2406 -1.1913 -9.5282
X  0.9681 -0.2499 -0.0187
Y  0.1883  0.6764  0.7121
Z -0.1653 -0.6929  0.7018

PART 11
OFFSET  16.7899 -0.9354 -8.5612
X  0.9570 -0.0881  0.2764
Y  0.0083  0.9607  0.2776
Z -0.2900 -0.2634  0.9201

PART 12
OFFSET  18.8398 -1.0444 -7.8858
X  0.9226 -0.3551 -0.1505
Y  0.3774  0.7508  0.5421
Z -0.0795 -0.5570  0.8267

PART 13
OFFSET  20.2978 -1.7248 -8.0686
X  0.9709 -0.1344  0.1980
Y  0.0469  0.9181  0.3936
Z -0.2347 -0.3729  0.8977

PART 14
OFFSET  21.3378 -1.8717 -7.8067
X  0.8771  0.3295 -0.3494
Y -0.3964  0.0861 -0.9140
Z -0.2711  0.9402  0.2062

PART 15
OFFSET  16.8248 -2.2670 -10.1646
X  0.7355 -0.6450 -0.2074
Y -0.3245 -0.6041  0.7278
Z -0.5948 -0.4680 -0.6536

PART 16
OFFSET  18.5241 -3.7221 -10.4461
X  0.0196 -0.3149  0.9489
Y -0.6280  0.7346  0.2567
Z -0.7780 -0.6010 -0.1833

PART 17
OFFSET  18.5519 -4.1679 -9.1027
X -0.3309  0.1905  0.9242
Y -0.5591  0.7495 -0.3546
Z -0.7602 -0.6340 -0.1415

PART 18
OFFSET  18.2585 -3.9990 -8.2832
X -0.4785  0.4209  0.7707
Y -0.3774  0.6939 -0.6132
Z -0.7929 -0.5843 -0.1732

PART 19
OFFSET  17.8040 -3.5992 -7.5510
X  0.7175 -0.6730 -0.1794
Y -0.0772  0.1792 -0.9808
Z  0.6922  0.7176  0.0766

PART 20
OFFSET  17.1859 -1.7757 -9.7935
X  0.8625 -0.4497 -0.2322
Y -0.1932 -0.7166  0.6702
Z -0.4678 -0.5331 -0.7050

PART 21
OFFSET  19.3463 -3.1484 -10.2482
X  0.1014 -0.6972  0.7097
Y -0.5376  0.5618  0.6288
Z -0.8371 -0.4453 -0.3179

PART 22
OFFSET  19.5189 -4.3354 -9.0400
X -0.4209  0.1662  0.8918
Y -0.3683  0.8671 -0.3355
Z -0.8290 -0.4696 -0.3037

PART 23
OFFSET  18.9356 -4.1050 -7.8041
X -0.5350  0.4860  0.6911
Y -0.1742  0.7370 -0.6531
Z -0.8267 -0.4698 -0.3096

PART 24
OFFSET  18.3554 -3.5780 -7.0546
X  0.4972 -0.8423 -0.2084
Y  0.1996  0.3447 -0.9172
Z  0.8444  0.4144  0.3395

PART 25
OFFSET  19.4354 -1.2590 -8.0789
X  0.8285 -0.5586  0.0399
Y  0.4467  0.6163 -0.6486
Z  0.3377  0.5552  0.7601

PART 26
OFFSET  20.2163 -1.3973 -9.3247
X  0.5382 -0.8419 -0.0397
Y -0.4542 -0.3295  0.8277
Z -0.7099 -0.4274 -0.5597

PART 27
OFFSET  21.1639 -2.8795 -9.3946
X -0.1414 -0.7839  0.6045
Y -0.7188  0.5012  0.4818
Z -0.6807 -0.3664 -0.6343

PART 28
OFFSET  21.0334 -3.8103 -8.6212
X -0.5225 -0.1916  0.8308
Y -0.4766  0.8736 -0.0982
Z -0.7070 -0.4473 -0.5478

PART 29
OFFSET  20.4432 -4.0268 -7.6827
X  0.4015 -0.8521 -0.3359
Y  0.4457  0.5021 -0.7411
Z  0.8001  0.1479  0.5813

PART 30
OFFSET  19.8791 -2.2287 -9.9693
X  0.2816 -0.8334  0.4755
Y -0.6273  0.2151  0.7485
Z -0.7261 -0.5090 -0.4623

PART 31
OFFSET  20.4292 -3.8568 -9.0404
X -0.4219 -0.2067  0.8828
Y -0.5081  0.8603 -0.0414
Z -0.7509 -0.4660 -0.4680

PART 32
OFFSET  19.8129 -4.1587 -7.7510
X -0.6397  0.3673  0.6752
Y -0.1032  0.8294 -0.5490
Z -0.7616 -0.4209 -0.4927

PART 33
OFFSET  19.0830 -3.7463 -6.9894
X  0.6051 -0.7845 -0.1355
Y  0.2751  0.3658 -0.8891
Z  0.7471  0.5008  0.4372

PART 34
OFFSET  18.5119 -3.2891 -8.8930
X -0.5198 -0.5436 -0.6590
Y  0.1653  0.6929 -0.7018
Z  0.8381 -0.4738 -0.2703

PART 35
OFFSET  8.2005 -2.6372 -4.3605
X  0.9912 -0.0188 -0.1312
Y  0.0209  0.9997  0.0153
Z  0.1309 -0.0179  0.9912

PART 36
OFFSET  8.2005 -2.6372 -4.3605
X  0.9912 -0.0188 -0.1312
Y  0.0209  0.9997  0.0153
Z  0.1309 -0.0179  0.9912

PART 37
OFFSET  13.7571 -3.0603 -2.7237
X  0.9936 -0.0191 -0.1110
Y  0.0209  0.9997  0.0153
Z  0.1106 -0.0175  0.9937

PART 38
OFFSET  17.0330 -2.7678 -7.9695
X  0.9912 -0.0188 -0.1312
Y  0.0209  0.9997  0.0153
Z  0.1309 -0.0179  0.9912

PART 39
OFFSET  22.3928 -3.2331 -6.9043
X  0.8882  0.3152 -0.3344
Y -0.1203 -0.5427 -0.8312
Z -0.4435  0.7785 -0.4441

PART 40
OFFSET -4.6797 -2.3574 -4.0641
X  0.9602 -0.0244  0.2782
Y  0.0209  0.9997  0.0153
Z -0.2785 -0.0088  0.9604

PART 41
OFFSET  26.7963 -2.9211 -11.3363
X -0.0209 -0.9997 -0.0153
Y  0.9912 -0.0188 -0.1312
Z  0.1309 -0.0179  0.9912

PART 42
OFFSET  12.4120 -2.7062 -4.6364
X  0.9912 -0.0188 -0.1312
Y  0.0209  0.9997  0.0153
Z  0.1309 -0.0179  0.9912

PART 43
OFFSET  31.7438 -3.0835 -6.4079
X  0.9912 -0.0188 -0.1312
Y  0.0209  0.9997  0.0153
Z  0.1309 -0.0179  0.9912

PART 44
OFFSET -11.0338 -11.5206 -5.9739
X -0.9406  0.3251 -0.0981
Y -0.2166 -0.3517  0.9107
Z  0.2616  0.8778  0.4012

PART 45
OFFSET  0.3413 -15.4527 -4.7875
X -0.2311 -0.9644  0.1290
Y  0.9715 -0.2215  0.0846
Z -0.0530  0.1448  0.9880

PART 46
OFFSET  2.3065 -7.2505 -5.8846
X -0.2311 -0.9644  0.1290
Y  0.1288 -0.1617 -0.9784
Z  0.9644 -0.2094  0.1616

PART 47
OFFSET  2.0414 -5.8861 -7.3104
X -0.2366 -0.9635  0.1255
Y  0.0393 -0.1386 -0.9896
Z  0.9708 -0.2292  0.0707

PART 48
OFFSET  1.1974 -5.2106 -6.7455
X -0.2366 -0.9635  0.1255
Y  0.0393 -0.1386 -0.9896
Z  0.9708 -0.2292  0.0707

PART 49
OFFSET  1.2870 -4.9503 -5.4049
X -0.2366 -0.9635  0.1255
Y  0.0393 -0.1386 -0.9896
Z  0.9708 -0.2292  0.0707

PART 50
OFFSET  3.0148 -4.2941 -6.2800
X -0.9834 -0.1191 -0.1367
Y  0.1554 -0.1659 -0.9738
Z  0.0934 -0.9789  0.1817

PART 51
OFFSET  3.2689 -3.6784 -5.3534
X -0.5791 -0.6591 -0.4799
Y  0.4740  0.2067 -0.8559
Z  0.6633 -0.7231  0.1927

PART 52
OFFSET  4.4343 -2.2366 -4.2431
X -0.8692 -0.3358  0.3631
Y -0.1852 -0.4597 -0.8685
Z  0.4585 -0.8222  0.3374

PART 53
OFFSET  5.7750 -1.6299 -4.9189
X -0.4186 -0.0265  0.9078
Y -0.7192 -0.6007 -0.3492
Z  0.5546 -0.7990  0.2324

PART 54
OFFSET  6.2146 -1.5545 -5.9052
X -0.8135  0.3699  0.4488
Y  0.0357  0.8020 -0.5963
Z -0.5805 -0.4690 -0.6656

PART 55
OFFSET  3.9946 -4.1731 -7.2438
X -0.9008 -0.2581  0.3493
Y  0.3268 -0.9325  0.1535
Z  0.2861  0.2524  0.9244

PART 56
OFFSET  6.0200 -3.4420 -7.9128
X -0.1173 -0.9909  0.0662
Y  0.8972 -0.1344 -0.4207
Z  0.4258  0.0101  0.9048

PART 57
OFFSET  6.1862 -2.0391 -8.0065
X  0.7212 -0.6054 -0.3366
Y  0.5674  0.7951 -0.2142
Z  0.3973 -0.0365  0.9170

PART 58
OFFSET  5.5467 -1.5023 -7.7081
X  0.8628  0.2882 -0.4154
Y -0.2696  0.9573  0.1042
Z  0.4277  0.0221  0.9036

PART 59
OFFSET  4.7270 -1.7761 -7.3134
X -0.5525 -0.8246  0.1217
Y -0.7046  0.5401  0.4602
Z -0.4452  0.1686 -0.8794

PART 60
OFFSET  4.1206 -4.1733 -6.5412
X -0.9605 -0.2263  0.1619
Y  0.2563 -0.9461  0.1982
Z  0.1083  0.2319  0.9667

PART 61
OFFSET  6.6030 -3.6412 -7.1007
X -0.1281 -0.9746  0.1838
Y  0.8908 -0.1945 -0.4107
Z  0.4360  0.1111  0.8931

PART 62
OFFSET  6.8211 -1.9820 -7.4135
X  0.8344 -0.4237 -0.3526
Y  0.3511  0.9016 -0.2525
Z  0.4249  0.0869  0.9011

PART 63
OFFSET  5.6648 -1.3948 -6.9249
X  0.7917  0.4508 -0.4122
Y -0.4440  0.8881  0.1186
Z  0.4196  0.0891  0.9033

PART 64
OFFSET  4.8061 -1.8838 -6.4778
X -0.3744 -0.8723  0.3144
Y -0.8351  0.4646  0.2945
Z -0.4030 -0.1523 -0.9025

PART 65
OFFSET -1.1595 -5.1744 -5.9280
X -0.9294 -0.3522  0.1103
Y -0.3689  0.8948 -0.2515
Z -0.0101 -0.2744 -0.9616

PART 66
OFFSET  6.7643 -4.0685 -4.9455
X -0.9995  0.0063 -0.0296
Y -0.0089 -0.9961  0.0881
Z -0.0289  0.0884  0.9957

PART 67
OFFSET  8.5241 -4.0796 -4.8934
X -0.3708 -0.9205  0.1231
Y  0.9284 -0.3640  0.0746
Z -0.0239  0.1419  0.9896

PART 68
OFFSET  8.9734 -2.9519 -4.9829
X  0.0399 -0.9967  0.0712
Y  0.9987  0.0420  0.0279
Z -0.0308  0.0700  0.9971

PART 69
OFFSET  8.9284 -1.8261 -5.0633
X -0.9232  0.3062  0.2321
Y  0.2651  0.9449 -0.1923
Z -0.2781 -0.1160 -0.9535

PART 70
OFFSET  6.8113 -4.0856 -6.0491
X -0.2519 -0.9392  0.2332
Y  0.9339 -0.2991 -0.1956
Z  0.2535  0.1686  0.9525

PART 71
OFFSET  7.3034 -2.2508 -6.5048
X  0.8096 -0.5749 -0.1182
Y  0.5163  0.7933 -0.3226
Z  0.2793  0.2002  0.9391

PART 72
OFFSET  6.1209 -1.4110 -6.3321
X  0.8516  0.3750 -0.3664
Y -0.4404  0.8908 -0.1120
Z  0.2844  0.2567  0.9237

PART 73
OFFSET  5.1541 -1.8369 -5.9238
X -0.3898 -0.8729  0.2934
Y -0.8615  0.4582  0.2186
Z -0.3253 -0.1676 -0.9307

PART 74
OFFSET  0.0000 -0.0000 -0.0000
X  1.0000 -0.0000  0.0000
Y  0.0000  1.0000  0.0000
Z  0.0000 -0.0000  1.0000

PART 75
OFFSET  0.0000 -0.0000 -0.0000
X  0.9992 -0.0000  0.0401
Y  0.0008  0.9998 -0.0203
Z -0.0401  0.0203  0.9990

PART 76
OFFSET  1.3735  0.0839  4.1933
X  0.9992 -0.0000  0.0401
Y  0.0008  0.9998 -0.0203
Z -0.0401  0.0203  0.9990


FRAME 2087
PART 0
OFFSET  0.0000 -0.0000 -0.0000
X  1.0000 -0.0000  0.0000
Y  0.0000  1.0000  0.0000
Z  0.0000 -0.0000  1.0000

PART 1
OFFSET -4.6318 -0.0000 -1.3770
X  1.0000 -0.0000  0.0000
Y  0.0000  1.0000  0.0000
Z  0.0000 -0.0000  1.0000

PART 2
OFFSET -3.5060  6.3408 -6.7125
X  0.7992 -0.3283 -0.5035
Y -0.0252 -0.8552  0.5176
Z -0.6005 -0.4010 -0.6918

PART 3
OFFSET  6.1593  2.3702 -12.8017
X  0.8975 -0.2792  0.3413
Y -0.2950  0.1951  0.9354
Z -0.3277 -0.9402  0.0927

PART 4
OFFSET  13.7932 -0.0044 -9.8987
X  0.8975 -0.2792  0.3413
Y -0.0915  0.6393  0.7635
Z -0.4314 -0.7165  0.5482

PART 5
OFFSET  15.8602  1.1247 -10.3195
X  0.9001 -0.2778  0.3355
Y  0.3295  0.9381 -0.1071
Z -0.2850  0.2070  0.9359

PART 6
OFFSET  14.8345 -1.2191 -10.6593
X  0.9001 -0.2778  0.3355
Y  0.3295  0.9381 -0.1071
Z -0.2850  0.2070  0.9359

PART 7
OFFSET  15.5487  1.0578 -8.0206
X  0.9001 -0.2778  0.3355
Y  0.3295  0.9381 -0.1071
Z -0.2850  0.2070  0.9359

PART 8
OFFSET  14.9525 -0.3953 -7.9359
X  0.9001 -0.2778  0.3355
Y  0.3295  0.9381 -0.1071
Z -0.2850  0.2070  0.9359

PART 9
OFFSET  14.3917 -1.4725 -8.4598
X  0.9001 -0.2778  0.3355
Y  0.3295  0.9381 -0.1071
Z -0.2850  0.2070  0.9359

PART 10
OFFSET  16.5448 -0.8604 -8.8524
X  0.9662 -0.2569  0.0199
Y  0.1496  0.6221  0.7685
Z -0.2098 -0.7396  0.6396

PART 11
OFFSET  17.0376 -0.6792 -7.8392
X  0.9393 -0.1159  0.3228
Y -0.0026  0.9387  0.3447
Z -0.3430 -0.3247  0.8815

PART 12
OFFSET  19.0453 -0.8537 -7.0591
X  0.9286 -0.3505 -0.1220
Y  0.3480  0.7084  0.6141
Z -0.1288 -0.6127  0.7798

PART 13
OFFSET  20.5092 -1.5303 -7.2054
X  0.9576 -0.1496  0.2461
Y  0.0213  0.8889  0.4575
Z -0.2872 -0.4329  0.8545

PART 14
OFFSET  21.5320 -1.6968 -6.8924
X  0.8958  0.3508 -0.2730
Y -0.3412  0.1492 -0.9281
Z -0.2848  0.9245  0.2533

PART 15
OFFSET  17.1598 -1.8934 -9.5291
X  0.7431 -0.6356 -0.2096
Y -0.3706 -0.6516  0.6619
Z -0.5572 -0.4142 -0.7197

PART 16
OFFSET  18.8651 -3.3410 -9.8140
X -0.0390 -0.3803  0.9240
Y -0.6371  0.7218  0.2702
Z -0.7698 -0.5782 -0.2705

PART 17
OFFSET  18.8098 -3.8794 -8.5058
X -0.3819  0.1263  0.9155
Y -0.5333  0.7789 -0.3300
Z -0.7548 -0.6143 -0.2302

PART 18
OFFSET  18.4712 -3.7674 -7.6941
X -0.5188  0.3681  0.7716
Y -0.3380  0.7407 -0.5806
Z -0.7853 -0.5620 -0.2599

PART 19
OFFSET  17.9783 -3.4177 -6.9611
X  0.7225 -0.6653 -0.1881
Y -0.0205  0.2513 -0.9677
Z  0.6910  0.7030  0.1679

PART 20
OFFSET  17.5010 -1.4332 -9.1033
X  0.8723 -0.4400 -0.2132
Y -0.2359 -0.7607  0.6047
Z -0.4282 -0.4772 -0.7674

PART 21
OFFSET  19.6772 -2.7905 -9.5281
X  0.0549 -0.7468  0.6627
Y -0.5700  0.5215  0.6349
Z -0.8198 -0.4126 -0.3971

PART 22
OFFSET  19.7707 -4.0619 -8.3998
X -0.4709  0.1053  0.8759
Y -0.3432  0.8928 -0.2918
Z -0.8127 -0.4380 -0.3843

PART 23
OFFSET  19.1181 -3.9160 -7.1859
X -0.5709  0.4378  0.6945
Y -0.1333  0.7853 -0.6046
Z -0.8101 -0.4377 -0.3900

PART 24
OFFSET  18.4989 -3.4411 -6.4327
X  0.5041 -0.8288 -0.2428
Y  0.2530  0.4105 -0.8761
Z  0.8258  0.3801  0.4166

PART 25
OFFSET  19.6484 -1.0609 -7.2280
X  0.8218 -0.5677  0.0480
Y  0.4872  0.6567 -0.5756
Z  0.2953  0.4965  0.8163

PART 26
OFFSET  20.5005 -1.1173 -8.4328
X  0.5339 -0.8428 -0.0679
Y -0.5039 -0.3817  0.7748
Z -0.6790 -0.3795 -0.6285

PART 27
OFFSET  21.4405 -2.6012 -8.5524
X -0.1837 -0.8215  0.5398
Y -0.7418  0.4761  0.4722
Z -0.6449 -0.3137 -0.6969

PART 28
OFFSET  21.2564 -3.5809 -7.8538
X -0.5734 -0.2396  0.7835
Y -0.4614  0.8846 -0.0672
Z -0.6770 -0.4000 -0.6178

PART 29
OFFSET  20.6088 -3.8515 -6.9688
X  0.4128 -0.8331 -0.3682
Y  0.4943  0.5444 -0.6777
Z  0.7651  0.0977  0.6365

PART 30
OFFSET  20.1976 -1.8975 -9.1539
X  0.2488 -0.8677  0.4303
Y -0.6691  0.1672  0.7241
Z -0.7003 -0.4680 -0.5390

PART 31
OFFSET  20.6836 -3.5927 -8.3134
X -0.4729 -0.2671  0.8397
Y -0.5015  0.8652 -0.0073
Z -0.7245 -0.4245 -0.5430

PART 32
OFFSET  19.9929 -3.9828 -7.0869
X -0.6760  0.3214  0.6631
Y -0.0688  0.8684 -0.4911
Z -0.7337 -0.3776 -0.5649

PART 33
OFFSET  19.2221 -3.6220 -6.3395
X  0.6092 -0.7770 -0.1587
Y  0.3267  0.4283 -0.8425
Z  0.7226  0.4614  0.5147

PART 34
OFFSET  18.7640 -3.0192 -8.2379
X -0.4829 -0.4904 -0.7255
Y  0.2098  0.7396 -0.6396
Z  0.8501 -0.4611 -0.2543

PART 35
OFFSET  8.2075 -2.5959 -4.2790
X  0.9971 -0.0186 -0.0743
Y  0.0251  0.9958  0.0880
Z  0.0723 -0.0897  0.9933

PART 36
OFFSET  8.2075 -2.5959 -4.2790
X  0.9971 -0.0186 -0.0743
Y  0.0251  0.9958  0.0880
Z  0.0723 -0.0897  0.9933

PART 37
OFFSET  13.6559 -3.1863 -2.3557
X  0.9983 -0.0204 -0.0539
Y  0.0251  0.9958  0.0880
Z  0.0519 -0.0893  0.9947

PART 38
OFFSET  17.2361 -2.5513 -7.3672
X  0.9971 -0.0186 -0.0743
Y  0.0251  0.9958  0.0880
Z  0.0723 -0.0897  0.9933

PART 39
OFFSET  22.5216 -3.1410 -6.0275
X  0.9079  0.3299 -0.2586
Y -0.0740 -0.4810 -0.8736
Z -0.4126  0.8123 -0.4123

PART 40
OFFSET -4.6663 -2.2182 -4.7146
X  0.9420 -0.0531  0.3313
Y  0.0251  0.9958  0.0880
Z -0.3345 -0.0746  0.9394

PART 41
OFFSET  27.1795 -2.5550 -10.1616
X -0.0251 -0.9958 -0.0880
Y  0.9971 -0.0186 -0.0743
Z  0.0723 -0.0897  0.9933

PART 42
OFFSET  12.4275 -2.6843 -4.3132
X  0.9971 -0.0186 -0.0743
Y  0.0251  0.9958  0.0880
Z  0.0723 -0.0897  0.9933

PART 43
OFFSET  31.8278 -3.1142 -4.9775
X  0.9971 -0.0186 -0.0743
Y  0.0251  0.9958  0.0880
Z  0.0723 -0.0897  0.9933

PART 44
OFFSET -11.5478 -10.9961 -6.0589
X -0.9397  0.3388 -0.0461
Y -0.1840 -0.3877  0.9033
Z  0.2881  0.8573  0.4266

PART 45
OFFSET -0.1827 -15.0931 -5.5018
X -0.2867 -0.9532  0.0959
Y  0.9579 -0.2841  0.0406
Z -0.0114  0.1035  0.9946

PART 46
OFFSET  2.2562 -6.9858 -6.3173
X -0.2867 -0.9532  0.0959
Y  0.0127 -0.1039 -0.9945
Z  0.9579 -0.2839  0.0419

PART 47
OFFSET  2.0307 -5.5454 -7.6735
X -0.2924 -0.9518  0.0927
Y -0.0018 -0.0963 -0.9953
Z  0.9563 -0.2912  0.0264

PART 48
OFFSET  1.2497 -4.8453 -7.0507
X -0.2924 -0.9518  0.0927
Y -0.0018 -0.0963 -0.9953
Z  0.9563 -0.2912  0.0264

PART 49
OFFSET  1.3992 -4.6513 -5.7043
X -0.2924 -0.9518  0.0927
Y -0.0018 -0.0963 -0.9953
Z  0.9563 -0.2912  0.0264

PART 50
OFFSET  3.1352 -4.0636 -6.6113
X -0.9743 -0.1000 -0.2019
Y  0.2116 -0.0976 -0.9725
Z  0.0775 -0.9902  0.1162

PART 51
OFFSET  3.3375 -3.5179 -5.6297
X -0.5532 -0.6178 -0.5588
Y  0.5246  0.2627 -0.8098
Z  0.6471 -0.7411  0.1787

PART 52
OFFSET  4.4429 -2.1697 -4.3530
X -0.8907 -0.3527  0.2868
Y -0.1362 -0.3949 -0.9086
Z  0.4337 -0.8483  0.3037

PART 53
OFFSET  5.8241 -1.5289 -4.9042
X -0.4714 -0.0872  0.8776
Y -0.7004 -0.5676 -0.4326
Z  0.5359 -0.8187  0.2065

PART 54
OFFSET  6.3213 -1.3875 -5.8553
X -0.8366  0.3445  0.4260
Y  0.0748  0.8421 -0.5342
Z -0.5428 -0.4150 -0.7302

PART 55
OFFSET  4.1705 -3.8834 -7.5052
X -0.9210 -0.2740  0.2768
Y  0.3124 -0.9441  0.1051
Z  0.2325  0.1833  0.9552

PART 56
OFFSET  6.2355 -3.1253 -8.0009
X -0.1261 -0.9919 -0.0119
Y  0.9197 -0.1124 -0.3763
Z  0.3719 -0.0584  0.9264

PART 57
OFFSET  6.4141 -1.7209 -7.9840
X  0.7367 -0.5866 -0.3365
Y  0.5831  0.8030 -0.1232
Z  0.3425 -0.1055  0.9336

PART 58
OFFSET  5.7609 -1.2009 -7.6856
X  0.8872  0.3090 -0.3427
Y -0.2703  0.9499  0.1567
Z  0.3740 -0.0463  0.9263

PART 59
OFFSET  4.9180 -1.4944 -7.3601
X -0.5629 -0.8260  0.0298
Y -0.7277  0.5125  0.4559
Z -0.3918  0.2349 -0.8895

PART 60
OFFSET  4.2550 -3.9348 -6.7983
X -0.9695 -0.2283  0.0890
Y  0.2394 -0.9601  0.1445
Z  0.0525  0.1614  0.9855

PART 61
OFFSET  6.7687 -3.3873 -7.1725
X -0.1437 -0.9840  0.1057
Y  0.9124 -0.1731 -0.3710
Z  0.3833  0.0431  0.9226

PART 62
OFFSET  7.0133 -1.7121 -7.3525
X  0.8515 -0.4052 -0.3328
Y  0.3700  0.9140 -0.1663
Z  0.3716  0.0185  0.9282

PART 63
OFFSET  5.8332 -1.1505 -6.8912
X  0.8169  0.4717 -0.3320
Y -0.4456  0.8815  0.1559
Z  0.3662  0.0206  0.9303

PART 64
OFFSET  4.9473 -1.6621 -6.5311
X -0.3967 -0.8890  0.2287
Y -0.8486  0.4502  0.2779
Z -0.3500 -0.0838 -0.9330

PART 65
OFFSET -1.0571 -4.9279 -6.5671
X -0.9361 -0.3505  0.0304
Y -0.3489  0.9138 -0.2078
Z  0.0451 -0.2051 -0.9777

PART 66
OFFSET  6.8008 -3.9685 -5.0478
X -0.9960  0.0177 -0.0873
Y -0.0191 -0.9997  0.0159
Z -0.0870  0.0175  0.9961

PART 67
OFFSET  8.5544 -3.9996 -4.8942
X -0.3821 -0.9235  0.0350
Y  0.9205 -0.3770  0.1023
Z -0.0813  0.0713  0.9941

PART 68
OFFSET  9.0140 -2.8726 -4.8763
X  0.0305 -0.9995  0.0018
Y  0.9956  0.0306  0.0890
Z -0.0890 -0.0009  0.9960

PART 69
OFFSET  8.9795 -1.7437 -4.8783
X -0.9337  0.2975  0.1992
Y  0.2808  0.9536 -0.1083
Z -0.2222 -0.0452 -0.9740

PART 70
OFFSET  6.9125 -3.9074 -6.1452
X -0.2700 -0.9511  0.1503
Y  0.9423 -0.2931 -0.1618
Z  0.1979  0.0979  0.9753

PART 71
OFFSET  7.4400 -2.0494 -6.4387
X  0.8122 -0.5726 -0.1117
Y  0.5384  0.8095 -0.2343
Z  0.2246  0.1302  0.9657

PART 72
OFFSET  6.2536 -1.2131 -6.2756
X  0.8735  0.3922 -0.2883
Y -0.4285  0.9005 -0.0733
Z  0.2309  0.1876  0.9547

PART 73
OFFSET  5.2624 -1.6580 -5.9558
X -0.4109 -0.8879  0.2069
Y -0.8705  0.4495  0.2003
Z -0.2708 -0.0978 -0.9576

PART 74
OFFSET  0.0000 -0.0000 -0.0000
X  1.0000 -0.0000  0.0000
Y  0.0000  1.0000  0.0000
Z  0.0000 -0.0000  1.0000

PART 75
OFFSET -0.0000 -0.0000 -0.0000
X  1.0000 -0.0000 -0.0052
Y  0.0003  0.9988  0.0495
Z  0.0052 -0.0495  0.9988

PART 76
OFFSET  1.5618 -0.2048  4.1227
X  1.0000 -0.0000 -0.0052
Y  0.0003  0.9988  0.0495
Z  0.0052 -0.0495  0.9988


FRAME 2088
PART 0
OFFSET  0.0000 -0.0000 -0.0000
X  1.0000 -0.0000  0.0000
Y  0.0000  1.0000  0.0000
Z  0.0000 -0.0000  1.0000

PART 1
OFFSET -4.6318 -0.0000 -1.3770
X  1.0000 -0.0000  0.0000
Y  0.0000  1.0000  0.0000
Z  0.0000 -0.0000  1.0000

PART 2
OFFSET -3.5060  6.3408 -6.7125
X  0.8314 -0.3156 -0.4573
Y -0.0327 -0.8494  0.5267
Z -0.5547 -0.4229 -0.7166

PART 3
OFFSET  6.5491  2.5238 -12.2431
X  0.8934 -0.2593  0.3668
Y -0.3243  0.1926  0.9261
Z -0.3108 -0.9464  0.0879

PART 4
OFFSET  14.1481  0.3182 -9.1232
X  0.8934 -0.2593  0.3668
Y -0.1581  0.5827  0.7971
Z -0.4205 -0.7702  0.4796

PART 5
OFFSET  16.2021  1.4880 -9.4927
X  0.8962 -0.2579  0.3611
Y  0.3130  0.9442 -0.1023
Z -0.3146  0.2047  0.9269

PART 6
OFFSET  15.2344 -0.8776 -9.8499
X  0.8962 -0.2579  0.3611
Y  0.3130  0.9442 -0.1023
Z -0.3146  0.2047  0.9269

PART 7
OFFSET  15.8296  1.4235 -7.2028
X  0.8962 -0.2579  0.3611
Y  0.3130  0.9442 -0.1023
Z -0.3146  0.2047  0.9269

PART 8
OFFSET  15.2611 -0.0412 -7.1279
X  0.8962 -0.2579  0.3611
Y  0.3130  0.9442 -0.1023
Z -0.3146  0.2047  0.9269

PART 9
OFFSET  14.7371 -1.1317 -7.6622
X  0.8962 -0.2579  0.3611
Y  0.3130  0.9442 -0.1023
Z -0.3146  0.2047  0.9269

PART 10
OFFSET  16.8870 -0.4768 -7.9987
X  0.9638 -0.2569  0.0720
Y  0.0887  0.5633  0.8215
Z -0.2516 -0.7853  0.5657

PART 11
OFFSET  17.3029 -0.3712 -6.9413
X  0.9146 -0.1382  0.3801
Y -0.0334  0.9109  0.4114
Z -0.4030 -0.3889  0.8284

PART 12
OFFSET  19.2507 -0.6001 -6.0339
X  0.9378 -0.3382 -0.0791
Y  0.2970  0.6625  0.6876
Z -0.1801 -0.6683  0.7217

PART 13
OFFSET  20.7267 -1.2604 -6.1219
X  0.9383 -0.1599  0.3066
Y -0.0242  0.8541  0.5195
Z -0.3449 -0.4949  0.7976

PART 14
OFFSET  21.7252 -1.4414 -5.7450
X  0.9092  0.3759 -0.1789
Y -0.2726  0.2126 -0.9384
Z -0.3147  0.9019  0.2958

PART 15
OFFSET  17.5567 -1.4561 -8.7030
X  0.7604 -0.6177 -0.2005
Y -0.4148 -0.6995  0.5819
Z -0.4997 -0.3593 -0.7881

PART 16
OFFSET  19.2872 -2.8774 -8.9675
X -0.1057 -0.4468  0.8884
Y -0.6587  0.7007  0.2741
Z -0.7450 -0.5562 -0.3683

PART 17
OFFSET  19.1376 -3.5100 -7.7097
X -0.4475  0.0566  0.8925
Y -0.5125  0.8016 -0.3077
Z -0.7329 -0.5951 -0.3297

PART 18
OFFSET  18.7408 -3.4599 -6.9184
X -0.5747  0.3079  0.7582
Y -0.2999  0.7828 -0.5452
Z -0.7614 -0.5408 -0.3575

PART 19
OFFSET  18.1948 -3.1674 -6.1981
X  0.7380 -0.6487 -0.1860
Y  0.0472  0.3245 -0.9447
Z  0.6732  0.6884  0.2701

PART 20
OFFSET  17.8628 -1.0286 -8.2203
X  0.8884 -0.4222 -0.1803
Y -0.2749 -0.8038  0.5275
Z -0.3676 -0.4190 -0.8302

PART 21
OFFSET  20.0727 -2.3490 -8.5825
X  0.0098 -0.7940  0.6078
Y -0.6178  0.4732  0.6281
Z -0.7863 -0.3816 -0.4859

PART 22
OFFSET  20.0893 -3.7008 -7.5477
X -0.5339  0.0385  0.8447
Y -0.3262  0.9122 -0.2478
Z -0.7801 -0.4079 -0.4745

PART 23
OFFSET  19.3494 -3.6474 -6.3771
X -0.6222  0.3818  0.6834
Y -0.0950  0.8297 -0.5500
Z -0.7771 -0.4072 -0.4800

PART 24
OFFSET  18.6745 -3.2334 -5.6358
X  0.5259 -0.8068 -0.2694
Y  0.3122  0.4777 -0.8212
Z  0.7912  0.3477  0.5031

PART 25
OFFSET  19.8641 -0.7952 -6.1691
X  0.8197 -0.5690  0.0662
Y  0.5240  0.6982 -0.4878
Z  0.2313  0.4345  0.8704

PART 26
OFFSET  20.8028 -0.7610 -7.3087
X  0.5414 -0.8359 -0.0903
Y -0.5573 -0.4372  0.7059
Z -0.6295 -0.3318 -0.7026

PART 27
OFFSET  21.7560 -2.2327 -7.4677
X -0.2205 -0.8577  0.4644
Y -0.7761  0.4427  0.4491
Z -0.5908 -0.2614 -0.7633

PART 28
OFFSET  21.5238 -3.2596 -6.8568
X -0.6297 -0.2924  0.7197
Y -0.4568  0.8888 -0.0386
Z -0.6284 -0.3530 -0.6932

PART 29
OFFSET  20.8125 -3.5898 -6.0438
X  0.4406 -0.8064 -0.3944
Y  0.5424  0.5892 -0.5988
Z  0.7153  0.0499  0.6970

PART 30
OFFSET  20.5586 -1.4856 -8.1061
X  0.2219 -0.8972  0.3820
Y -0.7215  0.1125  0.6832
Z -0.6559 -0.4272 -0.6223

PART 31
OFFSET  20.9920 -3.2382 -7.3599
X -0.5305 -0.3310  0.7804
Y -0.5061  0.8622  0.0217
Z -0.6800 -0.3835 -0.6249

PART 32
OFFSET  20.2172 -3.7218 -6.2200
X -0.7246  0.2679  0.6349
Y -0.0403  0.9033 -0.4271
Z -0.6880 -0.3351 -0.6438

PART 33
OFFSET  19.3917 -3.4214 -5.5051
X  0.6254 -0.7609 -0.1729
Y  0.3831  0.4924 -0.7815
Z  0.6798  0.4225  0.5995

PART 34
OFFSET  19.0687 -2.6736 -7.3841
X -0.4252 -0.4354 -0.7935
Y  0.2516  0.7853 -0.5657
Z  0.8694 -0.4402 -0.2244

PART 35
OFFSET  8.2473 -2.5551 -4.1944
X  0.9999 -0.0122 -0.0017
Y  0.0123  0.9865  0.1633
Z -0.0003 -0.1633  0.9866

PART 36
OFFSET  8.2473 -2.5551 -4.1944
X  0.9999 -0.0122 -0.0017
Y  0.0123  0.9865  0.1633
Z -0.0003 -0.1633  0.9866

PART 37
OFFSET  13.5432 -3.2826 -1.9235
X  0.9997 -0.0155  0.0185
Y  0.0123  0.9865  0.1633
Z -0.0208 -0.1630  0.9864

PART 38
OFFSET  17.4780 -2.2731 -6.5962
X  0.9999 -0.0122 -0.0017
Y  0.0123  0.9865  0.1633
Z -0.0003 -0.1633  0.9866

PART 39
OFFSET  22.6543 -2.9566 -4.9176
X  0.9223  0.3490 -0.1657
Y -0.0066 -0.4147 -0.9100
Z -0.3863  0.8404 -0.3802

PART 40
OFFSET -4.5618 -2.1568 -5.5494
X  0.9155 -0.0768  0.3950
Y  0.0123  0.9865  0.1633
Z -0.4022 -0.1447  0.9040

PART 41
OFFSET  27.5998 -2.0604 -8.6419
X -0.0123 -0.9865 -0.1633
Y  0.9999 -0.0122 -0.0017
Z -0.0003 -0.1633  0.9866

PART 42
OFFSET  12.4588 -2.6372 -3.9236
X  0.9999 -0.0122 -0.0017
Y  0.0123  0.9865  0.1633
Z -0.0003 -0.1633  0.9866

PART 43
OFFSET  31.8578 -3.0002 -3.1848
X  0.9999 -0.0122 -0.0017
Y  0.0123  0.9865  0.1633
Z -0.0003 -0.1633  0.9866

PART 44
OFFSET -12.3053 -10.2232 -6.1842
X -0.9330  0.3577  0.0383
Y -0.1421 -0.4642  0.8743
Z  0.3305  0.8103  0.4839

PART 45
OFFSET -1.0211 -14.5493 -6.6471
X -0.3794 -0.9247  0.0302
Y  0.9241 -0.3804 -0.0376
Z  0.0462  0.0137  0.9988

PART 46
OFFSET  2.2063 -6.6842 -6.9043
X -0.3794 -0.9247  0.0302
Y  0.0226 -0.0419 -0.9989
Z  0.9249 -0.3783  0.0368

PART 47
OFFSET  2.0682 -5.1117 -8.1180
X -0.3850 -0.9225  0.0275
Y -0.0587 -0.0052 -0.9983
Z  0.9210 -0.3860 -0.0522

PART 48
OFFSET  1.3943 -4.3967 -7.3951
X -0.3850 -0.9225  0.0275
Y -0.0587 -0.0052 -0.9983
Z  0.9210 -0.3860 -0.0522

PART 49
OFFSET  1.6265 -4.3411 -6.0475
X -0.3850 -0.9225  0.0275
Y -0.0587 -0.0052 -0.9983
Z  0.9210 -0.3860 -0.0522

PART 50
OFFSET  3.3695 -3.8493 -6.9971
X -0.9561 -0.0855 -0.2801
Y  0.2831 -0.0247 -0.9588
Z  0.0750 -0.9960  0.0478

PART 51
OFFSET  3.4957 -3.3781 -5.9655
X -0.5067 -0.5749 -0.6424
Y  0.5810  0.3228 -0.7472
Z  0.6369 -0.7518  0.1705

PART 52
OFFSET  4.4957 -2.1278 -4.5141
X -0.9071 -0.3738  0.1933
Y -0.0665 -0.3263 -0.9429
Z  0.4156 -0.8682  0.2711

PART 53
OFFSET  5.9096 -1.4466 -4.9128
X -0.5341 -0.1527  0.8315
Y -0.6631 -0.5344 -0.5241
Z  0.5244 -0.8313  0.1842

PART 54
OFFSET  6.4744 -1.2343 -5.8115
X -0.8678  0.3111  0.3875
Y  0.1085  0.8796 -0.4632
Z -0.4850 -0.3599 -0.7970

PART 55
OFFSET  4.4666 -3.6021 -7.7963
X -0.9371 -0.2946  0.1870
Y  0.3098 -0.9491  0.0575
Z  0.1605  0.1118  0.9807

PART 56
OFFSET  6.5576 -2.8075 -8.0806
X -0.1186 -0.9884 -0.0948
Y  0.9455 -0.0833 -0.3147
Z  0.3032 -0.1269  0.9444

PART 57
OFFSET  6.7256 -1.4081 -7.9465
X  0.7631 -0.5592 -0.3238
Y  0.5855  0.8104 -0.0199
Z  0.2736 -0.1744  0.9459

PART 58
OFFSET  6.0489 -0.9123 -7.6593
X  0.9080  0.3344 -0.2525
Y -0.2871  0.9354  0.2064
Z  0.3052 -0.1149  0.9453

PART 59
OFFSET  5.1863 -1.2300 -7.4195
X -0.5584 -0.8264 -0.0732
Y -0.7625  0.4765  0.4377
Z -0.3268  0.3002 -0.8961

PART 60
OFFSET  4.4992 -3.7060 -7.0908
X -0.9720 -0.2352  0.0001
Y  0.2342 -0.9680  0.0901
Z -0.0211  0.0876  0.9959

PART 61
OFFSET  7.0301 -3.1301 -7.2369
X -0.1448 -0.9892  0.0215
Y  0.9383 -0.1442 -0.3144
Z  0.3142 -0.0254  0.9490

PART 62
OFFSET  7.2767 -1.4459 -7.2735
X  0.8762 -0.3786 -0.2983
Y  0.3754  0.9242 -0.0703
Z  0.3022 -0.0504  0.9519

PART 63
OFFSET  6.0624 -0.9212 -6.8602
X  0.8361  0.4958 -0.2349
Y -0.4615  0.8671  0.1876
Z  0.2967 -0.0484  0.9538

PART 64
OFFSET  5.1556 -1.4589 -6.6054
X -0.4068 -0.9039  0.1322
Y -0.8696  0.4275  0.2472
Z -0.2799 -0.0144 -0.9599

PART 65
OFFSET -0.8091 -4.7179 -7.3266
X -0.9335 -0.3526 -0.0649
Y -0.3385  0.9265 -0.1646
Z  0.1181 -0.1317 -0.9842

PART 66
OFFSET  6.9096 -3.8679 -5.1646
X -0.9870  0.0233 -0.1590
Y -0.0139 -0.9981 -0.0598
Z -0.1600 -0.0568  0.9855

PART 67
OFFSET  8.6474 -3.9089 -4.8848
X -0.3778 -0.9238 -0.0619
Y  0.9129 -0.3828  0.1417
Z -0.1546 -0.0030  0.9880

PART 68
OFFSET  9.0972 -2.7860 -4.7495
X  0.0367 -0.9969 -0.0701
Y  0.9861  0.0247  0.1643
Z -0.1620 -0.0752  0.9839

PART 69
OFFSET  9.0558 -1.6600 -4.6702
X -0.9477  0.2811  0.1513
Y  0.2819  0.9593 -0.0162
Z -0.1497  0.0273 -0.9884

PART 70
OFFSET  7.1013 -3.7251 -6.2432
X -0.2743 -0.9598  0.0589
Y  0.9535 -0.2794 -0.1131
Z  0.1251  0.0252  0.9918

PART 71
OFFSET  7.6372 -1.8500 -6.3583
X  0.8218 -0.5620 -0.0937
Y  0.5490  0.8251 -0.1332
Z  0.1522  0.0581  0.9866

PART 72
OFFSET  6.4368 -1.0291 -6.2215
X  0.8899  0.4133 -0.1932
Y -0.4277  0.9032 -0.0377
Z  0.1589  0.1162  0.9804

PART 73
OFFSET  5.4275 -1.4975 -6.0097
X -0.4193 -0.9012  0.1096
Y -0.8857  0.4326  0.1683
Z -0.1991 -0.0265 -0.9796

PART 74
OFFSET  0.0000 -0.0000 -0.0000
X  1.0000 -0.0000  0.0000
Y  0.0000  1.0000  0.0000
Z  0.0000 -0.0000  1.0000

PART 75
OFFSET -0.0000 -0.0000 -0.0000
X  0.9994 -0.0000 -0.0349
Y  0.0030  0.9964  0.0847
Z  0.0348 -0.0848  0.9958

PART 76
OFFSET  1.6833 -0.3506  4.0646
X  0.9994 -0.0000 -0.0349
Y  0.0030  0.9964  0.0847
Z  0.0348 -0.0848  0.9958


FRAME 2089
PART 0
OFFSET  0.0000 -0.0000 -0.0000
X  1.0000 -0.0000  0.0000
Y  0.0000  1.0000  0.0000
Z  0.0000 -0.0000  1.0000

PART 1
OFFSET -4.6318 -0.0000 -1.3770
X  1.0000 -0.0000  0.0000
Y  0.0000  1.0000  0.0000
Z  0.0000 -0.0000  1.0000

PART 2
OFFSET -3.5060  6.3408 -6.7125
X  0.8512 -0.3045 -0.4275
Y -0.0416 -0.8511  0.5233
Z -0.5232 -0.4276 -0.7372

PART 3
OFFSET  6.7884  2.6587 -11.8827
X  0.8891 -0.2530  0.3814
Y -0.3436  0.1816  0.9214
Z -0.3024 -0.9503  0.0745

PART 4
OFFSET  14.3505  0.5068 -8.6383
X  0.8891 -0.2530  0.3814
Y -0.1924  0.5496  0.8130
Z -0.4153 -0.7962  0.4400

PART 5
OFFSET  16.3986  1.7010 -8.9597
X  0.8919 -0.2515  0.3758
Y  0.3048  0.9483 -0.0888
Z -0.3340  0.1938  0.9224

PART 6
OFFSET  15.4628 -0.6716 -9.3539
X  0.8919 -0.2515  0.3758
Y  0.3048  0.9483 -0.0888
Z -0.3340  0.1938  0.9224

PART 7
OFFSET  15.9839  1.6138 -6.6778
X  0.8919 -0.2515  0.3758
Y  0.3048  0.9483 -0.0888
Z -0.3340  0.1938  0.9224

PART 8
OFFSET  15.4297  0.1427 -6.6254
X  0.8919 -0.2515  0.3758
Y  0.3048  0.9483 -0.0888
Z -0.3340  0.1938  0.9224

PART 9
OFFSET  14.9273 -0.9488 -7.1781
X  0.8919 -0.2515  0.3758
Y  0.3048  0.9483 -0.0888
Z -0.3340  0.1938  0.9224

PART 10
OFFSET  17.0761 -0.2688 -7.4689
X  0.9609 -0.2556  0.1062
Y  0.0474  0.5301  0.8466
Z -0.2727 -0.8085  0.5215

PART 11
