// Export filename: `C:\projects\cod\t5\xanim_export\t5_viewmodels\ak47\ak47_flame_putaway_quick.XANIM_EXPORT`
// Source filename: `D:\projects\devanim\t5\animation_assets\viewmodels\ak47\ViewModel_AK47_FlameThrower_animated.fbx`
// Export time: Sat Jun 05 16:32:20 2010

ANIMATION
VERSION 3

NUMPARTS 81
PART 0 "tag_ads"
PART 1 "tag_torso"
PART 2 "J_Shoulder_LE"
PART 3 "J_Elbow_LE"
PART 4 "J_WristTwist_LE"
PART 5 "J_Sleave_Reshape_Bottom_LE_1"
PART 6 "J_Sleave_Reshape_Bottom_LE_2"
PART 7 "J_Sleave_Reshape_Top_LE_1"
PART 8 "J_Sleave_Reshape_Top_LE_2"
PART 9 "J_Sleave_Reshape_Top_LE_3"
PART 10 "J_Wrist_LE"
PART 11 "J_Thumb_LE_0"
PART 12 "J_Thumb_LE_1"
PART 13 "J_Thumb_LE_2"
PART 14 "J_Thumb_LE_3"
PART 15 "J_PinkyPalm_LE"
PART 16 "J_Pinky_LE_0"
PART 17 "J_Pinky_LE_1"
PART 18 "J_Pinky_LE_2"
PART 19 "J_Pinky_LE_3"
PART 20 "J_RingPalm_LE"
PART 21 "J_Ring_LE_0"
PART 22 "J_Ring_LE_1"
PART 23 "J_Ring_LE_2"
PART 24 "J_Ring_LE_3"
PART 25 "J_Webbing_LE"
PART 26 "J_Index_LE_0"
PART 27 "J_Index_LE_1"
PART 28 "J_Index_LE_2"
PART 29 "J_Index_LE_3"
PART 30 "J_Mid_LE_0"
PART 31 "J_Mid_LE_1"
PART 32 "J_Mid_LE_2"
PART 33 "J_Mid_LE_3"
PART 34 "tag_knife_attach"
PART 35 "tag_weapon"
PART 36 "J_Gun"
PART 37 "J_bolt"
PART 38 "TAG_CLIP"
PART 39 "TAG_FLASH"
PART 40 "tag_flame_unit"
PART 41 "tag_flamer_big_nozel"
PART 42 "tag_flamer_bracket"
PART 43 "tag_flamer_bottle"
PART 44 "tag_flamer_button"
PART 45 "tag_flamer_ring"
PART 46 "tag_flamer_flame"
PART 47 "tag_flamer_pilot_light"
PART 48 "J_Shoulder_RI"
PART 49 "J_Elbow_RI"
PART 50 "J_WristTwist_RI"
PART 51 "J_Sleave_Reshape_Top_RI_3"
PART 52 "J_Sleave_Reshape_Top_RI_2"
PART 53 "J_Sleave_Reshape_Top_RI_1"
PART 54 "J_Wrist_RI"
PART 55 "J_Thumb_RI_0"
PART 56 "J_Thumb_RI_1"
PART 57 "J_Thumb_RI_2"
PART 58 "J_Thumb_RI_3"
PART 59 "J_PinkyPalm_RI"
PART 60 "J_Pinky_RI_0"
PART 61 "J_Pinky_RI_1"
PART 62 "J_Pinky_RI_2"
PART 63 "J_Pinky_RI_3"
PART 64 "J_RingPalm_RI"
PART 65 "J_Ring_RI_0"
PART 66 "J_Ring_RI_1"
PART 67 "J_Ring_RI_2"
PART 68 "J_Ring_RI_3"
PART 69 "J_Webbing_RI"
PART 70 "J_Index_RI_0"
PART 71 "J_Index_RI_1"
PART 72 "J_Index_RI_2"
PART 73 "J_Index_RI_3"
PART 74 "J_Mid_RI_0"
PART 75 "J_Mid_RI_1"
PART 76 "J_Mid_RI_2"
PART 77 "J_Mid_RI_3"
PART 78 "tag_cambone"
PART 79 "tag_camera"
PART 80 "tag_gasmask"

FRAMERATE 30
NUMFRAMES 11

FRAME 200
PART 0
OFFSET -4.6318 -0.0000 -1.3770
X  1.0000 -0.0000  0.0000
Y  0.0000  1.0000  0.0000
Z  0.0000 -0.0000  1.0000

PART 1
OFFSET -4.6318 -0.0000 -1.3770
X  1.0000 -0.0000  0.0000
Y  0.0000  1.0000  0.0000
Z  0.0000 -0.0000  1.0000

PART 2
OFFSET -3.5060  6.3408 -6.7125
X  0.8925 -0.1858 -0.4109
Y -0.1421 -0.9806  0.1347
Z -0.4280 -0.0618 -0.9017

PART 3
OFFSET  7.2882  4.0942 -11.6824
X  0.8286 -0.4519  0.3304
Y -0.4445 -0.1724  0.8791
Z -0.3403 -0.8753 -0.3437

PART 4
OFFSET  14.3362  0.2506 -8.8724
X  0.8286 -0.4519  0.3304
Y  0.0730  0.6724  0.7366
Z -0.5550 -0.5863  0.5901

PART 5
OFFSET  16.4463  1.3108 -8.4884
X  0.8322 -0.4485  0.3261
Y  0.3444  0.8789  0.3301
Z -0.4346 -0.1624  0.8858

PART 6
OFFSET  15.4861 -0.6304 -9.8920
X  0.8322 -0.4485  0.3261
Y  0.3444  0.8789  0.3301
Z -0.4346 -0.1624  0.8858

PART 7
OFFSET  15.7609  0.3589 -6.4859
X  0.8322 -0.4485  0.3261
Y  0.3444  0.8789  0.3301
Z -0.4346 -0.1624  0.8858

PART 8
OFFSET  15.1560 -0.9644 -7.0834
X  0.8322 -0.4485  0.3261
Y  0.3444  0.8789  0.3301
Z -0.4346 -0.1624  0.8858

PART 9
OFFSET  14.6871 -1.7048 -8.0740
X  0.8322 -0.4485  0.3261
Y  0.3444  0.8789  0.3301
Z -0.4346 -0.1624  0.8858

PART 10
OFFSET  16.8765 -1.1348 -7.8596
X  0.9667 -0.2298  0.1127
Y  0.0805  0.6910  0.7184
Z -0.2430 -0.6854  0.6864

PART 11
OFFSET  17.2893 -0.8528 -6.8338
X  0.9184 -0.0615  0.3909
Y -0.0432  0.9664  0.2535
Z -0.3933 -0.2497  0.8848

PART 12
OFFSET  19.2449 -0.9030 -5.9157
X  0.9437 -0.3298 -0.0251
Y  0.2857  0.7745  0.5643
Z -0.1667 -0.5398  0.8252

PART 13
OFFSET  20.7327 -1.5421 -5.8976
X  0.9406 -0.0697  0.3324
Y -0.0586  0.9308  0.3609
Z -0.3345 -0.3589  0.8713

PART 14
OFFSET  21.7335 -1.6180 -5.4921
X  0.8971  0.3709 -0.2400
Y -0.2715  0.0344 -0.9618
Z -0.3485  0.9280  0.1315

PART 15
OFFSET  17.5592 -2.2076 -8.3948
X  0.7680 -0.6332 -0.0962
Y -0.4096 -0.6010  0.6863
Z -0.4924 -0.4877 -0.7209

PART 16
OFFSET  19.3063 -3.6330 -8.4217
X -0.1061 -0.2919  0.9505
Y -0.6634  0.7329  0.1510
Z -0.7407 -0.6146 -0.2714

PART 17
OFFSET  19.1561 -4.0463 -7.0760
X -0.4439  0.1933  0.8750
Y -0.5218  0.7381 -0.4278
Z -0.7285 -0.6464 -0.2268

PART 18
OFFSET  18.7625 -3.8749 -6.3002
X -0.5733  0.4170  0.7053
Y -0.3118  0.6850 -0.6584
Z -0.7577 -0.5974 -0.2627

PART 19
OFFSET  18.2178 -3.4787 -5.6301
X  0.7438 -0.6626 -0.0881
Y  0.0378  0.1733 -0.9841
Z  0.6673  0.7287  0.1539

PART 20
OFFSET  17.8593 -1.7033 -7.9884
X  0.8938 -0.4350 -0.1092
Y -0.2660 -0.7102  0.6518
Z -0.3611 -0.5535 -0.7505

PART 21
OFFSET  20.0851 -3.0391 -8.1291
X  0.0148 -0.6837  0.7296
Y -0.6220  0.5650  0.5421
Z -0.7829 -0.4618 -0.4169

PART 22
OFFSET  20.1103 -4.2031 -6.8869
X -0.5330  0.1666  0.8295
Y -0.3361  0.8580 -0.3883
Z -0.7765 -0.4858 -0.4014

PART 23
OFFSET  19.3716 -3.9722 -5.7373
X -0.6242  0.4724  0.6223
Y -0.1102  0.7353 -0.6687
Z -0.7735 -0.4860 -0.4069

PART 24
OFFSET  18.6946 -3.4599 -5.0624
X  0.5363 -0.8310 -0.1479
Y  0.3008  0.3519 -0.8864
Z  0.7886  0.4309  0.4387

PART 25
OFFSET  19.8541 -1.1135 -6.0036
X  0.8264 -0.5404  0.1580
Y  0.5163  0.6155 -0.5955
Z  0.2246  0.5737  0.7877

PART 26
OFFSET  20.7943 -1.2544 -7.1338
X  0.5468 -0.8358  0.0493
Y -0.5539 -0.3169  0.7699
Z -0.6279 -0.4483 -0.6362

PART 27
OFFSET  21.7570 -2.7259 -7.0470
X -0.2216 -0.7651  0.6046
Y -0.7769  0.5132  0.3647
Z -0.5893 -0.3889 -0.7081

PART 28
OFFSET  21.5234 -3.6324 -6.2689
X -0.6341 -0.1587  0.7568
Y -0.4525  0.8698 -0.1967
Z -0.6270 -0.4672 -0.6233

PART 29
OFFSET  20.8072 -3.8117 -5.4141
X  0.4385 -0.8649 -0.2441
Y  0.5477  0.4725 -0.6905
Z  0.7126  0.1691  0.6809

PART 30
OFFSET  20.5603 -2.1024 -7.8020
X  0.2318 -0.8198  0.5236
Y -0.7237  0.2144  0.6560
Z -0.6500 -0.5310 -0.5436

PART 31
OFFSET  21.0131 -3.7039 -6.7791
X -0.5233 -0.2120  0.8254
Y -0.5206  0.8464 -0.1127
Z -0.6747 -0.4886 -0.5532

PART 32
OFFSET  20.2488 -4.0136 -5.5735
X -0.7276  0.3501  0.5899
Y -0.0590  0.8248 -0.5623
Z -0.6834 -0.4440 -0.5795

PART 33
OFFSET  19.4199 -3.6208 -4.9091
X  0.6393 -0.7669 -0.0561
Y  0.3711  0.3716 -0.8510
Z  0.6735  0.5232  0.5222

PART 34
OFFSET  19.0838 -3.1747 -6.8952
X -0.4185 -0.5643 -0.7116
Y  0.2430  0.6854 -0.6864
Z  0.8751 -0.4602 -0.1498

PART 35
OFFSET  8.2563 -2.6698 -4.5431
X  1.0000 -0.0000  0.0000
Y  0.0000  1.0000  0.0000
Z  0.0000 -0.0000  1.0000

PART 36
OFFSET  8.2563 -2.6698 -4.5431
X  1.0000 -0.0000  0.0000
Y  0.0000  1.0000  0.0000
Z  0.0000 -0.0000  1.0000

PART 37
OFFSET  13.5569 -2.9515 -2.1857
X  0.9998 -0.0000  0.0204
Y  0.0000  1.0000 -0.0000
Z -0.0204  0.0000  0.9998

PART 38
OFFSET  12.4681 -2.6548 -4.2640
X  1.0000 -0.0000  0.0000
Y  0.0000  1.0000  0.0000
Z  0.0000 -0.0000  1.0000

PART 39
OFFSET  31.8688 -2.6540 -3.4824
X  1.0000 -0.0000  0.0000
Y  0.0000  1.0000  0.0000
Z  0.0000 -0.0000  1.0000

PART 40
OFFSET  7.5063 -2.6698 -6.8357
X  1.0000 -0.0000  0.0000
Y  0.0000  1.0000  0.0000
Z  0.0000 -0.0000  1.0000

PART 41
OFFSET  33.8969 -2.5276 -6.1996
X  0.0000  1.0000  0.0000
Y -1.0000  0.0000  0.0000
Z  0.0000 -0.0000  1.0000

PART 42
OFFSET  22.1140 -3.0231 -5.7976
X -0.3819 -0.0000  0.9242
Y -0.9242  0.0000 -0.3819
Z -0.0000 -1.0000 -0.0000

PART 43
OFFSET  22.1140 -3.0231 -5.7976
X  0.0000  1.0000  0.0000
Y -1.0000  0.0000  0.0000
Z  0.0000 -0.0000  1.0000

PART 44
OFFSET  21.7077 -2.7332 -6.2840
X  0.0000  1.0000  0.0000
Y -1.0000  0.0000  0.0000
Z  0.0000 -0.0000  1.0000

PART 45
OFFSET  21.7077 -1.3332 -6.2840
X  0.0000  0.8512 -0.5249
Y -1.0000  0.0000  0.0000
Z  0.0000  0.5249  0.8512

PART 46
OFFSET  31.5899 -2.5362 -6.0183
X  1.0000 -0.0000 -0.0000
Y  0.0000  1.0000  0.0000
Z  0.0000 -0.0000  1.0000

PART 47
OFFSET  30.9061 -1.1440 -6.7923
X  0.7965 -0.4529  0.4006
Y  0.6040  0.5638 -0.5634
Z  0.0293  0.6907  0.7226

PART 48
OFFSET -17.6076 -4.8127 -7.0611
X -0.8933  0.0570  0.4458
Y -0.2146 -0.9256 -0.3117
Z  0.3949 -0.3741  0.8391

PART 49
OFFSET -6.8040 -5.5017 -12.4528
X -0.8818 -0.0897 -0.4630
Y  0.4713 -0.1330 -0.8719
Z  0.0166 -0.9871  0.1595

PART 50
OFFSET  0.6961 -4.7390 -8.5146
X -0.8818 -0.0897 -0.4630
Y  0.4716 -0.1611 -0.8670
Z  0.0031 -0.9829  0.1844

PART 51
OFFSET  1.6239 -3.3379 -7.4464
X -0.8846 -0.0859 -0.4583
Y -0.0209  0.9892 -0.1452
Z  0.4659 -0.1189 -0.8768

PART 52
OFFSET  1.5393 -3.8724 -6.3533
X -0.8846 -0.0859 -0.4583
Y -0.0209  0.9892 -0.1452
Z  0.4659 -0.1189 -0.8768

PART 53
OFFSET  1.7163 -5.2227 -6.2157
X -0.8846 -0.0859 -0.4583
Y -0.0209  0.9892 -0.1452
Z  0.4659 -0.1189 -0.8768

PART 54
OFFSET  3.3994 -4.4641 -7.0951
X -0.9546 -0.1418 -0.2621
Y  0.2850 -0.1775 -0.9420
Z  0.0871 -0.9739  0.2098

PART 55
OFFSET  3.5180 -3.8292 -6.1544
X -0.4986 -0.6783 -0.5397
Y  0.5783  0.2035 -0.7900
Z  0.6457 -0.7060  0.2908

PART 56
OFFSET  4.5003 -2.3465 -4.9270
X -0.9028 -0.3483  0.2521
Y -0.0610 -0.4767 -0.8770
Z  0.4256 -0.8071  0.4091

PART 57
OFFSET  5.9065 -1.7222 -5.4322
X -0.5336 -0.0214  0.8455
Y -0.6557 -0.6209 -0.4295
Z  0.5342 -0.7836  0.3173

PART 58
OFFSET  6.4702 -1.6527 -6.3537
X -0.8721  0.3596  0.3318
Y  0.0986  0.7934 -0.6007
Z -0.4792 -0.4912 -0.7274

PART 59
OFFSET  4.4947 -4.3373 -7.9244
X -0.9338 -0.2716  0.2329
Y  0.3213 -0.9230  0.2116
Z  0.1575  0.2724  0.9492

PART 60
OFFSET  6.5764 -3.5742 -8.3354
X -0.1064 -0.9920  0.0680
Y  0.9470 -0.1219 -0.2972
Z  0.3031  0.0328  0.9524

PART 61
OFFSET  6.7270 -2.1698 -8.4316
X  0.7704 -0.5952 -0.2284
Y  0.5756  0.8034 -0.1522
Z  0.2741 -0.0142  0.9616

PART 62
OFFSET  6.0439 -1.6420 -8.2291
X  0.9043  0.2998 -0.3040
Y -0.2988  0.9530  0.0509
Z  0.3049  0.0448  0.9513

PART 63
OFFSET  5.1848 -1.9269 -7.9403
X -0.5482 -0.8340  0.0630
Y -0.7690  0.5322  0.3543
Z -0.3290  0.1458 -0.9330

PART 64
OFFSET  4.5274 -4.3242 -7.2114
X -0.9690 -0.2439  0.0388
Y  0.2458 -0.9373  0.2469
Z -0.0239  0.2488  0.9683

PART 65
OFFSET  7.0513 -3.7488 -7.4505
X -0.1328 -0.9741  0.1828
Y  0.9405 -0.1821 -0.2870
Z  0.3128  0.1338  0.9403

PART 66
OFFSET  7.2774 -2.0903 -7.7617
X  0.8812 -0.4114 -0.2327
Y  0.3642  0.9048 -0.2204
Z  0.3012  0.1095  0.9472

PART 67
OFFSET  6.0561 -1.5201 -7.4392
X  0.8304  0.4610 -0.3130
Y -0.4723  0.8804  0.0436
Z  0.2956  0.1116  0.9488

PART 68
OFFSET  5.1555 -2.0201 -7.0997
X -0.3960 -0.8751  0.2782
Y -0.8751  0.4514  0.1743
Z -0.2781 -0.1744 -0.9446

PART 69
OFFSET -0.7678 -5.4262 -7.2769
X -0.9291 -0.3699 -0.0061
Y -0.3495  0.8829 -0.3136
Z  0.1213 -0.2892 -0.9496

PART 70
OFFSET  6.9363 -4.1397 -5.2854
X -0.9870 -0.0151 -0.1603
Y -0.0017 -0.9946  0.1040
Z -0.1610  0.1029  0.9816

PART 71
OFFSET  8.6740 -4.1131 -5.0032
X -0.3664 -0.9261  0.0899
Y  0.9173 -0.3433  0.2020
Z -0.1562  0.1565  0.9753

PART 72
OFFSET  9.1099 -2.9777 -5.0533
X  0.0489 -0.9944  0.0936
Y  0.9855  0.0633  0.1577
Z -0.1627  0.0845  0.9830

PART 73
OFFSET  9.0547 -1.8545 -5.1590
X -0.9513  0.2903  0.1037
Y  0.2703  0.9472 -0.1728
Z -0.1484 -0.1363 -0.9795

PART 74
OFFSET  7.1281 -4.1726 -6.3729
X -0.2627 -0.9406  0.2150
Y  0.9570 -0.2824 -0.0663
Z  0.1231  0.1883  0.9744

PART 75
OFFSET  7.6413 -2.3351 -6.7929
X  0.8288 -0.5596 -0.0009
Y  0.5392  0.7990 -0.2664
Z  0.1498  0.2203  0.9639

PART 76
OFFSET  6.4307 -1.5177 -6.7917
X  0.8851  0.3871 -0.2584
Y -0.4386  0.8795 -0.1846
Z  0.1558  0.2767  0.9482

PART 77
OFFSET  5.4269 -1.9575 -6.5058
X -0.4085 -0.8763  0.2554
Y -0.8912  0.4434  0.0957
Z -0.1971 -0.1885 -0.9621

PART 78
OFFSET  0.0000 -0.0000 -0.0000
X  1.0000 -0.0000  0.0000
Y  0.0000  1.0000  0.0000
Z  0.0000 -0.0000  1.0000

PART 79
OFFSET  0.0000 -0.0000 -0.0000
X  1.0000 -0.0000  0.0000
Y  0.0000  1.0000  0.0000
Z  0.0000 -0.0000  1.0000

PART 80
OFFSET  1.5404 -0.0000  4.1357
X  1.0000 -0.0000  0.0000
Y  0.0000  1.0000  0.0000
Z  0.0000 -0.0000  1.0000


FRAME 201
PART 0
OFFSET -4.6318 -0.0000 -1.3770
X  1.0000 -0.0000  0.0000
Y  0.0000  1.0000  0.0000
Z  0.0000 -0.0000  1.0000

PART 1
OFFSET -4.6318 -0.0000 -1.3770
X  1.0000 -0.0000  0.0000
Y  0.0000  1.0000  0.0000
Z  0.0000 -0.0000  1.0000

PART 2
OFFSET -3.5060  6.3408 -6.7125
X  0.8749 -0.1404 -0.4635
Y -0.0829 -0.9864  0.1423
Z -0.4772 -0.0861 -0.8746

PART 3
OFFSET  7.0750  4.6432 -12.3182
X  0.8140 -0.4288  0.3918
Y -0.4884 -0.1400  0.8613
Z -0.3145 -0.8925 -0.3234

PART 4
OFFSET  13.9985  0.9963 -8.9853
X  0.8140 -0.4288  0.3918
Y -0.1078  0.5514  0.8272
Z -0.5708 -0.7156  0.4026

PART 5
OFFSET  16.0766  2.0941 -8.5377
X  0.8177 -0.4255  0.3876
Y  0.3192  0.8956  0.3098
Z -0.4790 -0.1296  0.8682

PART 6
OFFSET  15.2075  0.0855 -9.9055
X  0.8177 -0.4255  0.3876
Y  0.3192  0.8956  0.3098
Z -0.4790 -0.1296  0.8682

PART 7
OFFSET  15.2954  1.2199 -6.5348
X  0.8177 -0.4255  0.3876
Y  0.3192  0.8956  0.3098
Z -0.4790 -0.1296  0.8682

PART 8
OFFSET  14.7338 -0.1337 -7.1061
X  0.8177 -0.4255  0.3876
Y  0.3192  0.8956  0.3098
Z -0.4790 -0.1296  0.8682

PART 9
OFFSET  14.3236 -0.9199 -8.0874
X  0.8177 -0.4255  0.3876
Y  0.3192  0.8956  0.3098
Z -0.4790 -0.1296  0.8682

PART 10
OFFSET  16.4939 -0.3182 -7.7840
X  0.9512 -0.2571  0.1706
Y  0.0002  0.5534  0.8329
Z -0.3085 -0.7922  0.5265

PART 11
OFFSET  16.7954 -0.2251 -6.6874
X  0.7012 -0.2269  0.6759
Y -0.1185  0.8977  0.4243
Z -0.7030 -0.3777  0.6026

PART 12
OFFSET  18.2576 -0.6461 -5.1530
X  0.8825 -0.3455  0.3192
Y -0.0123  0.6613  0.7500
Z -0.4702 -0.6658  0.5793

PART 13
OFFSET  19.6302 -1.3179 -4.6175
X  0.7187 -0.1505  0.6788
Y -0.2460  0.8581  0.4507
Z -0.6503 -0.4909  0.5797

PART 14
OFFSET  20.3735 -1.4886 -3.8493
X  0.8976  0.3811  0.2216
Y  0.1526  0.2030 -0.9672
Z -0.4135  0.9020  0.1241

PART 15
OFFSET  17.2363 -1.2885 -8.4251
X  0.7807 -0.5829 -0.2255
Y -0.4278 -0.7614  0.4871
Z -0.4556 -0.2838 -0.8438

PART 16
OFFSET  19.0042 -2.6501 -8.7491
X  0.2631 -0.7874  0.5575
Y -0.6664  0.2695  0.6951
Z -0.6976 -0.5544 -0.4539

PART 17
OFFSET  19.3766 -3.7649 -7.9598
X -0.1013 -0.5149  0.8512
Y -0.7383  0.6124  0.2826
Z -0.6668 -0.5999 -0.4422

PART 18
OFFSET  19.2868 -4.2215 -7.2051
X -0.2837 -0.3330  0.8992
Y -0.6404  0.7638  0.0807
Z -0.7137 -0.5530 -0.4300

PART 19
OFFSET  19.0172 -4.5378 -6.3508
X  0.7223 -0.1448 -0.6763
Y -0.3911  0.7210 -0.5720
Z  0.5704  0.6777  0.4641

PART 20
OFFSET  17.4887 -0.8666 -7.9076
X  0.9033 -0.4194 -0.0903
Y -0.3277 -0.8103  0.4858
Z -0.2769 -0.4093 -0.8694

PART 21
OFFSET  19.7718 -2.0913 -8.1226
X  0.3762 -0.8930  0.2470
Y -0.6438 -0.0603  0.7628
Z -0.6663 -0.4460 -0.5976

PART 22
OFFSET  20.4123 -3.6116 -7.7021
X -0.2608 -0.6006  0.7558
Y -0.7142  0.6469  0.2675
Z -0.6496 -0.4700 -0.5976

PART 23
OFFSET  20.0508 -4.4439 -6.6545
X -0.4315 -0.4267  0.7948
Y -0.6270  0.7754  0.0759
Z -0.6486 -0.4656 -0.6021

PART 24
OFFSET  19.5829 -4.9067 -5.7925
X  0.6798 -0.1162 -0.7242
Y -0.2379  0.8990 -0.3676
Z  0.6938  0.4221  0.5835

PART 25
OFFSET  19.2612 -0.6566 -5.6536
X  0.8092 -0.5692  0.1458
Y  0.5714  0.7043 -0.4213
Z  0.1371  0.4242  0.8951

PART 26
OFFSET  20.3152 -0.6082 -6.6869
X  0.7207 -0.6906 -0.0605
Y -0.5372 -0.6114  0.5811
Z -0.4383 -0.3863 -0.8116

PART 27
OFFSET  21.5841 -1.8241 -6.7934
X  0.1399 -0.9532  0.2681
Y -0.8969 -0.0073  0.4422
Z -0.4195 -0.3023 -0.8559

PART 28
OFFSET  21.7796 -2.9646 -6.4155
X -0.2600 -0.7984  0.5431
Y -0.8706  0.4371  0.2259
Z -0.4177 -0.4141 -0.8087

PART 29
OFFSET  21.4860 -3.8664 -5.8020
X  0.7530 -0.2512 -0.6082
Y  0.0412  0.9404 -0.3374
Z  0.6567  0.2291  0.7185

PART 30
OFFSET  20.1582 -1.3232 -7.5142
X  0.5034 -0.8490  0.1605
Y -0.6577 -0.2560  0.7085
Z -0.5604 -0.4622 -0.6872

PART 31
OFFSET  21.1416 -2.9818 -7.2006
X -0.0817 -0.8074  0.5843
Y -0.7983  0.4040  0.4466
Z -0.5967 -0.4300 -0.6776

PART 32
OFFSET  21.0223 -4.1612 -6.3472
X -0.3821 -0.5978  0.7048
Y -0.6763  0.7006  0.2276
Z -0.6298 -0.3896 -0.6719

PART 33
OFFSET  20.5857 -4.8415 -5.5539
X  0.7651  0.0358 -0.6429
Y -0.3178  0.8893 -0.3288
Z  0.5600  0.4559  0.6918

PART 34
OFFSET  18.6026 -2.5208 -6.9681
X -0.3380 -0.4261 -0.8392
Y  0.3085  0.7922 -0.5265
Z  0.8891 -0.4369 -0.1363

PART 35
OFFSET  8.0608 -2.8324 -4.2414
X  0.9988 -0.0458 -0.0165
Y  0.0465  0.9978  0.0475
Z  0.0143 -0.0482  0.9987

PART 36
OFFSET  8.0608 -2.8324 -4.2414
X  0.9988 -0.0458 -0.0165
Y  0.0465  0.9978  0.0475
Z  0.0143 -0.0482  0.9987

PART 37
OFFSET  13.3757 -3.4698 -1.9878
X  0.9989 -0.0468  0.0039
Y  0.0465  0.9978  0.0475
Z -0.0061 -0.0473  0.9989

PART 38
OFFSET  12.2723 -3.0237 -4.0315
X  0.9988 -0.0458 -0.0165
Y  0.0465  0.9978  0.0475
Z  0.0143 -0.0482  0.9987

PART 39
OFFSET  31.6613 -3.9487 -3.5711
X  0.9988 -0.0458 -0.0165
Y  0.0465  0.9978  0.0475
Z  0.0143 -0.0482  0.9987

PART 40
OFFSET  7.2790 -2.6876 -6.5187
X  0.9988 -0.0458 -0.0165
Y  0.0465  0.9978  0.0475
Z  0.0143 -0.0482  0.9987

PART 41
OFFSET  33.6540 -3.7844 -6.3124
X  0.0465  0.9978  0.0475
Y -0.9988  0.0458  0.0165
Z  0.0143 -0.0482  0.9987

PART 42
OFFSET  21.8677 -3.7588 -5.7399
X -0.3683 -0.0271  0.9293
Y -0.9286  0.0607 -0.3662
Z -0.0465 -0.9978 -0.0475

PART 43
OFFSET  21.8677 -3.7588 -5.7399
X  0.0465  0.9978  0.0475
Y -0.9988  0.0458  0.0165
Z  0.0143 -0.0482  0.9987

PART 44
OFFSET  21.4685 -3.4275 -6.2052
X  0.0465  0.9978  0.0475
Y -0.9988  0.0458  0.0165
Z  0.0143 -0.0482  0.9987

PART 45
OFFSET  21.5336 -2.0306 -6.1387
X  0.0454  0.9987 -0.0238
Y -0.9988  0.0458  0.0165
Z  0.0176  0.0231  0.9996

PART 46
OFFSET  31.3519 -3.6961 -6.0937
X  0.9988 -0.0458 -0.0165
Y  0.0465  0.9978  0.0475
Z  0.0143 -0.0482  0.9987

PART 47
OFFSET  30.7226 -2.2384 -6.7892
X  0.7802 -0.5077  0.3655
Y  0.6214  0.5620 -0.5459
Z  0.0717  0.6530  0.7540

PART 48
OFFSET -17.6076 -4.8127 -7.0611
X -0.8884  0.0563  0.4556
Y -0.2136 -0.9292 -0.3017
Z  0.4063 -0.3654  0.8375

PART 49
OFFSET -6.8630 -5.4933 -12.5705
X -0.8601 -0.1051 -0.4991
Y  0.5095 -0.1323 -0.8502
Z  0.0233 -0.9856  0.1673

PART 50
OFFSET  0.4528 -4.5996 -8.3253
X -0.8601 -0.1051 -0.4991
Y  0.5097 -0.1380 -0.8492
Z  0.0204 -0.9848  0.1722

PART 51
OFFSET  1.3155 -3.1785 -7.2293
X -0.8632 -0.1013 -0.4946
Y -0.0282  0.9878 -0.1532
Z  0.5041 -0.1183 -0.8555

PART 52
OFFSET  1.1921 -3.7067 -6.1368
X -0.8632 -0.1013 -0.4946
Y -0.0282  0.9878 -0.1532
Z  0.5041 -0.1183 -0.8555

PART 53
OFFSET  1.3815 -5.0535 -5.9820
X -0.8632 -0.1013 -0.4946
Y -0.0282  0.9878 -0.1532
Z  0.5041 -0.1183 -0.8555

PART 54
OFFSET  3.0897 -4.2774 -6.7952
X -0.9638 -0.0851 -0.2527
Y  0.2629 -0.1447 -0.9539
Z  0.0447 -0.9858  0.1619

PART 55
OFFSET  3.2512 -3.6947 -5.8274
X -0.5373 -0.6280 -0.5630
Y  0.5758  0.2147 -0.7889
Z  0.6163 -0.7480  0.2462

PART 56
OFFSET  4.3189 -2.3194 -4.5474
X -0.9144 -0.3184  0.2502
Y -0.0956 -0.4305 -0.8975
Z  0.3934 -0.8446  0.3632

PART 57
OFFSET  5.7452 -1.7365 -5.0455
X -0.5219 -0.0377  0.8522
Y -0.6899 -0.5688 -0.4477
Z  0.5016 -0.8216  0.2708

PART 58
OFFSET  6.2983 -1.6485 -5.9718
X -0.8496  0.3827  0.3628
Y  0.1268  0.8161 -0.5639
Z -0.5119 -0.4331 -0.7419

PART 59
OFFSET  4.1778 -4.1611 -7.6355
X -0.9420 -0.2395  0.2351
Y  0.2810 -0.9459  0.1622
Z  0.1836  0.2188  0.9583

PART 60
OFFSET  6.2866 -3.4751 -8.0441
X -0.1514 -0.9882  0.0226
Y  0.9360 -0.1507 -0.3183
Z  0.3179 -0.0271  0.9477

PART 61
OFFSET  6.5010 -2.0760 -8.0760
X  0.7386 -0.6182 -0.2691
Y  0.6101  0.7827 -0.1234
Z  0.2869 -0.0731  0.9552

PART 62
OFFSET  5.8462 -1.5280 -7.8373
X  0.9128  0.2724 -0.3043
Y -0.2534  0.9621  0.1010
Z  0.3203 -0.0151  0.9472

PART 63
OFFSET  4.9790 -1.7868 -7.5483
X -0.5854 -0.8101  0.0323
Y -0.7382  0.5491  0.3918
Z -0.3351  0.2055 -0.9195

PART 64
OFFSET  4.2212 -4.1838 -6.9233
X -0.9787 -0.2009  0.0432
Y  0.2055 -0.9584  0.1980
Z  0.0016  0.2027  0.9792

PART 65
OFFSET  6.7655 -3.7137 -7.1764
X -0.1753 -0.9747  0.1385
Y  0.9268 -0.2109 -0.3108
Z  0.3322  0.0739  0.9403

PART 66
OFFSET  7.0641 -2.0543 -7.4122
X  0.8577 -0.4396 -0.2665
Y  0.4027  0.8968 -0.1832
Z  0.3195  0.0498  0.9463

PART 67
OFFSET  5.8753 -1.4450 -7.0429
X  0.8464  0.4370 -0.3044
Y -0.4302  0.8979  0.0932
Z  0.3141  0.0521  0.9480

PART 68
OFFSET  4.9574 -1.9190 -6.7127
X -0.4323 -0.8684  0.2428
Y -0.8506  0.4821  0.2100
Z -0.2994 -0.1158 -0.9471

PART 69
OFFSET -1.1199 -5.0378 -6.9537
X -0.9452 -0.3262 -0.0083
Y -0.3125  0.9121 -0.2654
Z  0.0942 -0.2483 -0.9641

PART 70
OFFSET  6.6634 -4.2028 -5.0308
X -0.9888  0.0378 -0.1445
Y -0.0464 -0.9973  0.0567
Z -0.1420  0.0627  0.9879

PART 71
OFFSET  8.4043 -4.2695 -4.7764
X -0.4078 -0.9116  0.0518
Y  0.9031 -0.3943  0.1703
Z -0.1348  0.1163  0.9840

PART 72
OFFSET  8.8918 -3.1542 -4.7796
X  0.0039 -0.9990  0.0454
Y  0.9895  0.0105  0.1442
Z -0.1446  0.0444  0.9885

PART 73
OFFSET  8.8874 -2.0258 -4.8310
X -0.9352  0.3282  0.1331
Y  0.3115  0.9410 -0.1320
Z -0.1685 -0.0820 -0.9823

PART 74
OFFSET  6.8379 -4.1921 -6.1216
X -0.3031 -0.9369  0.1744
Y  0.9418 -0.3224 -0.0954
Z  0.1456  0.1353  0.9800

PART 75
OFFSET  7.4299 -2.3618 -6.4623
X  0.8018 -0.5962 -0.0412
Y  0.5719  0.7854 -0.2370
Z  0.1736  0.1665  0.9706

PART 76
OFFSET  6.2589 -1.4909 -6.4022
X  0.8984  0.3582 -0.2543
Y -0.3998  0.9066 -0.1353
Z  0.1821  0.2232  0.9576

PART 77
OFFSET  5.2399 -1.8976 -6.1211
X -0.4451 -0.8680  0.2202
Y -0.8682  0.4786  0.1313
Z -0.2194 -0.1327 -0.9666

PART 78
OFFSET  0.0000 -0.0000 -0.0000
X  1.0000 -0.0000  0.0000
Y  0.0000  1.0000  0.0000
Z  0.0000 -0.0000  1.0000

PART 79
OFFSET  0.0000 -0.0000 -0.0000
X  1.0000 -0.0000  0.0000
Y  0.0000  1.0000  0.0000
Z  0.0000 -0.0000  1.0000

PART 80
OFFSET  1.5404 -0.0000  4.1357
X  1.0000 -0.0000  0.0000
Y  0.0000  1.0000  0.0000
Z  0.0000 -0.0000  1.0000


FRAME 202
PART 0
OFFSET -4.6318 -0.0000 -1.3770
X  1.0000 -0.0000  0.0000
Y  0.0000  1.0000  0.0000
Z  0.0000 -0.0000  1.0000

PART 1
OFFSET -4.6318 -0.0000 -1.3770
X  1.0000 -0.0000  0.0000
Y  0.0000  1.0000  0.0000
Z  0.0000 -0.0000  1.0000

PART 2
OFFSET -3.5060  6.3408 -6.7125
X  0.8315 -0.0271 -0.5549
Y  0.0302 -0.9951  0.0938
Z -0.5547 -0.0948 -0.8266

PART 3
OFFSET  6.5502  6.0136 -13.4228
X  0.7814 -0.4017  0.4776
Y -0.5688 -0.1436  0.8099
Z -0.2568 -0.9044 -0.3407

PART 4
OFFSET  13.1962  2.5970 -9.3609
X  0.7814 -0.4017  0.4776
Y -0.3884  0.2859  0.8760
Z -0.4884 -0.8700  0.0673

PART 5
OFFSET  15.1892  3.7567 -8.7225
X  0.7854 -0.3984  0.4737
Y  0.2628  0.9075  0.3276
Z -0.5604 -0.1329  0.8175

PART 6
OFFSET  14.5153  1.7094 -10.1421
X  0.7854 -0.3984  0.4737
Y  0.2628  0.9075  0.3276
Z -0.5604 -0.1329  0.8175

PART 7
OFFSET  14.2335  2.8842 -6.7960
X  0.7854 -0.3984  0.4737
Y  0.2628  0.9075  0.3276
Z -0.5604 -0.1329  0.8175

PART 8
OFFSET  13.7680  1.5092 -7.4016
X  0.7854 -0.3984  0.4737
Y  0.2628  0.9075  0.3276
Z -0.5604 -0.1329  0.8175

PART 9
OFFSET  13.4795  0.7008 -8.4079
X  0.7854 -0.3984  0.4737
Y  0.2628  0.9075  0.3276
Z -0.5604 -0.1329  0.8175

PART 10
OFFSET  15.5917  1.3655 -7.8968
X  0.9116 -0.3119  0.2680
Y -0.1911  0.2557  0.9477
Z -0.3641 -0.9151  0.1735

PART 11
OFFSET  15.6678  1.0963 -6.7905
X  0.3253 -0.5715  0.7534
Y -0.2500  0.7164  0.6514
Z -0.9120 -0.4002  0.0902

PART 12
OFFSET  16.2941 -0.0878 -5.0947
X  0.6028 -0.5480  0.5799
Y -0.3708  0.4511  0.8118
Z -0.7065 -0.7044  0.0687

PART 13
OFFSET  17.2103 -1.0782 -4.1993
X  0.2875 -0.4265  0.8576
Y -0.4212  0.7478  0.5131
Z -0.8602 -0.5088  0.0353

PART 14
OFFSET  17.4746 -1.5500 -3.2616
X  0.6780  0.1661  0.7161
Y  0.6134  0.4089 -0.6756
Z -0.4050  0.8973  0.1754

PART 15
OFFSET  16.4941  0.6428 -8.6497
X  0.8588 -0.4055 -0.3130
Y -0.3925 -0.9136  0.1065
Z -0.3291  0.0314 -0.9438

PART 16
OFFSET  18.4236 -0.3848 -9.2024
X  0.7316 -0.6542 -0.1918
Y -0.3987 -0.6387  0.6581
Z -0.5530 -0.4050 -0.7281

PART 17
OFFSET  19.4594 -1.3111 -9.4739
X  0.4833 -0.8611  0.1577
Y -0.7148 -0.2842  0.6390
Z -0.5054 -0.4216 -0.7529

PART 18
OFFSET  19.8879 -2.0746 -9.3341
X  0.3288 -0.8990  0.2892
Y -0.7632 -0.0725  0.6421
Z -0.5563 -0.4319 -0.7099

PART 19
OFFSET  20.2003 -2.9286 -9.0593
X  0.3081  0.7956 -0.5217
Y -0.8580  0.4692  0.2089
Z  0.4110  0.3832  0.8272

PART 20
OFFSET  16.6184  0.8720 -7.9852
X  0.9240 -0.3808 -0.0350
Y -0.3739 -0.9188  0.1262
Z -0.0802 -0.1036 -0.9914

PART 21
OFFSET  19.0089 -0.1382 -8.1383
X  0.8207 -0.5108 -0.2562
Y -0.3682 -0.8156  0.4464
Z -0.4369 -0.2720 -0.8574

PART 22
OFFSET  20.4061 -1.0078 -8.5744
X  0.4133 -0.9057  0.0946
Y -0.8127 -0.3200  0.4869
Z -0.4107 -0.2781 -0.8683

PART 23
OFFSET  20.9789 -2.2630 -8.4433
X  0.3475 -0.9292  0.1262
Y -0.8413 -0.2495  0.4795
Z -0.4141 -0.2728 -0.8684

PART 24
OFFSET  21.3557 -3.2707 -8.3064
X  0.1755  0.8904 -0.4201
Y -0.8698  0.3401  0.3574
Z  0.4611  0.3026  0.8342

PART 25
OFFSET  17.9032  0.3197 -5.4730
X  0.7934 -0.5973  0.1171
Y  0.6055  0.7942 -0.0510
Z -0.0626  0.1114  0.9918

PART 26
OFFSET  19.1348  0.6833 -6.2023
X  0.9040 -0.4248 -0.0480
Y -0.4107 -0.8940  0.1791
Z -0.1190 -0.1421 -0.9827

PART 27
OFFSET  20.7264 -0.0647 -6.2869
X  0.6634 -0.7466 -0.0488
Y -0.7361 -0.6630  0.1364
Z -0.1342 -0.0545 -0.9895

PART 28
OFFSET  21.5411 -0.9691 -6.2861
X  0.5414 -0.8354  0.0950
Y -0.8380 -0.5269  0.1422
Z -0.0687 -0.1566 -0.9853

PART 29
OFFSET  22.1526 -1.9127 -6.1788
X  0.5609  0.7035 -0.4364
Y -0.7529  0.6527  0.0845
Z  0.3443  0.2812  0.8958

PART 30
OFFSET  19.1796  0.2750 -7.2278
X  0.8354 -0.5135 -0.1959
Y -0.4114 -0.8206  0.3967
Z -0.3645 -0.2509 -0.8968

PART 31
OFFSET  20.8117 -0.7282 -7.6105
X  0.6467 -0.7579 -0.0861
Y -0.6441 -0.6030  0.4706
Z -0.4086 -0.2489 -0.8781

PART 32
OFFSET  21.7562 -1.8352 -7.7362
X  0.6033 -0.7932 -0.0835
Y -0.6555 -0.5527  0.5147
Z -0.4544 -0.2557 -0.8533

PART 33
OFFSET  22.4367 -2.7349 -7.8373
X -0.0149  0.9776 -0.2101
Y -0.9213  0.0682  0.3828
Z  0.3885  0.1993  0.8996

PART 34
OFFSET  17.6113 -1.0123 -7.4165
X -0.1450 -0.1283 -0.9811
Y  0.3641  0.9151 -0.1735
Z  0.9200 -0.3823 -0.0860

PART 35
OFFSET  7.6103 -3.3820 -3.8599
X  0.9905 -0.1276 -0.0511
Y  0.1333  0.9826  0.1293
Z  0.0337 -0.1349  0.9903

PART 36
OFFSET  7.6103 -3.3820 -3.8599
X  0.9905 -0.1276 -0.0511
Y  0.1333  0.9826  0.1293
Z  0.0337 -0.1349  0.9903

PART 37
OFFSET  12.9024 -4.6534 -1.8326
X  0.9910 -0.1304 -0.0309
Y  0.1333  0.9826  0.1293
Z  0.0135 -0.1323  0.9911

PART 38
OFFSET  11.7935 -3.9425 -3.7968
X  0.9905 -0.1276 -0.0511
Y  0.1333  0.9826  0.1293
Z  0.0337 -0.1349  0.9903

PART 39
OFFSET  31.0364 -6.5234 -4.0141
X  0.9905 -0.1276 -0.0511
Y  0.1333  0.9826  0.1293
Z  0.0337 -0.1349  0.9903

PART 40
OFFSET  6.7902 -2.9770 -6.0919
X  0.9905 -0.1276 -0.0511
Y  0.1333  0.9826  0.1293
Z  0.0337 -0.1349  0.9903

PART 41
OFFSET  32.9705 -6.2914 -6.7922
X  0.1333  0.9826  0.1293
Y -0.9905  0.1276  0.0511
Z  0.0337 -0.1349  0.9903

PART 42
OFFSET  21.2470 -5.3286 -5.8560
X -0.3471 -0.0760  0.9347
Y -0.9283  0.1695 -0.3310
Z -0.1333 -0.9826 -0.1293

PART 43
OFFSET  21.2470 -5.3286 -5.8560
X  0.1333  0.9826  0.1293
Y -0.9905  0.1276  0.0511
Z  0.0337 -0.1349  0.9903

PART 44
OFFSET  20.8669 -4.9262 -6.2795
X  0.1333  0.9826  0.1293
Y -0.9905  0.1276  0.0511
Z  0.0337 -0.1349  0.9903

PART 45
OFFSET  21.0535 -3.5506 -6.0984
X  0.1154  0.5698  0.8136
Y -0.9905  0.1276  0.0511
Z -0.0747 -0.8118  0.5791

PART 46
OFFSET  30.6904 -6.0298 -6.4959
X  0.9905 -0.1276 -0.0511
Y  0.1333  0.9826  0.1293
Z  0.0337 -0.1349  0.9903

PART 47
OFFSET  30.1725 -4.4701 -7.0473
X  0.7421 -0.6007  0.2975
Y  0.6544  0.5529 -0.5158
Z  0.1454  0.5774  0.8034

PART 48
OFFSET -17.6076 -4.8127 -7.0611
X -0.8759  0.0600  0.4788
Y -0.2240 -0.9294 -0.2933
Z  0.4274 -0.3642  0.8275

PART 49
OFFSET -7.0150 -5.5379 -12.8519
X -0.8201 -0.1173 -0.5601
Y  0.5717 -0.1249 -0.8109
Z  0.0252 -0.9852  0.1694

PART 50
OFFSET -0.0399 -4.5404 -8.0880
X -0.8201 -0.1173 -0.5601
Y  0.5714 -0.1140 -0.8127
Z  0.0315 -0.9865  0.1605

PART 51
OFFSET  0.7207 -3.1073 -6.9336
X -0.8235 -0.1136 -0.5558
Y -0.0311  0.9873 -0.1557
Z  0.5664 -0.1109 -0.8166

PART 52
OFFSET  0.5259 -3.6374 -5.8525
X -0.8235 -0.1136 -0.5558
Y -0.0311  0.9873 -0.1557
Z  0.5664 -0.1109 -0.8166

PART 53
OFFSET  0.7228 -4.9814 -5.6831
X -0.8235 -0.1136 -0.5558
Y -0.0311  0.9873 -0.1557
Z  0.5664 -0.1109 -0.8166

PART 54
OFFSET  2.4742 -4.1809 -6.3709
X -0.9732  0.0179 -0.2291
Y  0.2269 -0.0837 -0.9703
Z -0.0365 -0.9963  0.0774

PART 55
OFFSET  2.7081 -3.6991 -5.3633
X -0.6025 -0.5300 -0.5967
Y  0.5733  0.2328 -0.7856
Z  0.5553 -0.8154  0.1636

PART 56
OFFSET  3.9201 -2.5331 -4.0063
X -0.9322 -0.2610  0.2507
Y -0.1535 -0.3423 -0.9270
Z  0.3278 -0.9026  0.2790

PART 57
OFFSET  5.3791 -2.0311 -4.4976
X -0.5029 -0.0670  0.8618
Y -0.7467 -0.4685 -0.4722
Z  0.4354 -0.8809  0.1856

PART 58
OFFSET  5.9157 -1.9103 -5.4300
X -0.8047  0.4199  0.4196
Y  0.1831  0.8480 -0.4973
Z -0.5647 -0.3233 -0.7594

PART 59
OFFSET  3.5481 -4.0842 -7.2317
X -0.9533 -0.1791  0.2432
Y  0.2023 -0.9765  0.0737
Z  0.2243  0.1195  0.9672

PART 60
OFFSET  5.6979 -3.5446 -7.6464
X -0.2353 -0.9703 -0.0555
Y  0.9117 -0.2006 -0.3585
Z  0.3367 -0.1350  0.9319

PART 61
OFFSET  6.0310 -2.1708 -7.5677
X  0.6761 -0.6524 -0.3425
Y  0.6721  0.7365 -0.0762
Z  0.3020 -0.1787  0.9364

PART 62
OFFSET  5.4316 -1.5924 -7.2640
X  0.9254  0.2202 -0.3085
Y -0.1672  0.9676  0.1889
Z  0.3401 -0.1233  0.9323

PART 63
OFFSET  4.5524 -1.8016 -6.9710
X -0.6520 -0.7580 -0.0175
Y -0.6788  0.5732  0.4590
Z -0.3379  0.3111 -0.8883

PART 64
OFFSET  3.6063 -4.1717 -6.5257
X -0.9910 -0.1212  0.0564
Y  0.1269 -0.9857  0.1107
Z  0.0422  0.1169  0.9923

PART 65
OFFSET  6.1749 -3.8962 -6.8170
X -0.2552 -0.9649  0.0618
Y  0.8976 -0.2602 -0.3558
Z  0.3594 -0.0353  0.9325

PART 66
OFFSET  6.6094 -2.2534 -6.9222
X  0.8102 -0.4853 -0.3287
Y  0.4740  0.8724 -0.1198
Z  0.3449 -0.0587  0.9368

PART 67
OFFSET  5.4865 -1.5808 -6.4667
X  0.8734  0.3892 -0.2928
Y -0.3490  0.9194  0.1812
Z  0.3397 -0.0561  0.9389

PART 68
OFFSET  4.5393 -2.0029 -6.1491
X -0.4995 -0.8469  0.1825
Y -0.8008  0.5317  0.2757
Z -0.3306 -0.0085 -0.9437

PART 69
OFFSET -1.7877 -4.5698 -6.4625
X -0.9697 -0.2440 -0.0064
Y -0.2390  0.9545 -0.1784
Z  0.0496 -0.1715 -0.9839

PART 70
OFFSET  6.0818 -4.5577 -4.7176
X -0.9850  0.1328 -0.1103
Y -0.1307 -0.9911 -0.0256
Z -0.1127 -0.0108  0.9936

PART 71
OFFSET  7.8161 -4.7914 -4.5235
X -0.4833 -0.8754 -0.0120
Y  0.8696 -0.4816  0.1087
Z -0.1010  0.0421  0.9940

PART 72
OFFSET  8.3975 -3.7247 -4.4486
X -0.0810 -0.9960 -0.0384
Y  0.9899 -0.0849  0.1140
Z -0.1168 -0.0288  0.9927

PART 73
OFFSET  8.4889 -2.5997 -4.4051
X -0.9001  0.3927  0.1888
Y  0.3881  0.9195 -0.0624
Z -0.1981  0.0172 -0.9800

PART 74
OFFSET  6.2307 -4.4678 -5.8086
X -0.3783 -0.9197  0.1047
Y  0.9080 -0.3907 -0.1511
Z  0.1799  0.0379  0.9830

PART 75
OFFSET  6.9698 -2.6711 -6.0131
X  0.7463 -0.6555 -0.1156
Y  0.6316  0.7522 -0.1880
Z  0.2102  0.0673  0.9753

PART 76
OFFSET  5.8798 -1.7136 -5.8443
X  0.9196  0.3023 -0.2510
Y -0.3234  0.9451 -0.0466
Z  0.2232  0.1241  0.9669

PART 77
OFFSET  4.8365 -2.0562 -5.5668
X -0.5128 -0.8434  0.1605
Y -0.8204  0.5365  0.1977
Z -0.2528 -0.0303 -0.9670

PART 78
OFFSET  0.0000 -0.0000 -0.0000
X  1.0000 -0.0000  0.0000
Y  0.0000  1.0000  0.0000
Z  0.0000 -0.0000  1.0000

PART 79
OFFSET  0.0000 -0.0000 -0.0000
X  1.0000 -0.0000  0.0000
Y  0.0000  1.0000  0.0000
Z  0.0000 -0.0000  1.0000

PART 80
OFFSET  1.5404 -0.0000  4.1357
X  1.0000 -0.0000  0.0000
Y  0.0000  1.0000  0.0000
Z  0.0000 -0.0000  1.0000


FRAME 203
PART 0
OFFSET -4.6318 -0.0000 -1.3770
X  1.0000 -0.0000  0.0000
Y  0.0000  1.0000  0.0000
Z  0.0000 -0.0000  1.0000

PART 1
OFFSET -4.6318 -0.0000 -1.3770
X  1.0000 -0.0000  0.0000
Y  0.0000  1.0000  0.0000
Z  0.0000 -0.0000  1.0000

PART 2
OFFSET -3.5060  6.3408 -6.7125
X  0.7570  0.1572 -0.6342
Y  0.1638 -0.9853 -0.0487
Z -0.6325 -0.0670 -0.7716

PART 3
OFFSET  5.6493  8.2419 -14.3824
X  0.7485 -0.4110  0.5205
Y -0.6378 -0.2313  0.7346
Z -0.1815 -0.8818 -0.4353

PART 4
OFFSET  12.0154  4.7464 -9.9556
X  0.7485 -0.4110  0.5205
Y -0.5921 -0.0606  0.8036
Z -0.2987 -0.9096 -0.2887

PART 5
OFFSET  13.8827  5.9216 -9.0302
X  0.7527 -0.4072  0.5173
Y  0.1886  0.8862  0.4232
Z -0.6307 -0.2210  0.7439

PART 6
OFFSET  13.4427  3.9761 -10.6679
X  0.7527 -0.4072  0.5173
Y  0.1886  0.8862  0.4232
Z -0.6307 -0.2210  0.7439

PART 7
OFFSET  12.7843  4.8573 -7.2847
X  0.7527 -0.4072  0.5173
Y  0.1886  0.8862  0.4232
Z -0.6307 -0.2210  0.7439

PART 8
OFFSET  12.4422  3.5212 -8.0409
X  0.7527 -0.4072  0.5173
Y  0.1886  0.8862  0.4232
Z -0.6307 -0.2210  0.7439

PART 9
OFFSET  12.2895  2.7893 -9.1319
X  0.7527 -0.4072  0.5173
Y  0.1886  0.8862  0.4232
Z -0.6307 -0.2210  0.7439

PART 10
OFFSET  14.3100  3.4865 -8.3600
X  0.8538 -0.3787  0.3573
Y -0.4264 -0.1147  0.8973
Z -0.2988 -0.9184 -0.2594

PART 11
OFFSET  14.1599  2.8284 -7.4398
X  0.1983 -0.8093  0.5529
Y -0.4610  0.4208  0.7813
Z -0.8650 -0.4098 -0.2897

PART 12
OFFSET  14.4937  1.1012 -6.1849
X  0.4838 -0.7150  0.5047
Y -0.6042  0.1443  0.7837
Z -0.6331 -0.6841 -0.3622

PART 13
OFFSET  15.2399 -0.1383 -5.4575
X  0.1016 -0.6988  0.7081
Y -0.6038  0.5224  0.6021
Z -0.7906 -0.4887 -0.3689

PART 14
OFFSET  15.3033 -0.9074 -4.6984
X  0.4584 -0.0942  0.8837
Y  0.7226  0.6184 -0.3089
Z -0.5174  0.7802  0.3516

PART 15
OFFSET  15.4286  3.1032 -9.0708
X  0.9449 -0.2444 -0.2179
Y -0.3003 -0.9122 -0.2788
Z -0.1306  0.3289 -0.9353

PART 16
OFFSET  17.5338  2.3943 -9.4583
X  0.8987 -0.3372 -0.2803
Y -0.2665 -0.9276  0.2617
Z -0.3483 -0.1605 -0.9236

PART 17
OFFSET  18.8062  1.9169 -9.8551
X  0.6929 -0.7140 -0.1005
Y -0.6576 -0.6829  0.3181
Z -0.2958 -0.1543 -0.9427

PART 18
OFFSET  19.4205  1.2838 -9.9443
X  0.5498 -0.8347 -0.0311
Y -0.7606 -0.5157  0.3944
Z -0.3453 -0.1932 -0.9184

PART 19
OFFSET  19.9428  0.4908 -9.9738
X  0.1069  0.9901 -0.0910
Y -0.9716  0.1235  0.2017
Z  0.2110  0.0668  0.9752

PART 20
OFFSET  15.3747  3.0720 -8.3597
X  0.9416 -0.3307  0.0629
Y -0.2972 -0.9045 -0.3058
Z  0.1580  0.2692 -0.9500

PART 21
OFFSET  17.8306  2.2236 -8.2745
X  0.9534 -0.2035 -0.2229
Y -0.2052 -0.9786  0.0157
Z -0.2213  0.0308 -0.9747

PART 22
OFFSET  19.4537  1.8772 -8.6540
X  0.6643 -0.7308 -0.1566
Y -0.7220 -0.6817  0.1182
Z -0.1931  0.0346 -0.9806

PART 23
OFFSET  20.3745  0.8643 -8.8711
X  0.6439 -0.7482 -0.1596
Y -0.7390 -0.6623  0.1234
Z -0.1980  0.0385 -0.9794

PART 24
OFFSET  21.0729  0.0528 -9.0441
X -0.1152  0.9933  0.0121
Y -0.9653 -0.1148  0.2345
Z  0.2343  0.0154  0.9720

PART 25
OFFSET  16.1048  1.6448 -5.9729
X  0.8027 -0.5895  0.0905
Y  0.5171  0.7635  0.3868
Z -0.2972 -0.2637  0.9177

PART 26
OFFSET  17.4262  2.2658 -6.1946
X  0.9543 -0.2946  0.0509
Y -0.2727 -0.9276 -0.2553
Z  0.1224  0.2297 -0.9655

PART 27
OFFSET  19.1064  1.7471 -6.1050
X  0.8441 -0.5283 -0.0910
Y -0.5284 -0.7914 -0.3074
Z  0.0904  0.3075 -0.9472

PART 28
OFFSET  20.1271  1.0861 -6.1581
X  0.7944 -0.6073  0.0058
Y -0.5801 -0.7615 -0.2891
Z  0.1800  0.2263 -0.9573

PART 29
OFFSET  21.0244  0.4001 -6.1515
X  0.3157  0.9488 -0.0102
Y -0.9481  0.3158  0.0361
Z  0.0375 -0.0017  0.9993

PART 30
OFFSET  17.7441  2.2658 -7.2526
X  0.9605 -0.2369 -0.1462
Y -0.2479 -0.9668 -0.0622
Z -0.1266  0.0960 -0.9873

PART 31
OFFSET  19.6205  1.8030 -7.5382
X  0.8874 -0.4201 -0.1902
Y -0.4280 -0.9038 -0.0009
Z -0.1715  0.0822 -0.9818

PART 32
OFFSET  20.9166  1.1895 -7.8159
X  0.9032 -0.3696 -0.2182
Y -0.3719 -0.9277  0.0319
Z -0.2142  0.0523 -0.9754

PART 33
OFFSET  21.9383  0.7719 -8.0700
X -0.4414  0.8726  0.2092
Y -0.8796 -0.4669  0.0917
Z  0.1777 -0.1436  0.9736

PART 34
OFFSET  16.3991  1.1221 -8.2700
X  0.0954  0.2417 -0.9657
Y  0.2988  0.9184  0.2594
Z  0.9495 -0.3133  0.0154

PART 35
OFFSET  6.9771 -4.3712 -3.7222
X  0.9728 -0.2113 -0.0949
Y  0.2270  0.9514  0.2082
Z  0.0463 -0.2241  0.9735

PART 36
OFFSET  6.9771 -4.3712 -3.7222
X  0.9728 -0.2113 -0.0949
Y  0.2270  0.9514  0.2082
Z  0.0463 -0.2241  0.9735

PART 37
OFFSET  12.1787 -6.2875 -1.9890
X  0.9735 -0.2159 -0.0750
Y  0.2270  0.9514  0.2082
Z  0.0264 -0.2197  0.9752

PART 38
OFFSET  11.0906 -5.3095 -3.8471
X  0.9728 -0.2113 -0.0949
Y  0.2270  0.9514  0.2082
Z  0.0463 -0.2241  0.9735

PART 39
OFFSET  29.9999 -9.5836 -4.9275
X  0.9728 -0.2113 -0.0949
Y  0.2270  0.9514  0.2082
Z  0.0463 -0.2241  0.9735

PART 40
OFFSET  6.1413 -3.6990 -5.8828
X  0.9728 -0.2113 -0.0949
Y  0.2270  0.9514  0.2082
Z  0.0463 -0.2241  0.9735

PART 41
OFFSET  31.8757 -9.2831 -7.7389
X  0.2270  0.9514  0.2082
Y -0.9728  0.2113  0.0949
Z  0.0463 -0.2241  0.9735

PART 42
OFFSET  20.3195 -7.3546 -6.3323
X -0.3287 -0.1264  0.9359
Y -0.9167  0.2809 -0.2841
Z -0.2270 -0.9514 -0.2082

PART 43
OFFSET  20.3195 -7.3546 -6.3323
X  0.2270  0.9514  0.2082
Y -0.9728  0.2113  0.0949
Z  0.0463 -0.2241  0.9735

PART 44
OFFSET  19.9676 -6.8840 -6.7069
X  0.2270  0.9514  0.2082
Y -0.9728  0.2113  0.0949
Z  0.0463 -0.2241  0.9735

PART 45
OFFSET  20.2853 -5.5521 -6.4154
X  0.1046  0.0351  0.9939
Y -0.9728  0.2113  0.0949
Z -0.2067 -0.9768  0.0562

PART 46
OFFSET  29.6379 -8.8444 -7.3452
X  0.9728 -0.2113 -0.0949
Y  0.2270  0.9514  0.2082
Z  0.0463 -0.2241  0.9735

PART 47
OFFSET  29.2529 -7.2019 -7.7439
X  0.6906 -0.6890  0.2201
Y  0.6894  0.5350 -0.4884
Z  0.2187  0.4890  0.8444

PART 48
OFFSET -17.6076 -4.8127 -7.0611
X -0.8542  0.0706  0.5151
Y -0.2567 -0.9188 -0.2998
Z  0.4521 -0.3883  0.8030

PART 49
OFFSET -7.2764 -5.6663 -13.2901
X -0.7781 -0.1025 -0.6197
Y  0.6281 -0.1118 -0.7701
Z  0.0096 -0.9884  0.1514

PART 50
OFFSET -0.6585 -4.7944 -8.0190
X -0.7781 -0.1025 -0.6197
Y  0.6281 -0.1120 -0.7700
Z  0.0096 -0.9884  0.1515

PART 51
OFFSET  0.0218 -3.3875 -6.7849
X -0.7818 -0.0989 -0.6156
Y -0.0165  0.9903 -0.1381
Z  0.6233 -0.0978 -0.7758

PART 52
OFFSET -0.2519 -3.9376 -5.7312
X -0.7818 -0.0989 -0.6156
Y -0.0165  0.9903 -0.1381
Z  0.6233 -0.0978 -0.7758

PART 53
OFFSET -0.0722 -5.2854 -5.5746
X -0.7818 -0.0989 -0.6156
Y -0.0165  0.9903 -0.1381
Z  0.6233 -0.0978 -0.7758

PART 54
OFFSET  1.7268 -4.4801 -6.1190
X -0.9729  0.1255 -0.1941
Y  0.1933 -0.0180 -0.9810
Z -0.1266 -0.9919 -0.0068

PART 55
OFFSET  2.0299 -4.1119 -5.0823
X -0.6640 -0.4190 -0.6193
Y  0.5722  0.2484 -0.7816
Z  0.4814 -0.8733  0.0748

PART 56
OFFSET  3.3789 -3.1839 -3.6721
X -0.9457 -0.1971  0.2586
Y -0.2081 -0.2441 -0.9471
Z  0.2498 -0.9495  0.1898

PART 57
OFFSET  4.8651 -2.7739 -4.1673
X -0.4848 -0.0970  0.8692
Y -0.7987 -0.3560 -0.4852
Z  0.3565 -0.9295  0.0950

PART 58
OFFSET  5.3866 -2.6204 -5.1034
X -0.7514  0.4520  0.4806
Y  0.2482  0.8686 -0.4290
Z -0.6114 -0.2031 -0.7649

PART 59
OFFSET  2.7827 -4.4052 -7.0038
X -0.9593 -0.1133  0.2588
Y  0.1128 -0.9935 -0.0167
Z  0.2590  0.0132  0.9658

PART 60
OFFSET  4.9619 -4.0269 -7.4427
X -0.3255 -0.9365 -0.1302
Y  0.8798 -0.2495 -0.4046
Z  0.3464 -0.2463  0.9052

PART 61
OFFSET  5.4228 -2.7010 -7.2583
X  0.6038 -0.6779 -0.4194
Y  0.7353  0.6769 -0.0355
Z  0.3080 -0.2869  0.9071

PART 62
OFFSET  4.8875 -2.1000 -6.8864
X  0.9336  0.1622 -0.3193
Y -0.0720  0.9584  0.2763
Z  0.3509 -0.2350  0.9065

PART 63
OFFSET  4.0005 -2.2541 -6.5830
X -0.7196 -0.6917 -0.0603
Y -0.6108  0.5894  0.5286
Z -0.3301  0.4173 -0.8467

PART 64
OFFSET  2.8505 -4.5593 -6.3102
X -0.9962 -0.0360  0.0790
Y  0.0378 -0.9990  0.0219
Z  0.0781  0.0248  0.9966

PART 65
OFFSET  5.4253 -4.4917 -6.6627
X -0.3418 -0.9397 -0.0122
Y  0.8603 -0.3077 -0.4065
Z  0.3783 -0.1495  0.9135

PART 66
OFFSET  6.0073 -2.8919 -6.6418
X  0.7531 -0.5255 -0.3958
Y  0.5495  0.8333 -0.0608
Z  0.3618 -0.1718  0.9163

PART 67
OFFSET  4.9636 -2.1636 -6.0933
X  0.8979  0.3332 -0.2875
Y -0.2576  0.9276  0.2705
Z  0.3569 -0.1689  0.9188

PART 68
OFFSET  3.9897 -2.5250 -5.7814
X -0.5710 -0.8112  0.1262
Y -0.7408  0.5754  0.3467
Z -0.3539  0.1045 -0.9294

PART 69
OFFSET -2.5538 -4.4741 -6.1007
X -0.9880 -0.1542  0.0053
Y -0.1541  0.9841 -0.0883
Z  0.0084 -0.0880 -0.9961

PART 70
OFFSET  5.3250 -5.3243 -4.6255
X -0.9710  0.2301 -0.0655
Y -0.2226 -0.9692 -0.1057
Z -0.0878 -0.0880  0.9922

PART 71
OFFSET  7.0345 -5.7295 -4.5102
X -0.5625 -0.8238 -0.0705
Y  0.8237 -0.5657  0.0381
Z -0.0713 -0.0366  0.9968

PART 72
OFFSET  7.7140 -4.7302 -4.3640
X -0.1738 -0.9774 -0.1205
Y  0.9803 -0.1834  0.0732
Z -0.0936 -0.1055  0.9900

PART 73
OFFSET  7.9103 -3.6263 -4.2278
X -0.8547  0.4540  0.2517
Y  0.4699  0.8827  0.0034
Z -0.2206  0.1211 -0.9678

PART 74
OFFSET  5.4537 -5.1526 -5.7092
X -0.4591 -0.8876  0.0384
Y  0.8638 -0.4561 -0.2142
Z  0.2076 -0.0651  0.9760

