// Export filename: `C:\projects\cod\t5\xanim_export\t5_viewmodels\ak47\ak47_grenadier_sprint_out.XANIM_EXPORT`
// Source filename: `D:\projects\devanim\t5\animation_assets\viewmodels\ak47\ViewModel_AK47_GrenadeLauncher_animated.fbx`
// Export time: Sat Jun 05 16:37:26 2010

ANIMATION
VERSION 3

NUMPARTS 77
PART 0 "tag_ads"
PART 1 "tag_torso"
PART 2 "J_Shoulder_LE"
PART 3 "J_Elbow_LE"
PART 4 "J_WristTwist_LE"
PART 5 "J_Sleave_Reshape_Bottom_LE_1"
PART 6 "J_Sleave_Reshape_Bottom_LE_2"
PART 7 "J_Sleave_Reshape_Top_LE_1"
PART 8 "J_Sleave_Reshape_Top_LE_2"
PART 9 "J_Sleave_Reshape_Top_LE_3"
PART 10 "J_Wrist_LE"
PART 11 "J_Thumb_LE_0"
PART 12 "J_Thumb_LE_1"
PART 13 "J_Thumb_LE_2"
PART 14 "J_Thumb_LE_3"
PART 15 "J_PinkyPalm_LE"
PART 16 "J_Pinky_LE_0"
PART 17 "J_Pinky_LE_1"
PART 18 "J_Pinky_LE_2"
PART 19 "J_Pinky_LE_3"
PART 20 "J_RingPalm_LE"
PART 21 "J_Ring_LE_0"
PART 22 "J_Ring_LE_1"
PART 23 "J_Ring_LE_2"
PART 24 "J_Ring_LE_3"
PART 25 "J_Webbing_LE"
PART 26 "J_Index_LE_0"
PART 27 "J_Index_LE_1"
PART 28 "J_Index_LE_2"
PART 29 "J_Index_LE_3"
PART 30 "J_Mid_LE_0"
PART 31 "J_Mid_LE_1"
PART 32 "J_Mid_LE_2"
PART 33 "J_Mid_LE_3"
PART 34 "tag_knife_attach"
PART 35 "tag_weapon"
PART 36 "J_Gun"
PART 37 "J_bolt"
PART 38 "TAG_CLIP"
PART 39 "TAG_FLASH"
PART 40 "TAG_BOUNCING_GRENADE_LAUNCHER"
PART 41 "J_BOUNCING_TRIGGER"
PART 42 "J_BOUNCING_GRENADE_AMMO"
PART 43 "J_BOUNCING_GRENADE_TIP"
PART 44 "J_Shoulder_RI"
PART 45 "J_Elbow_RI"
PART 46 "J_WristTwist_RI"
PART 47 "J_Sleave_Reshape_Top_RI_3"
PART 48 "J_Sleave_Reshape_Top_RI_2"
PART 49 "J_Sleave_Reshape_Top_RI_1"
PART 50 "J_Wrist_RI"
PART 51 "J_Thumb_RI_0"
PART 52 "J_Thumb_RI_1"
PART 53 "J_Thumb_RI_2"
PART 54 "J_Thumb_RI_3"
PART 55 "J_PinkyPalm_RI"
PART 56 "J_Pinky_RI_0"
PART 57 "J_Pinky_RI_1"
PART 58 "J_Pinky_RI_2"
PART 59 "J_Pinky_RI_3"
PART 60 "J_RingPalm_RI"
PART 61 "J_Ring_RI_0"
PART 62 "J_Ring_RI_1"
PART 63 "J_Ring_RI_2"
PART 64 "J_Ring_RI_3"
PART 65 "J_Webbing_RI"
PART 66 "J_Index_RI_0"
PART 67 "J_Index_RI_1"
PART 68 "J_Index_RI_2"
PART 69 "J_Index_RI_3"
PART 70 "J_Mid_RI_0"
PART 71 "J_Mid_RI_1"
PART 72 "J_Mid_RI_2"
PART 73 "J_Mid_RI_3"
PART 74 "tag_cambone"
PART 75 "tag_camera"
PART 76 "tag_gasmask"

FRAMERATE 30
NUMFRAMES 11

FRAME 2040
PART 0
OFFSET -4.6318 -0.0000 -1.3770
X  1.0000 -0.0000  0.0000
Y  0.0000  1.0000  0.0000
Z  0.0000 -0.0000  1.0000

PART 1
OFFSET -4.6318 -0.0000 -1.3770
X  1.0000 -0.0000  0.0000
Y  0.0000  1.0000  0.0000
Z  0.0000 -0.0000  1.0000

PART 2
OFFSET -3.5060  6.3408 -6.7125
X  0.6051 -0.2824 -0.7444
Y  0.1462 -0.8797  0.4526
Z -0.7826 -0.3827 -0.4909

PART 3
OFFSET  3.8114  2.9252 -15.7154
X  0.9226 -0.2182  0.3182
Y -0.2725  0.2153  0.9378
Z -0.2731 -0.9519  0.1391

PART 4
OFFSET  11.6583  1.0690 -13.0092
X  0.9226 -0.2182  0.3182
Y -0.2814  0.1835  0.9419
Z -0.2639 -0.9585  0.1079

PART 5
OFFSET  13.6455  2.2882 -13.5467
X  0.9249 -0.2170  0.3122
Y  0.2745  0.9493 -0.1535
Z -0.2631  0.2277  0.9375

PART 6
OFFSET  12.7366 -0.1176 -13.7624
X  0.9249 -0.2170  0.3122
Y  0.2745  0.9493 -0.1535
Z -0.2631  0.2277  0.9375

PART 7
OFFSET  13.4180  2.2938 -11.2370
X  0.9249 -0.2170  0.3122
Y  0.2745  0.9493 -0.1535
Z -0.2631  0.2277  0.9375

PART 8
OFFSET  12.9043  0.8157 -11.0772
X  0.9249 -0.2170  0.3122
Y  0.2745  0.9493 -0.1535
Z -0.2631  0.2277  0.9375

PART 9
OFFSET  12.3847 -0.3089 -11.5403
X  0.9249 -0.2170  0.3122
Y  0.2745  0.9493 -0.1535
Z -0.2631  0.2277  0.9375

PART 10
OFFSET  14.4866  0.4000 -12.0338
X  0.7514  0.6354 -0.1780
Y -0.1371  0.4142  0.8998
Z  0.6454 -0.6517  0.3983

PART 11
OFFSET  14.9574  0.8179 -11.0819
X  0.8619  0.2872  0.4178
Y -0.5019  0.3661  0.7836
Z  0.0721 -0.8851  0.4597

PART 12
OFFSET  16.7713  1.4250 -10.0766
X  0.8488  0.2152 -0.4828
Y  0.3889  0.3645  0.8461
Z  0.3581 -0.9060  0.2257

PART 13
OFFSET  18.1585  1.6493 -10.8812
X  0.1765 -0.3930 -0.9024
Y  0.9624  0.2614  0.0744
Z  0.2066 -0.8816  0.4243

PART 14
OFFSET  18.3752  1.1884 -11.8364
X  0.1959  0.3301 -0.9234
Y -0.5469  0.8184  0.1765
Z  0.8140  0.4704  0.3408

PART 15
OFFSET  15.3997  0.3625 -13.0674
X  0.7951  0.2846 -0.5355
Y  0.5912 -0.5606  0.5798
Z -0.1352 -0.7776 -0.6140

PART 16
OFFSET  17.2784  1.0464 -14.1102
X  0.8943 -0.2256  0.3863
Y -0.4467 -0.4019  0.7993
Z -0.0251 -0.8875 -0.4602

PART 17
OFFSET  18.5446  0.7270 -13.5632
X -0.3906 -0.4340  0.8119
Y -0.9201  0.1544 -0.3601
Z  0.0309 -0.8876 -0.4596

PART 18
OFFSET  18.1983  0.3422 -12.8434
X -0.7935 -0.2793  0.5407
Y -0.6080  0.4033 -0.6839
Z -0.0271 -0.8714 -0.4898

PART 19
OFFSET  17.4444  0.0768 -12.3297
X  0.9925  0.0865  0.0866
Y  0.0482  0.3741 -0.9261
Z -0.1125  0.9233  0.3671

PART 20
OFFSET  15.3837  0.8685 -12.5642
X  0.7611  0.4735 -0.4433
Y  0.6353 -0.6822  0.3620
Z -0.1310 -0.5571 -0.8200

PART 21
OFFSET  17.4275  1.9810 -13.7234
X  0.9151 -0.2915  0.2788
Y -0.3922 -0.4820  0.7835
Z -0.0940 -0.8263 -0.5553

PART 22
OFFSET  18.9854  1.4847 -13.2487
X -0.3521 -0.5004  0.7910
Y -0.9337  0.2465 -0.2598
Z -0.0650 -0.8300 -0.5540

PART 23
OFFSET  18.4973  0.7913 -12.1525
X -0.9777 -0.0607  0.2012
Y -0.2002  0.5595 -0.8043
Z -0.0637 -0.8266 -0.5592

PART 24
OFFSET  17.4370  0.7255 -11.9343
X  0.9123 -0.3106  0.2671
Y  0.3992  0.5282 -0.7494
Z  0.0917  0.7903  0.6058

PART 25
OFFSET  16.9313  2.6669 -10.9402
X  0.9130  0.3365 -0.2307
Y -0.4041  0.8239 -0.3974
Z  0.0564  0.4560  0.8882

PART 26
OFFSET  17.0713  3.4303 -12.1967
X  0.8473  0.3599 -0.3907
Y  0.5046 -0.7750  0.3804
Z -0.1659 -0.5194 -0.8383

PART 27
OFFSET  18.5630  4.0640 -12.8845
X  0.9562  0.0245 -0.2918
Y  0.1608 -0.8768  0.4532
Z -0.2448 -0.4803 -0.8423

PART 28
OFFSET  19.7403  4.1229 -13.1880
X  0.9812 -0.1900 -0.0346
Y -0.1467 -0.8499  0.5061
Z -0.1255 -0.4915 -0.8618

PART 29
OFFSET  20.8486  3.9083 -13.2271
X -0.2223  0.6908 -0.6880
Y -0.9541 -0.0089  0.2993
Z  0.2006  0.7230  0.6611

PART 30
OFFSET  17.2557  2.7964 -13.0824
X  0.9442 -0.3197  0.0792
Y -0.2526 -0.5488  0.7969
Z -0.2113 -0.7724 -0.5989

PART 31
OFFSET  19.1002  2.1719 -12.9276
X -0.3127 -0.5100  0.8013
Y -0.9138  0.3917 -0.1073
Z -0.2591 -0.7658 -0.5886

PART 32
OFFSET  18.6435  1.4269 -11.7572
X -0.9057  0.0056  0.4239
Y -0.3075  0.6797 -0.6659
Z -0.2918 -0.7335 -0.6138

PART 33
OFFSET  17.6159  1.4275 -11.2810
X  0.9095 -0.3915  0.1395
Y  0.3249  0.4604 -0.8261
Z  0.2592  0.7967  0.5460

PART 34
OFFSET  17.5813  0.9062 -12.3943
X -0.1387 -0.6128 -0.7780
Y -0.6454  0.6517 -0.3983
Z  0.7511  0.4469 -0.4859

PART 35
OFFSET  10.2443 -1.9509 -7.0301
X  0.7570  0.5117 -0.4063
Y -0.6468  0.4986 -0.5771
Z -0.0927  0.6997  0.7084

PART 36
OFFSET  10.2443 -1.9509 -7.0301
X  0.7570  0.5117 -0.4063
Y -0.6468  0.4986 -0.5771
Z -0.0927  0.6997  0.7084

PART 37
OFFSET  14.2205  2.2705 -7.3512
X  0.7550  0.5259 -0.3917
Y -0.6468  0.4986 -0.5771
Z -0.1082  0.6891  0.7166

PART 38
OFFSET  13.3971  0.4071 -8.5523
X  0.7570  0.5117 -0.4063
Y -0.6468  0.4986 -0.5771
Z -0.0927  0.6997  0.7084

PART 39
OFFSET  28.0107  10.8819 -15.8817
X  0.7570  0.5117 -0.4063
Y -0.6468  0.4986 -0.5771
Z -0.0927  0.6997  0.7084

PART 40
OFFSET  4.3104 -8.8616 -6.3504
X  0.7570  0.5117 -0.4063
Y -0.6468  0.4986 -0.5771
Z -0.0927  0.6997  0.7084

PART 41
OFFSET  19.7360  3.7117 -12.7801
X  0.7570  0.5117 -0.4063
Y -0.6468  0.4986 -0.5771
Z -0.0927  0.6997  0.7084

PART 42
OFFSET  21.7941  4.9971 -13.9714
X  0.7570  0.5117 -0.4063
Y -0.6468  0.4986 -0.5771
Z -0.0927  0.6997  0.7084

PART 43
OFFSET  25.1281  7.2508 -15.7609
X  0.7570  0.5117 -0.4063
Y -0.6468  0.4986 -0.5771
Z -0.0927  0.6997  0.7084

PART 44
OFFSET -10.8444 -11.7139 -5.9426
X -0.9335  0.3392 -0.1162
Y -0.2261 -0.3051  0.9251
Z  0.2783  0.8899  0.3615

PART 45
OFFSET  0.4454 -15.8159 -4.5369
X -0.6498 -0.7518  0.1117
Y  0.7582 -0.6311  0.1637
Z -0.0526  0.1911  0.9802

PART 46
OFFSET  5.9725 -9.4213 -5.4867
X -0.6498 -0.7518  0.1117
Y  0.4908 -0.5273 -0.6936
Z  0.5803 -0.3959  0.7117

PART 47
OFFSET  6.4544 -8.1393 -6.9322
X -0.6541 -0.7487  0.1078
Y  0.0434 -0.1794 -0.9828
Z  0.7551 -0.6382  0.1498

PART 48
OFFSET  5.9679 -7.1353 -6.4392
X -0.6541 -0.7487  0.1078
Y  0.0434 -0.1794 -0.9828
Z  0.7551 -0.6382  0.1498

PART 49
OFFSET  6.0690 -6.8919 -5.0961
X -0.6541 -0.7487  0.1078
Y  0.0434 -0.1794 -0.9828
Z  0.7551 -0.6382  0.1498

PART 50
OFFSET  7.9647 -7.1164 -5.8291
X -0.6066 -0.7425  0.2840
Y  0.4179 -0.6017 -0.6807
Z  0.6763 -0.2942  0.6753

PART 51
OFFSET  7.5567 -6.0810 -5.5773
X  0.1113 -0.9710  0.2117
Y  0.3794 -0.1554 -0.9121
Z  0.9185  0.1819  0.3511

PART 52
OFFSET  7.2275 -3.9803 -5.9626
X -0.4816 -0.4593  0.7464
Y  0.3435 -0.8825 -0.3214
Z  0.8063  0.1016  0.5827

PART 53
OFFSET  7.9351 -3.3029 -7.2521
X -0.4685  0.3079  0.8281
Y -0.0549 -0.9457  0.3205
Z  0.8818  0.1047  0.4599

PART 54
OFFSET  8.4023 -3.6245 -8.1741
X -0.9236 -0.0349  0.3819
Y -0.3828  0.0257 -0.9235
Z  0.0224 -0.9991 -0.0371

PART 55
OFFSET  8.7888 -7.0730 -6.9347
X -0.5528 -0.4503  0.7011
Y  0.8206 -0.1478  0.5521
Z -0.1450  0.8806  0.4512

PART 56
OFFSET  9.9092 -5.9148 -8.5121
X  0.5548 -0.5015  0.6639
Y  0.8233  0.2158 -0.5249
Z  0.1199  0.8378  0.5326

PART 57
OFFSET  9.1238 -5.2048 -9.4520
X  0.9894 -0.0624 -0.1313
Y -0.0698  0.5886 -0.8054
Z  0.1275  0.8060  0.5780

PART 58
OFFSET  8.2466 -5.1495 -9.3356
X  0.5188  0.3995 -0.7558
Y -0.8473  0.3579 -0.3925
Z  0.1137  0.8440  0.5242

PART 59
OFFSET  7.7537 -5.5291 -8.6175
X  0.1186 -0.6523  0.7487
Y -0.9592  0.1197  0.2563
Z -0.2568 -0.7485 -0.6114

PART 60
OFFSET  8.7390 -6.5508 -6.4505
X -0.5794 -0.5903  0.5620
Y  0.7695 -0.1688  0.6160
Z -0.2688  0.7893  0.5520

PART 61
OFFSET  10.2996 -5.1397 -7.9775
X  0.5126 -0.4258  0.7457
Y  0.8563  0.1897 -0.4803
Z  0.0631  0.8847  0.4618

PART 62
OFFSET  9.4270 -4.4148 -9.2469
X  0.9548  0.0830 -0.2855
Y -0.2891  0.4833 -0.8263
Z  0.0694  0.8715  0.4855

PART 63
OFFSET  8.1037 -4.5298 -8.8513
X  0.3595  0.4358 -0.8252
Y -0.9310  0.2278 -0.2853
Z  0.0636  0.8708  0.4876

PART 64
OFFSET  7.7138 -5.0024 -7.9564
X  0.2404 -0.4443  0.8630
Y -0.9706 -0.1008  0.2185
Z -0.0101 -0.8902 -0.4555

PART 65
OFFSET  5.4492 -9.8557 -3.7095
X -0.4635 -0.6641  0.5866
Y -0.8065  0.0420 -0.5897
Z  0.3670 -0.7465 -0.5551

PART 66
OFFSET  10.2646 -3.8786 -6.1714
X -0.7225 -0.6247  0.2962
Y  0.6324 -0.4240  0.6483
Z -0.2795  0.6557  0.7014

PART 67
OFFSET  11.5367 -2.7787 -6.6929
X  0.3133 -0.5863  0.7470
Y  0.8977  0.4395 -0.0315
Z -0.3099  0.6804  0.6640

PART 68
OFFSET  11.1370 -2.0246 -7.5607
X  0.6715 -0.4053  0.6203
Y  0.6904  0.6462 -0.3252
Z -0.2690  0.6467  0.7137

PART 69
OFFSET  10.3785 -1.5668 -8.2613
X -0.9175 -0.2695  0.2924
Y -0.3920  0.4897 -0.7788
Z  0.0667 -0.8292 -0.5549

PART 70
OFFSET  10.5319 -4.5578 -7.0007
X  0.3896 -0.4530  0.8019
Y  0.9133  0.3025 -0.2728
Z -0.1190  0.8386  0.5315

PART 71
OFFSET  9.7709 -3.6729 -8.5672
X  0.9894  0.1445 -0.0144
Y -0.0839  0.4879 -0.8689
Z -0.1185  0.8609  0.4948

PART 72
OFFSET  8.3257 -3.8839 -8.5462
X  0.4436  0.4651 -0.7661
Y -0.8838  0.0850 -0.4602
Z -0.1489  0.8812  0.4488

PART 73
OFFSET  7.8237 -4.4168 -7.6820
X  0.2338 -0.4672  0.8526
Y -0.9703 -0.1680  0.1740
Z  0.0619 -0.8680 -0.4927

PART 74
OFFSET  0.0000 -0.0000 -0.0000
X  1.0000 -0.0000  0.0000
Y  0.0000  1.0000  0.0000
Z  0.0000 -0.0000  1.0000

PART 75
OFFSET  0.0000 -0.0000 -0.0000
X  1.0000 -0.0000  0.0000
Y  0.0000  1.0000  0.0000
Z  0.0000 -0.0000  1.0000

PART 76
OFFSET  1.5404 -0.0000  4.1357
X  1.0000 -0.0000  0.0000
Y  0.0000  1.0000  0.0000
Z  0.0000 -0.0000  1.0000


FRAME 2041
PART 0
OFFSET -4.6318 -0.0000 -1.3770
X  1.0000 -0.0000  0.0000
Y  0.0000  1.0000  0.0000
Z  0.0000 -0.0000  1.0000

PART 1
OFFSET -4.6318 -0.0000 -1.3770
X  1.0000 -0.0000  0.0000
Y  0.0000  1.0000  0.0000
Z  0.0000 -0.0000  1.0000

PART 2
OFFSET -3.5060  6.3408 -6.7125
X  0.6066 -0.2822 -0.7433
Y  0.1407 -0.8820  0.4497
Z -0.7825 -0.3774 -0.4953

PART 3
OFFSET  3.8296  2.9281 -15.7017
X  0.9185 -0.2220  0.3273
Y -0.2815  0.2144  0.9353
Z -0.2778 -0.9512  0.1344

PART 4
OFFSET  11.6417  1.0401 -12.9180
X  0.9185 -0.2220  0.3273
Y -0.3003  0.1469  0.9425
Z -0.2573 -0.9639  0.0682

PART 5
OFFSET  13.6385  2.2535 -13.4326
X  0.9209 -0.2207  0.3214
Y  0.2793  0.9486 -0.1488
Z -0.2720  0.2268  0.9352

PART 6
OFFSET  12.7237 -0.1488 -13.6623
X  0.9209 -0.2207  0.3214
Y  0.2793  0.9486 -0.1488
Z -0.2720  0.2268  0.9352

PART 7
OFFSET  13.3871  2.2554 -11.1254
X  0.9209 -0.2207  0.3214
Y  0.2793  0.9486 -0.1488
Z -0.2720  0.2268  0.9352

PART 8
OFFSET  12.8668  0.7788 -10.9738
X  0.9209 -0.2207  0.3214
Y  0.2793  0.9486 -0.1488
Z -0.2720  0.2268  0.9352

PART 9
OFFSET  12.3482 -0.3432 -11.4444
X  0.9209 -0.2207  0.3214
Y  0.2793  0.9486 -0.1488
Z -0.2720  0.2268  0.9352

PART 10
OFFSET  14.4575  0.3596 -11.9147
X  0.7667  0.6205 -0.1647
Y -0.1273  0.3983  0.9084
Z  0.6293 -0.6755  0.3844

PART 11
OFFSET  14.9380  0.7457 -10.9544
X  0.8685  0.2573  0.4236
Y -0.4930  0.3616  0.7913
Z  0.0504 -0.8961  0.4409

PART 12
OFFSET  16.7658  1.2872 -9.9368
X  0.8540  0.2047 -0.4784
Y  0.3974  0.3370  0.8536
Z  0.3359 -0.9190  0.2064

PART 13
OFFSET  18.1583  1.4946 -10.7368
X  0.1672 -0.3780 -0.9106
Y  0.9684  0.2363  0.0797
Z  0.1850 -0.8951  0.4056

PART 14
OFFSET  18.3641  1.0488 -11.7016
X  0.2041  0.3446 -0.9163
Y -0.5269  0.8275  0.1939
Z  0.8251  0.4432  0.3505

PART 15
OFFSET  15.3697  0.3216 -12.9491
X  0.8020  0.2764 -0.5296
Y  0.5772 -0.5869  0.5678
Z -0.1539 -0.7610 -0.6302

PART 16
OFFSET  17.2648  0.9815 -13.9775
X  0.8885 -0.2554  0.3813
Y -0.4566 -0.4077  0.7908
Z -0.0465 -0.8767 -0.4788

PART 17
OFFSET  18.5227  0.6199 -13.4377
X -0.4013 -0.4414  0.8026
Y -0.9159  0.1843 -0.3566
Z  0.0094 -0.8782 -0.4782

PART 18
OFFSET  18.1669  0.2286 -12.7261
X -0.8002 -0.2713  0.5349
Y -0.5978  0.4323 -0.6751
Z -0.0481 -0.8600 -0.5081

PART 19
OFFSET  17.4067 -0.0291 -12.2179
X  0.9943  0.0605  0.0882
Y  0.0576  0.3923 -0.9180
Z -0.0901  0.9179  0.3865

PART 20
OFFSET  15.3659  0.8171 -12.4353
X  0.7725  0.4641 -0.4334
Y  0.6184 -0.7049  0.3474
Z -0.1443 -0.5364 -0.8316

PART 21
OFFSET  17.4365  1.9038 -13.5712
X  0.9076 -0.3195  0.2724
Y -0.4041 -0.4887  0.7732
Z -0.1139 -0.8119 -0.5726

PART 22
OFFSET  18.9817  1.3600 -13.1074
X -0.3645 -0.5082  0.7803
Y -0.9273  0.2745 -0.2543
Z -0.0850 -0.8163 -0.5713

PART 23
OFFSET  18.4766  0.6556 -12.0260
X -0.9789 -0.0411  0.2000
Y -0.1863  0.5811 -0.7922
Z -0.0836 -0.8128 -0.5765

PART 24
OFFSET  17.4149  0.6110 -11.8090
X  0.9043 -0.3382  0.2603
Y  0.4122  0.5340 -0.7382
Z  0.1107  0.7749  0.6223

PART 25
OFFSET  16.9562  2.5428 -10.7741
X  0.9210  0.3190 -0.2238
Y -0.3838  0.8417 -0.3798
Z  0.0672  0.4357  0.8976

PART 26
OFFSET  17.1151  3.3289 -12.0142
X  0.8559  0.3474 -0.3831
Y  0.4855 -0.7949  0.3638
Z -0.1782 -0.4974 -0.8490

PART 27
OFFSET  18.6221  3.9405 -12.6888
X  0.9566  0.0074 -0.2914
Y  0.1392 -0.8898  0.4346
Z -0.2561 -0.4563 -0.8522

PART 28
OFFSET  19.8005  3.9771 -12.9913
X  0.9763 -0.2130 -0.0388
Y -0.1675 -0.8566  0.4881
Z -0.1372 -0.4700 -0.8719

PART 29
OFFSET  20.9033  3.7365 -13.0350
X -0.2052  0.7104 -0.6733
Y -0.9542  0.0080  0.2992
Z  0.2179  0.7038  0.6762

PART 30
OFFSET  17.2843  2.7095 -12.9131
X  0.9361 -0.3441  0.0723
Y -0.2662 -0.5591  0.7852
Z -0.2298 -0.7543 -0.6150

PART 31
OFFSET  19.1131  2.0372 -12.7719
X -0.3253 -0.5191  0.7904
Y -0.9040  0.4159 -0.0989
Z -0.2775 -0.7467 -0.6045

PART 32
OFFSET  18.6380  1.2790 -11.6174
X -0.9054  0.0187  0.4241
Y -0.2907  0.7008 -0.6514
Z -0.3094 -0.7131 -0.6291

PART 33
OFFSET  17.6106  1.2946 -11.1410
X  0.8997 -0.4163  0.1311
Y  0.3363  0.4697 -0.8163
Z  0.2783  0.7785  0.5626

PART 34
OFFSET  17.5637  0.7979 -12.2650
X -0.1533 -0.5927 -0.7907
Y -0.6293  0.6755 -0.3844
Z  0.7619  0.4386 -0.4765

PART 35
OFFSET  10.1577 -1.9925 -6.9609
X  0.7694  0.5016 -0.3956
Y -0.6343  0.5262 -0.5663
Z -0.0759  0.6866  0.7230

PART 36
OFFSET  10.1577 -1.9925 -6.9609
X  0.7694  0.5016 -0.3956
Y -0.6343  0.5262 -0.5663
Z -0.0759  0.6866  0.7230

PART 37
OFFSET  14.2354  2.1368 -7.1937
X  0.7676  0.5155 -0.3807
Y -0.6343  0.5262 -0.5663
Z -0.0916  0.6762  0.7310

PART 38
OFFSET  13.3674  0.3197 -8.4337
X  0.7694  0.5016 -0.3956
Y -0.6343  0.5262 -0.5663
Z -0.0759  0.6866  0.7230

PART 39
OFFSET  28.2337  10.5883 -15.5434
X  0.7694  0.5016 -0.3956
Y -0.6343  0.5262 -0.5663
Z -0.0759  0.6866  0.7230

PART 40
OFFSET  4.0573 -8.7696 -6.4259
X  0.7694  0.5016 -0.3956
Y -0.6343  0.5262 -0.5663
Z -0.0759  0.6866  0.7230

PART 41
OFFSET  19.7861  3.5577 -12.5920
X  0.7694  0.5016 -0.3956
Y -0.6343  0.5262 -0.5663
Z -0.0759  0.6866  0.7230

PART 42
OFFSET  21.8752  4.8175 -13.7564
X  0.7694  0.5016 -0.3956
Y -0.6343  0.5262 -0.5663
Z -0.0759  0.6866  0.7230

PART 43
OFFSET  25.2636  7.0267 -15.4986
X  0.7694  0.5016 -0.3956
Y -0.6343  0.5262 -0.5663
Z -0.0759  0.6866  0.7230

PART 44
OFFSET -11.0338 -11.5206 -5.9739
X -0.9291  0.3557 -0.1009
Y -0.2250 -0.3274  0.9177
Z  0.2934  0.8754  0.3842

PART 45
OFFSET  0.2030 -15.8228 -4.7536
X -0.6525 -0.7517  0.0964
Y  0.7565 -0.6387  0.1404
Z -0.0440  0.1645  0.9854

PART 46
OFFSET  5.7525 -9.4296 -5.5732
X -0.6525 -0.7517  0.0964
Y  0.4866 -0.5130 -0.7071
Z  0.5809 -0.4145  0.7005

PART 47
OFFSET  6.2291 -8.1109 -6.9870
X -0.6568 -0.7484  0.0926
Y  0.0348 -0.1527 -0.9877
Z  0.7533 -0.6455  0.1264

PART 48
OFFSET  5.7511 -7.1185 -6.4631
X -0.6568 -0.7484  0.0926
Y  0.0348 -0.1527 -0.9877
Z  0.7533 -0.6455  0.1264

PART 49
OFFSET  5.8640 -6.9122 -5.1147
X -0.6568 -0.7484  0.0926
Y  0.0348 -0.1527 -0.9877
Z  0.7533 -0.6455  0.1264

PART 50
OFFSET  7.7528 -7.1252 -5.8686
X -0.6246 -0.7334  0.2684
Y  0.4033 -0.5972 -0.6933
Z  0.6688 -0.3248  0.6688

PART 51
OFFSET  7.3700 -6.0857 -5.5949
X  0.0876 -0.9776  0.1912
Y  0.3758 -0.1453 -0.9152
Z  0.9226  0.1520  0.3547

PART 52
OFFSET  7.0921 -3.9700 -5.9359
X -0.4928 -0.4631  0.7367
Y  0.3220 -0.8836 -0.3400
Z  0.8084  0.0697  0.5846

PART 53
OFFSET  7.8163 -3.2829 -7.2109
X -0.4611  0.3016  0.8345
Y -0.0780 -0.9506  0.3005
Z  0.8839  0.0735  0.4619

PART 54
OFFSET  8.2759 -3.5963 -8.1395
X -0.9242 -0.0204  0.3812
Y -0.3818  0.0545 -0.9226
Z -0.0019 -0.9983 -0.0582

PART 55
OFFSET  8.5781 -7.0785 -6.9733
X -0.5638 -0.4514  0.6916
Y  0.8166 -0.1793  0.5487
Z -0.1237  0.8741  0.4697

PART 56
OFFSET  9.7268 -5.9150 -8.5261
X  0.5422 -0.5287  0.6531
Y  0.8285  0.2068 -0.5204
Z  0.1401  0.8232  0.5501

PART 57
OFFSET  8.9592 -5.1664 -9.4507
X  0.9876 -0.0836 -0.1328
Y -0.0552  0.6070 -0.7928
Z  0.1469  0.7903  0.5949

PART 58
OFFSET  8.0835 -5.0923 -9.3329
X  0.5286  0.4026 -0.7473
Y -0.8382  0.3865 -0.3847
Z  0.1340  0.8297  0.5418

PART 59
OFFSET  7.5813 -5.4748 -8.6230
X  0.1025 -0.6706  0.7347
Y -0.9560  0.1376  0.2589
Z -0.2747 -0.7290 -0.6270

PART 60
OFFSET  8.5408 -6.5656 -6.4782
X -0.5938 -0.5878  0.5495
Y  0.7649 -0.2004  0.6121
Z -0.2497  0.7838  0.5686

PART 61
OFFSET  10.1358 -5.1610 -7.9753
X  0.5018 -0.4537  0.7364
Y  0.8608  0.1789 -0.4764
Z  0.0844  0.8730  0.4803

PART 62
OFFSET  9.2814 -4.3885 -9.2290
X  0.9566  0.0657 -0.2838
Y -0.2770  0.5075 -0.8159
Z  0.0904  0.8591  0.5037

PART 63
OFFSET  7.9556 -4.4796 -8.8357
X  0.3702  0.4442 -0.8159
Y -0.9251  0.2563 -0.2802
Z  0.0846  0.8585  0.5058

PART 64
OFFSET  7.5541 -4.9614 -7.9508
X  0.2293 -0.4681  0.8534
Y -0.9728 -0.0817  0.2165
Z -0.0316 -0.8799 -0.4741

PART 65
OFFSET  5.1708 -9.8466 -3.8068
X -0.4797 -0.6648  0.5726
Y -0.8051  0.0740 -0.5885
Z  0.3489 -0.7433 -0.5708

PART 66
OFFSET  10.1308 -3.9378 -6.1430
X -0.7376 -0.6131  0.2831
Y  0.6217 -0.4528  0.6391
Z -0.2637  0.6474  0.7151

PART 67
OFFSET  11.4294 -2.8584 -6.6414
X  0.2987 -0.6094  0.7344
Y  0.9081  0.4181 -0.0224
Z -0.2935  0.6736  0.6783

PART 68
OFFSET  11.0485 -2.0766 -7.4931
X  0.6613 -0.4345  0.6115
Y  0.7060  0.6359 -0.3117
Z -0.2534  0.6378  0.7273

PART 69
OFFSET  10.3016 -1.5859 -8.1838
X -0.9239 -0.2532  0.2868
Y -0.3797  0.5154 -0.7682
Z  0.0467 -0.8187 -0.5723

PART 70
OFFSET  10.3818 -4.6057 -6.9865
X  0.3782 -0.4791  0.7921
Y  0.9204  0.2859 -0.2665
Z -0.0987  0.8299  0.5491

PART 71
OFFSET  9.6430 -3.6696 -8.5339
X  0.9926  0.1206 -0.0116
Y -0.0717  0.5080 -0.8584
Z -0.0977  0.8529  0.5129

PART 72
OFFSET  8.1931 -3.8458 -8.5170
X  0.4550  0.4702 -0.7562
Y -0.8813  0.1161 -0.4581
Z -0.1276  0.8749  0.4673

PART 73
OFFSET  7.6781 -4.3845 -7.6642
X  0.2221 -0.4907  0.8426
Y -0.9742 -0.1480  0.1706
Z  0.0410 -0.8587 -0.5109

PART 74
OFFSET  0.0000 -0.0000 -0.0000
X  1.0000 -0.0000  0.0000
Y  0.0000  1.0000  0.0000
Z  0.0000 -0.0000  1.0000

PART 75
OFFSET  0.0000 -0.0000 -0.0000
X  1.0000 -0.0000  0.0000
Y  0.0000  1.0000  0.0000
Z  0.0000 -0.0000  1.0000

PART 76
OFFSET  1.5404 -0.0000  4.1357
X  1.0000 -0.0000  0.0000
Y  0.0000  1.0000  0.0000
Z  0.0000 -0.0000  1.0000


FRAME 2042
PART 0
OFFSET -4.6318 -0.0000 -1.3770
X  1.0000 -0.0000  0.0000
Y  0.0000  1.0000  0.0000
Z  0.0000 -0.0000  1.0000

PART 1
OFFSET -4.6318 -0.0000 -1.3770
X  1.0000 -0.0000  0.0000
Y  0.0000  1.0000  0.0000
Z  0.0000 -0.0000  1.0000

PART 2
OFFSET -3.5060  6.3408 -6.7125
X  0.6122 -0.2806 -0.7392
Y  0.1251 -0.8887  0.4410
Z -0.7807 -0.3625 -0.5090

PART 3
OFFSET  3.8984  2.9470 -15.6523
X  0.9067 -0.2329  0.3515
Y -0.3058  0.2108  0.9285
Z -0.2903 -0.9494  0.1200

PART 4
OFFSET  11.6106  0.9664 -12.6622
X  0.9067 -0.2329  0.3515
Y -0.3464  0.0642  0.9359
Z -0.2405 -0.9704 -0.0224

PART 5
OFFSET  13.6324  2.1642 -13.1117
X  0.9093 -0.2316  0.3457
Y  0.2922  0.9469 -0.1343
Z -0.2963  0.2231  0.9287

PART 6
OFFSET  12.7022 -0.2277 -13.3839
X  0.9093 -0.2316  0.3457
Y  0.2922  0.9469 -0.1343
Z -0.2963  0.2231  0.9287

PART 7
OFFSET  13.3158  2.1531 -10.8126
X  0.9093 -0.2316  0.3457
Y  0.2922  0.9469 -0.1343
Z -0.2963  0.2231  0.9287

PART 8
OFFSET  12.7777  0.6806 -10.6860
X  0.9093 -0.2316  0.3457
Y  0.2922  0.9469 -0.1343
Z -0.2963  0.2231  0.9287

PART 9
OFFSET  12.2622 -0.4333 -11.1789
X  0.9093 -0.2316  0.3457
Y  0.2922  0.9469 -0.1343
Z -0.2963  0.2231  0.9287

PART 10
OFFSET  14.3904  0.2525 -11.5845
X  0.8059  0.5779 -0.1288
Y -0.1044  0.3529  0.9298
Z  0.5828 -0.7359  0.3447

PART 11
OFFSET  14.8915  0.5508 -10.6036
X  0.8819  0.1756  0.4376
Y -0.4714  0.3468  0.8109
Z -0.0094 -0.9214  0.3886

PART 12
OFFSET  16.7469  0.9131 -9.5568
X  0.8672  0.1760 -0.4659
Y  0.4153  0.2609  0.8715
Z  0.2749 -0.9492  0.1531

PART 13
OFFSET  18.1528  1.0753 -10.3438
X  0.1456 -0.3351 -0.9309
Y  0.9814  0.1679  0.0930
Z  0.1252 -0.9271  0.3534

PART 14
OFFSET  18.3327  0.6733 -11.3327
X  0.2293  0.3827 -0.8950
Y -0.4728  0.8475  0.2413
Z  0.8508  0.3678  0.3753

PART 15
OFFSET  15.3020  0.2149 -12.6195
X  0.8201  0.2537 -0.5129
Y  0.5359 -0.6548  0.5329
Z -0.2007 -0.7119 -0.6730

PART 16
OFFSET  17.2395  0.8084 -13.6086
X  0.8687 -0.3340  0.3658
Y -0.4849 -0.4219  0.7661
Z -0.1015 -0.8429 -0.5285

PART 17
OFFSET  18.4693  0.3354 -13.0907
X -0.4319 -0.4598  0.7759
Y -0.9008  0.2636 -0.3452
Z -0.0458 -0.8480 -0.5280

PART 18
OFFSET  18.0864 -0.0722 -12.4027
X -0.8180 -0.2490  0.5185
Y -0.5661  0.5083 -0.6490
Z -0.1019 -0.8244 -0.5568

PART 19
OFFSET  17.3093 -0.3088 -11.9101
X  0.9958 -0.0094  0.0913
Y  0.0862  0.4398 -0.8940
Z -0.0318  0.8980  0.4388

PART 20
OFFSET  15.3284  0.6793 -12.0780
X  0.8025  0.4371 -0.4061
Y  0.5702 -0.7624  0.3061
Z -0.1758 -0.4772 -0.8610

PART 21
OFFSET  17.4691  1.6927 -13.1498
X  0.8840 -0.3928  0.2534
Y -0.4377 -0.5051  0.7439
Z -0.1642 -0.7685 -0.6184

PART 22
OFFSET  18.9742  1.0239 -12.7184
X -0.3994 -0.5275  0.7498
Y -0.9067  0.3483 -0.2379
Z -0.1357 -0.7749 -0.6174

PART 23
OFFSET  18.4206  0.2929 -11.6792
X -0.9802  0.0111  0.1975
Y -0.1454  0.6365 -0.7574
Z -0.1341 -0.7712 -0.6223

PART 24
OFFSET  17.3575  0.3049 -11.4650
X  0.8796 -0.4106  0.2403
Y  0.4486  0.5476 -0.7063
Z  0.1584  0.7290  0.6659

PART 25
OFFSET  17.0214  2.1997 -10.3205
X  0.9405  0.2708 -0.2052
Y -0.3271  0.8853 -0.3307
Z  0.0921  0.3781  0.9212

PART 26
OFFSET  17.2353  3.0438 -11.5133
X  0.8780  0.3125 -0.3627
Y  0.4316 -0.8444  0.3174
Z -0.2070 -0.4352 -0.8762

PART 27
OFFSET  18.7811  3.5940 -12.1518
X  0.9561 -0.0380 -0.2907
Y  0.0797 -0.9205  0.3826
Z -0.2821 -0.3890 -0.8770

PART 28
OFFSET  19.9605  3.5714 -12.4519
X  0.9606 -0.2734 -0.0511
Y -0.2244 -0.8705  0.4380
Z -0.1642 -0.4093 -0.8975

PART 29
OFFSET  21.0455  3.2627 -12.5097
X -0.1563  0.7597 -0.6312
Y -0.9527  0.0527  0.2993
Z  0.2607  0.6481  0.7155

PART 30
OFFSET  17.3672  2.4674 -12.4465
X  0.9116 -0.4078  0.0522
Y -0.3047 -0.5849  0.7517
Z -0.2760 -0.7012 -0.6574

PART 31
OFFSET  19.1480  1.6708 -12.3445
X -0.3610 -0.5414  0.7593
Y -0.8748  0.4787 -0.0746
Z -0.3231 -0.6911 -0.6465

PART 32
OFFSET  18.6206  0.8800 -11.2355
X -0.9038  0.0530  0.4247
Y -0.2423  0.7545 -0.6099
Z -0.3527 -0.6542 -0.6691

PART 33
OFFSET  17.5947  0.9348 -10.7588
X  0.8704 -0.4807  0.1067
Y  0.3689  0.4930 -0.7879
Z  0.3262  0.7252  0.6064

PART 34
OFFSET  17.5197  0.5076 -11.9096
X -0.1886 -0.5351 -0.8235
Y -0.5828  0.7359 -0.3447
Z  0.7904  0.4149 -0.4506

PART 35
OFFSET  9.9296 -2.0962 -6.7736
X  0.8017  0.4725 -0.3662
Y -0.5968  0.5980 -0.5350
Z -0.0338  0.6474  0.7614

PART 36
OFFSET  9.9296 -2.0962 -6.7736
X  0.8017  0.4725 -0.3662
Y -0.5968  0.5980 -0.5350
Z -0.0338  0.6474  0.7614

PART 37
OFFSET  14.2672  1.7661 -6.7689
X  0.8008  0.4856 -0.3505
Y -0.5968  0.5980 -0.5350
Z -0.0502  0.6376  0.7687

PART 38
OFFSET  13.2876  0.0835 -8.1113
X  0.8017  0.4725 -0.3662
Y -0.5968  0.5980 -0.5350
Z -0.0338  0.6474  0.7614

PART 39
OFFSET  28.8135  9.7568 -14.6207
X  0.8017  0.4725 -0.3662
Y -0.5968  0.5980 -0.5350
Z -0.0338  0.6474  0.7614

PART 40
OFFSET  3.4009 -8.4826 -6.6286
X  0.8017  0.4725 -0.3662
Y -0.5968  0.5980 -0.5350
Z -0.0338  0.6474  0.7614

PART 41
OFFSET  19.9175  3.1315 -12.0775
X  0.8017  0.4725 -0.3662
Y -0.5968  0.5980 -0.5350
Z -0.0338  0.6474  0.7614

PART 42
OFFSET  22.0880  4.3179 -13.1678
X  0.8017  0.4725 -0.3662
Y -0.5968  0.5980 -0.5350
Z -0.0338  0.6474  0.7614

PART 43
OFFSET  25.6187  6.3989 -14.7805
X  0.8017  0.4725 -0.3662
Y -0.5968  0.5980 -0.5350
Z -0.0338  0.6474  0.7614

PART 44
OFFSET -11.5478 -10.9961 -6.0589
X -0.9170  0.3956 -0.0514
Y -0.2211 -0.3968  0.8909
Z  0.3320  0.8283  0.4513

PART 45
OFFSET -0.4578 -15.7801 -5.4368
X -0.6612 -0.7487  0.0468
Y  0.7499 -0.6579  0.0692
Z -0.0210  0.0808  0.9965

PART 46
OFFSET  5.1661 -9.4117 -5.8347
X -0.6612 -0.7487  0.0468
Y  0.4805 -0.4706 -0.7400
Z  0.5761 -0.4668  0.6710

PART 47
OFFSET  5.6322 -7.9839 -7.1421
X -0.6656 -0.7451  0.0434
Y  0.0120 -0.0688 -0.9976
Z  0.7463 -0.6634  0.0547

PART 48
OFFSET  5.1798 -7.0336 -6.5257
X -0.6656 -0.7451  0.0434
Y  0.0120 -0.0688 -0.9976
Z  0.7463 -0.6634  0.0547

PART 49
OFFSET  5.3238 -6.9440 -5.1675
X -0.6656 -0.7451  0.0434
Y  0.0120 -0.0688 -0.9976
Z  0.7463 -0.6634  0.0547

PART 50
OFFSET  7.1932 -7.1163 -5.9782
X -0.6718 -0.7055  0.2258
Y  0.3662 -0.5813 -0.7266
Z  0.6439 -0.4054  0.6489

PART 51
OFFSET  6.8775 -6.0715 -5.6450
X  0.0234 -0.9906  0.1346
Y  0.3688 -0.1165 -0.9222
Z  0.9292  0.0712  0.3627

PART 52
OFFSET  6.7386 -3.9261 -5.8635
X -0.5244 -0.4717  0.7089
Y  0.2653 -0.8816 -0.3903
Z  0.8091 -0.0167  0.5875

PART 53
OFFSET  7.5104 -3.2155 -7.0970
X -0.4436  0.2825  0.8506
Y -0.1405 -0.9592  0.2453
Z  0.8851 -0.0107  0.4652

PART 54
OFFSET  7.9520 -3.5041 -8.0422
X -0.9250  0.0177  0.3796
Y -0.3742  0.1321 -0.9179
Z -0.0664 -0.9911 -0.1155

PART 55
OFFSET  8.0236 -7.0598 -7.0785
X -0.5944 -0.4528  0.6646
Y  0.8013 -0.2632  0.5373
Z -0.0684  0.8519  0.5193

PART 56
OFFSET  9.2509 -5.8860 -8.5619
X  0.5044 -0.5994  0.6215
Y  0.8420  0.1821 -0.5078
Z  0.1912  0.7794  0.5966

PART 57
OFFSET  8.5367 -5.0373 -9.4417
X  0.9806 -0.1398 -0.1376
Y -0.0129  0.6539 -0.7565
Z  0.1957  0.7436  0.6394

PART 58
OFFSET  7.6673 -4.9134 -9.3197
X  0.5563  0.4097 -0.7230
Y -0.8100  0.4616 -0.3617
Z  0.1856  0.7868  0.5887

PART 59
OFFSET  7.1388 -5.3027 -8.6329
X  0.0562 -0.7169  0.6949
Y -0.9460  0.1843  0.2666
Z -0.3192 -0.6723 -0.6679

PART 60
OFFSET  8.0179 -6.5749 -6.5546
X -0.6326 -0.5786  0.5149
Y  0.7481 -0.2845  0.5995
Z -0.2004  0.7644  0.6128

PART 61
OFFSET  9.7059 -5.1931 -7.9687
X  0.4687 -0.5269  0.7090
Y  0.8723  0.1497 -0.4655
Z  0.1391  0.8366  0.5298

PART 62
OFFSET  8.9079 -4.2960 -9.1757
X  0.9599  0.0197 -0.2798
Y -0.2406  0.5705 -0.7853
Z  0.1441  0.8211  0.5523

PART 63
OFFSET  7.5776 -4.3233 -8.7880
X  0.4011  0.4654 -0.7890
Y -0.9055  0.3315 -0.2649
Z  0.1383  0.8207  0.5544

PART 64
OFFSET  7.1425 -4.8280 -7.9323
X  0.1954 -0.5303  0.8250
Y -0.9769 -0.0307  0.2116
Z -0.0869 -0.8473 -0.5240

PART 65
OFFSET  4.4328 -9.7783 -4.0760
X -0.5238 -0.6641  0.5335
Y -0.7965  0.1598 -0.5831
Z  0.3020 -0.7304 -0.6127

PART 66
OFFSET  9.7737 -4.0795 -6.0690
X -0.7768 -0.5791  0.2474
Y  0.5887 -0.5282  0.6119
Z -0.2237  0.6210  0.7512

PART 67
OFFSET  11.1414 -3.0598 -6.5047
X  0.2559 -0.6687  0.6981
Y  0.9334  0.3589  0.0016
Z -0.2516  0.6512  0.7160

PART 68
OFFSET  10.8149 -2.2073 -7.3099
X  0.6295 -0.5109  0.5854
Y  0.7469  0.6056 -0.2747
Z -0.2142  0.6101  0.7628

PART 69
OFFSET  10.1039 -1.6302 -7.9710
X -0.9394 -0.2087  0.2719
Y -0.3428  0.5822 -0.7372
Z -0.0045 -0.7858 -0.6185

PART 70
OFFSET  9.9839 -4.7127 -6.9496
X  0.3435 -0.5474  0.7631
Y  0.9380  0.2404 -0.2498
Z -0.0467  0.8016  0.5960

PART 71
OFFSET  9.3129 -3.6433 -8.4404
X  0.9984  0.0564 -0.0048
Y -0.0356  0.5601 -0.8277
Z -0.0440  0.8265  0.5612

PART 72
OFFSET  7.8546 -3.7256 -8.4335
X  0.4873  0.4824 -0.7279
Y -0.8703  0.1992 -0.4505
Z -0.0723  0.8530  0.5169

PART 73
OFFSET  7.3026 -4.2779 -7.6130
X  0.1868 -0.5517  0.8129
Y -0.9823 -0.0940  0.1620
Z -0.0129 -0.8288 -0.5595

PART 74
OFFSET  0.0000 -0.0000 -0.0000
X  1.0000 -0.0000  0.0000
Y  0.0000  1.0000  0.0000
Z  0.0000 -0.0000  1.0000

PART 75
OFFSET  0.0000 -0.0000 -0.0000
X  1.0000 -0.0000  0.0000
Y  0.0000  1.0000  0.0000
Z  0.0000 -0.0000  1.0000

PART 76
OFFSET  1.5404 -0.0000  4.1357
X  1.0000 -0.0000  0.0000
Y  0.0000  1.0000  0.0000
Z  0.0000 -0.0000  1.0000


FRAME 2043
PART 0
OFFSET -4.6318 -0.0000 -1.3770
X  1.0000 -0.0000  0.0000
Y  0.0000  1.0000  0.0000
Z  0.0000 -0.0000  1.0000

PART 1
OFFSET -4.6318 -0.0000 -1.3770
X  1.0000 -0.0000  0.0000
Y  0.0000  1.0000  0.0000
Z  0.0000 -0.0000  1.0000

PART 2
OFFSET -3.5060  6.3408 -6.7125
X  0.6250 -0.2757 -0.7303
Y  0.1000 -0.8996  0.4251
Z -0.7742 -0.3387 -0.5347

PART 3
OFFSET  4.0530  3.0067 -15.5448
X  0.8876 -0.2514  0.3860
Y -0.3420  0.2019  0.9178
Z -0.3086 -0.9466  0.0932

PART 4
OFFSET  11.6023  0.8687 -12.2617
X  0.8876 -0.2514  0.3860
Y -0.4042 -0.0234  0.9144
Z -0.2208 -0.9676 -0.1224

PART 5
OFFSET  13.6581  2.0428 -12.6072
X  0.8904 -0.2500  0.3803
Y  0.3111  0.9443 -0.1075
Z -0.3322  0.2140  0.9186

PART 6
OFFSET  12.7064 -0.3308 -12.9545
X  0.8904 -0.2500  0.3803
Y  0.3111  0.9443 -0.1075
Z -0.3322  0.2140  0.9186

PART 7
OFFSET  13.2441  2.0031 -10.3239
X  0.8904 -0.2500  0.3803
Y  0.3111  0.9443 -0.1075
Z -0.3322  0.2140  0.9186

PART 8
OFFSET  12.6802  0.5370 -10.2424
X  0.8904 -0.2500  0.3803
Y  0.3111  0.9443 -0.1075
Z -0.3322  0.2140  0.9186

PART 9
OFFSET  12.1703 -0.5618 -10.7735
X  0.8904 -0.2500  0.3803
Y  0.3111  0.9443 -0.1075
Z -0.3322  0.2140  0.9186

PART 10
OFFSET  14.3234  0.0981 -11.0784
X  0.8571  0.5093 -0.0767
Y -0.0813  0.2807  0.9563
Z  0.5086 -0.8135  0.2820

PART 11
OFFSET  14.8394  0.2641 -10.0742
X  0.8896  0.0550  0.4534
Y -0.4460  0.3189  0.8363
Z -0.0986 -0.9462  0.3082

PART 12
OFFSET  16.7091  0.3620 -8.9952
X  0.8846  0.1336 -0.4468
Y  0.4283  0.1461  0.8917
Z  0.1844 -0.9802  0.0720

PART 13
OFFSET  18.1323  0.4592 -9.7616
X  0.1239 -0.2669 -0.9557
Y  0.9917  0.0675  0.1097
Z  0.0352 -0.9614  0.2730

PART 14
OFFSET  18.2848  0.1278 -10.7808
X  0.2732  0.4345 -0.8583
Y -0.3951  0.8642  0.3117
Z  0.8771  0.2539  0.4077

PART 15
OFFSET  15.2385  0.0641 -12.1103
X  0.8454  0.2191 -0.4871
Y  0.4674 -0.7447  0.4763
Z -0.2584 -0.6304 -0.7320

PART 16
OFFSET  17.2330  0.5569 -13.0397
X  0.8302 -0.4432  0.3382
Y -0.5299 -0.4387  0.7258
Z -0.1733 -0.7818 -0.5990

PART 17
OFFSET  18.4083 -0.0706 -12.5608
X -0.4808 -0.4820  0.7325
Y -0.8688  0.3745 -0.3238
Z -0.1183 -0.7921 -0.5988

PART 18
OFFSET  17.9821 -0.4979 -11.9113
X -0.8430 -0.2151  0.4930
Y -0.5098  0.6120 -0.6046
Z -0.1717 -0.7610 -0.6256

PART 19
OFFSET  17.1812 -0.7023 -11.4429
X  0.9896 -0.1096  0.0929
Y  0.1359  0.5043 -0.8528
Z  0.0466  0.8565  0.5140

PART 20
OFFSET  15.3020  0.4763 -11.5309
X  0.8437  0.3936 -0.3650
Y  0.4940 -0.8353  0.2413
Z -0.2099 -0.3839 -0.8992

PART 21
OFFSET  17.5385  1.3739 -12.5062
X  0.8412 -0.4934  0.2212
Y -0.4903 -0.5236  0.6967
Z -0.2279 -0.6945 -0.6824

PART 22
OFFSET  18.9706  0.5339 -12.1296
X -0.4544 -0.5499  0.7008
Y -0.8680  0.4500 -0.2097
Z -0.2001 -0.7036 -0.6818

PART 23
OFFSET  18.3409 -0.2283 -11.1583
X -0.9771  0.0853  0.1951
Y -0.0779  0.7093 -0.7005
Z -0.1981 -0.6997 -0.6864

PART 24
OFFSET  17.2812 -0.1358 -10.9468
X  0.8353 -0.5095  0.2066
Y  0.5047  0.5617 -0.6556
Z  0.2180  0.6519  0.7263

PART 25
OFFSET  17.1093  1.6779 -9.6451
X  0.9636  0.1987 -0.1787
Y -0.2404  0.9367 -0.2545
Z  0.1168  0.2882  0.9504

PART 26
OFFSET  17.4130  2.5968 -10.7606
X  0.9069  0.2593 -0.3322
Y  0.3484 -0.9047  0.2451
Z -0.2370 -0.3380 -0.9108

PART 27
OFFSET  19.0097  3.0532 -11.3455
X  0.9515 -0.1019 -0.2903
Y -0.0097 -0.9531  0.3026
Z -0.3075 -0.2851 -0.9078

PART 28
OFFSET  20.1851  2.9467 -11.6432
X  0.9317 -0.3561 -0.0717
Y -0.3085 -0.8800  0.3612
Z -0.1918 -0.3144 -0.9297

PART 29
OFFSET  21.2375  2.5445 -11.7242
X -0.0787  0.8218 -0.5642
Y -0.9469  0.1154  0.3002
Z  0.3118  0.5579  0.7691

PART 30
OFFSET  17.5010  2.0920 -11.7393
X  0.8694 -0.4937  0.0195
Y -0.3654 -0.6158  0.6981
Z -0.3326 -0.6141 -0.7158

PART 31
OFFSET  19.1995  1.1276 -11.7012
X -0.4176 -0.5681  0.7091
Y -0.8260  0.5626 -0.0357
Z -0.3787 -0.6006 -0.7042

PART 32
OFFSET  18.5895  0.2978 -10.6654
X -0.8995  0.1005  0.4252
Y -0.1651  0.8229 -0.5437
Z -0.4045 -0.5593 -0.7236

PART 33
OFFSET  17.5680  0.4070 -10.1886
X  0.8210 -0.5669  0.0675
Y  0.4212  0.5218 -0.7418
Z  0.3853  0.6375  0.6672

PART 34
OFFSET  17.4662  0.0880 -11.3719
X -0.2284 -0.4433 -0.8668
Y -0.5086  0.8135 -0.2820
Z  0.8301  0.3765 -0.4113

PART 35
OFFSET  9.6137 -2.2264 -6.4984
X  0.8457  0.4254 -0.3222
Y -0.5333  0.6942 -0.4834
Z  0.0180  0.5807  0.8139

PART 36
OFFSET  9.6137 -2.2264 -6.4984
X  0.8457  0.4254 -0.3222
Y -0.5333  0.6942 -0.4834
Z  0.0180  0.5807  0.8139

PART 37
OFFSET  14.2892  1.2017 -6.1512
X  0.8459  0.4371 -0.3055
Y -0.5333  0.6942 -0.4834
Z  0.0007  0.5719  0.8204

PART 38
OFFSET  13.1728 -0.2623 -7.6354
X  0.8457  0.4254 -0.3222
Y -0.5333  0.6942 -0.4834
Z  0.0180  0.5807  0.8139

PART 39
OFFSET  29.5942  8.4446 -13.2501
X  0.8457  0.4254 -0.3222
Y -0.5333  0.6942 -0.4834
Z  0.0180  0.5807  0.8139

PART 40
OFFSET  2.5219 -7.9675 -6.9187
X  0.8457  0.4254 -0.3222
Y -0.5333  0.6942 -0.4834
Z  0.0180  0.5807  0.8139

PART 41
OFFSET  20.0977  2.4825 -11.3079
X  0.8457  0.4254 -0.3222
Y -0.5333  0.6942 -0.4834
Z  0.0180  0.5807  0.8139

PART 42
OFFSET  22.3800  3.5504 -12.2867
X  0.8457  0.4254 -0.3222
Y -0.5333  0.6942 -0.4834
Z  0.0180  0.5807  0.8139

PART 43
OFFSET  26.1047  5.4238 -13.7057
X  0.8457  0.4254 -0.3222
Y -0.5333  0.6942 -0.4834
Z  0.0180  0.5807  0.8139

PART 44
OFFSET -12.3053 -10.2232 -6.1842
X -0.8988  0.4363  0.0437
Y -0.2139 -0.5234  0.8248
Z  0.3827  0.7320  0.5637

PART 45
OFFSET -1.4358 -15.4992 -6.7128
X -0.6787 -0.7328 -0.0492
Y  0.7344 -0.6760 -0.0605
Z  0.0110 -0.0772  0.9970

PART 46
OFFSET  4.3365 -9.2664 -6.2942
X -0.6787 -0.7328 -0.0492
Y  0.4874 -0.3993 -0.7765
Z  0.5494 -0.5510  0.6282

PART 47
OFFSET  4.7998 -7.6600 -7.3758
X -0.6830 -0.7286 -0.0519
Y -0.0198  0.0894 -0.9958
Z  0.7301 -0.6791 -0.0755

PART 48
OFFSET  4.3909 -6.8098 -6.6028
X -0.6830 -0.7286 -0.0519
Y -0.0198  0.0894 -0.9958
Z  0.7301 -0.6791 -0.0755

PART 49
OFFSET  4.5779 -6.9389 -5.2530
X -0.6830 -0.7286 -0.0519
Y -0.0198  0.0894 -0.9958
Z  0.7301 -0.6791 -0.0755

PART 50
OFFSET  6.4170 -7.0198 -6.1433
X -0.7364 -0.6567  0.1628
Y  0.3187 -0.5489 -0.7727
Z  0.5968 -0.5172  0.6135

PART 51
OFFSET  6.1957 -5.9824 -5.7228
X -0.0697 -0.9964  0.0493
Y  0.3663 -0.0715 -0.9277
Z  0.9279 -0.0466  0.3700

PART 52
OFFSET  6.2578 -3.8226 -5.7571
X -0.5733 -0.4794  0.6645
Y  0.1868 -0.8661 -0.4637
Z  0.7978 -0.1417  0.5861

PART 53
OFFSET  7.1050 -3.0844 -6.9231
X -0.4246  0.2491  0.8704
Y -0.2311 -0.9594  0.1618
Z  0.8754 -0.1325  0.4650

PART 54
OFFSET  7.5281 -3.3314 -7.8884
X -0.9234  0.0713  0.3772
Y -0.3506  0.2439 -0.9042
Z -0.1564 -0.9672 -0.2002

PART 55
OFFSET  7.2608 -6.9474 -7.2325
X -0.6407 -0.4505  0.6217
Y  0.7678 -0.3812  0.5150
Z  0.0050  0.8073  0.5901

PART 56
OFFSET  8.6069 -5.7709 -8.6066
X  0.4403 -0.6944  0.5692
Y  0.8606  0.1456 -0.4881
Z  0.2560  0.7047  0.6617

PART 57
OFFSET  7.9836 -4.7877 -9.4124
X  0.9649 -0.2181 -0.1464
Y  0.0556  0.7142 -0.6977
Z  0.2567  0.6651  0.7012

PART 58
OFFSET  7.1281 -4.5944 -9.2826
X  0.5994  0.4162 -0.6837
Y -0.7600  0.5640 -0.3230
Z  0.2511  0.7132  0.6544

PART 59
OFFSET  6.5587 -4.9898 -8.6331
X -0.0177 -0.7755  0.6311
Y -0.9278  0.2480  0.2788
Z -0.3728 -0.5805 -0.7239

PART 60
OFFSET  7.2943 -6.5104 -6.6691
X -0.6888 -0.5590  0.4617
Y  0.7122 -0.4027  0.5749
Z -0.1354  0.7248  0.6755

PART 61
OFFSET  9.1177 -5.1762 -7.9550
X  0.4105 -0.6266  0.6625
Y  0.8873  0.1070 -0.4486
Z  0.2102  0.7720  0.5999

PART 62
OFFSET  8.4188 -4.1095 -9.0829
X  0.9605 -0.0459 -0.2744
Y -0.1785  0.6551 -0.7342
Z  0.2135  0.7542  0.6210

PART 63
OFFSET  7.0877 -4.0459 -8.7026
X  0.4508  0.4915 -0.7451
Y -0.8682  0.4355 -0.2379
Z  0.2076  0.7542  0.6230

PART 64
OFFSET  6.5987 -4.5789 -7.8944
X  0.1368 -0.6144  0.7771
Y -0.9777  0.0423  0.2056
Z -0.1592 -0.7879 -0.5949

PART 65
OFFSET  3.4025 -9.5658 -4.4837
X -0.5886 -0.6555  0.4732
Y -0.7721  0.2822 -0.5695
Z  0.2398 -0.7005 -0.6722

PART 66
OFFSET  9.2679 -4.2393 -5.9668
X -0.8295 -0.5234  0.1948
Y  0.5309 -0.6307  0.5660
Z -0.1734  0.5729  0.8011

PART 67
OFFSET  10.7284 -3.3178 -6.3098
X  0.1856 -0.7465  0.6389
Y  0.9625  0.2692  0.0348
Z -0.1980  0.6085  0.7685

PART 68
OFFSET  10.4907 -2.3733 -7.0398
X  0.5734 -0.6151  0.5412
Y  0.8025  0.5547 -0.2197
Z -0.1650  0.5603  0.8117

PART 69
OFFSET  9.8430 -1.6785 -7.6511
X -0.9575 -0.1429  0.2505
Y -0.2797  0.6721 -0.6856
Z -0.0704 -0.7265 -0.6835

PART 70
OFFSET  9.4280 -4.8121 -6.8978
X  0.2833 -0.6399  0.7144
Y  0.9588  0.1725 -0.2258
Z  0.0212  0.7489  0.6624

PART 71
OFFSET  8.8745 -3.5621 -8.2933
X  0.9993 -0.0364  0.0028
Y  0.0251  0.6293 -0.7768
Z  0.0266  0.7763  0.6298

PART 72
OFFSET  7.4149 -3.5089 -8.2974
X  0.5375  0.4952 -0.6826
Y -0.8433  0.3168 -0.4341
Z  0.0013  0.8090  0.5878

PART 73
OFFSET  6.8056 -4.0752 -7.5287
X  0.1264 -0.6337  0.7631
Y -0.9885 -0.0157  0.1507
Z -0.0835 -0.7734 -0.6284

PART 74
OFFSET  0.0000 -0.0000 -0.0000
X  1.0000 -0.0000  0.0000
Y  0.0000  1.0000  0.0000
Z  0.0000 -0.0000  1.0000

PART 75
OFFSET  0.0000 -0.0000 -0.0000
X  1.0000 -0.0000  0.0000
Y  0.0000  1.0000  0.0000
Z  0.0000 -0.0000  1.0000

PART 76
OFFSET  1.5404 -0.0000  4.1357
X  1.0000 -0.0000  0.0000
Y  0.0000  1.0000  0.0000
Z  0.0000 -0.0000  1.0000


FRAME 2044
PART 0
OFFSET -4.6318 -0.0000 -1.3770
X  1.0000 -0.0000  0.0000
Y  0.0000  1.0000  0.0000
Z  0.0000 -0.0000  1.0000

PART 1
OFFSET -4.6318 -0.0000 -1.3770
X  1.0000 -0.0000  0.0000
Y  0.0000  1.0000  0.0000
Z  0.0000 -0.0000  1.0000

PART 2
OFFSET -3.5060  6.3408 -6.7125
X  0.6478 -0.2648 -0.7143
Y  0.0657 -0.9147  0.3988
Z -0.7589 -0.3053 -0.5752

PART 3
OFFSET  4.3290  3.1379 -15.3506
X  0.8610 -0.2792  0.4252
Y -0.3868  0.1834  0.9037
Z -0.3303 -0.9426  0.0499

PART 4
OFFSET  11.6520  0.7633 -11.7345
X  0.8610 -0.2792  0.4252
Y -0.4651 -0.0936  0.8803
Z -0.2060 -0.9557 -0.2105

PART 5
OFFSET  13.7444  1.9058 -11.9373
X  0.8641 -0.2777  0.4197
Y  0.3334  0.9406 -0.0641
Z -0.3769  0.1953  0.9054

PART 6
OFFSET  12.7697 -0.4383 -12.4016
X  0.8641 -0.2777  0.4197
Y  0.3334  0.9406 -0.0641
Z -0.3769  0.1953  0.9054

PART 7
OFFSET  13.2082  1.8119 -9.6812
X  0.8641 -0.2777  0.4197
Y  0.3334  0.9406 -0.0641
Z -0.3769  0.1953  0.9054

PART 8
OFFSET  12.6142  0.3555 -9.6712
X  0.8641 -0.2777  0.4197
Y  0.3334  0.9406 -0.0641
Z -0.3769  0.1953  0.9054

PART 9
OFFSET  12.1136 -0.7182 -10.2594
