// Export filename: `C:\projects\cod\t5\xanim_export\t5_viewmodels\ak47\ak47_grenadier_sprint_in.XANIM_EXPORT`
// Source filename: `D:\projects\devanim\t5\animation_assets\viewmodels\ak47\ViewModel_AK47_GrenadeLauncher_animated.fbx`
// Export time: Sat Jun 05 16:37:24 2010

ANIMATION
VERSION 3

NUMPARTS 77
PART 0 "tag_ads"
PART 1 "tag_torso"
PART 2 "J_Shoulder_LE"
PART 3 "J_Elbow_LE"
PART 4 "J_WristTwist_LE"
PART 5 "J_Sleave_Reshape_Bottom_LE_1"
PART 6 "J_Sleave_Reshape_Bottom_LE_2"
PART 7 "J_Sleave_Reshape_Top_LE_1"
PART 8 "J_Sleave_Reshape_Top_LE_2"
PART 9 "J_Sleave_Reshape_Top_LE_3"
PART 10 "J_Wrist_LE"
PART 11 "J_Thumb_LE_0"
PART 12 "J_Thumb_LE_1"
PART 13 "J_Thumb_LE_2"
PART 14 "J_Thumb_LE_3"
PART 15 "J_PinkyPalm_LE"
PART 16 "J_Pinky_LE_0"
PART 17 "J_Pinky_LE_1"
PART 18 "J_Pinky_LE_2"
PART 19 "J_Pinky_LE_3"
PART 20 "J_RingPalm_LE"
PART 21 "J_Ring_LE_0"
PART 22 "J_Ring_LE_1"
PART 23 "J_Ring_LE_2"
PART 24 "J_Ring_LE_3"
PART 25 "J_Webbing_LE"
PART 26 "J_Index_LE_0"
PART 27 "J_Index_LE_1"
PART 28 "J_Index_LE_2"
PART 29 "J_Index_LE_3"
PART 30 "J_Mid_LE_0"
PART 31 "J_Mid_LE_1"
PART 32 "J_Mid_LE_2"
PART 33 "J_Mid_LE_3"
PART 34 "tag_knife_attach"
PART 35 "tag_weapon"
PART 36 "J_Gun"
PART 37 "J_bolt"
PART 38 "TAG_CLIP"
PART 39 "TAG_FLASH"
PART 40 "TAG_BOUNCING_GRENADE_LAUNCHER"
PART 41 "J_BOUNCING_TRIGGER"
PART 42 "J_BOUNCING_GRENADE_AMMO"
PART 43 "J_BOUNCING_GRENADE_TIP"
PART 44 "J_Shoulder_RI"
PART 45 "J_Elbow_RI"
PART 46 "J_WristTwist_RI"
PART 47 "J_Sleave_Reshape_Top_RI_3"
PART 48 "J_Sleave_Reshape_Top_RI_2"
PART 49 "J_Sleave_Reshape_Top_RI_1"
PART 50 "J_Wrist_RI"
PART 51 "J_Thumb_RI_0"
PART 52 "J_Thumb_RI_1"
PART 53 "J_Thumb_RI_2"
PART 54 "J_Thumb_RI_3"
PART 55 "J_PinkyPalm_RI"
PART 56 "J_Pinky_RI_0"
PART 57 "J_Pinky_RI_1"
PART 58 "J_Pinky_RI_2"
PART 59 "J_Pinky_RI_3"
PART 60 "J_RingPalm_RI"
PART 61 "J_Ring_RI_0"
PART 62 "J_Ring_RI_1"
PART 63 "J_Ring_RI_2"
PART 64 "J_Ring_RI_3"
PART 65 "J_Webbing_RI"
PART 66 "J_Index_RI_0"
PART 67 "J_Index_RI_1"
PART 68 "J_Index_RI_2"
PART 69 "J_Index_RI_3"
PART 70 "J_Mid_RI_0"
PART 71 "J_Mid_RI_1"
PART 72 "J_Mid_RI_2"
PART 73 "J_Mid_RI_3"
PART 74 "tag_cambone"
PART 75 "tag_camera"
PART 76 "tag_gasmask"

FRAMERATE 30
NUMFRAMES 11

FRAME 2000
PART 0
OFFSET -4.6318 -0.0000 -1.3770
X  1.0000 -0.0000  0.0000
Y  0.0000  1.0000  0.0000
Z  0.0000 -0.0000  1.0000

PART 1
OFFSET -4.6318 -0.0000 -1.3770
X  1.0000 -0.0000  0.0000
Y  0.0000  1.0000  0.0000
Z  0.0000 -0.0000  1.0000

PART 2
OFFSET -3.5060  6.3408 -6.7125
X  0.8617 -0.1192 -0.4933
Y -0.1216 -0.9922  0.0275
Z -0.4927  0.0363 -0.8694

PART 3
OFFSET  6.9149  4.8989 -12.6781
X  0.6731 -0.5404  0.5049
Y -0.6483 -0.1028  0.7544
Z -0.3557 -0.8351 -0.4196

PART 4
OFFSET  12.6402  0.3028 -8.3840
X  0.6731 -0.5404  0.5049
Y -0.6899 -0.2130  0.6918
Z -0.2663 -0.8140 -0.5162

PART 5
OFFSET  14.7203  1.1137 -7.5239
X  0.6779 -0.5375  0.5015
Y  0.3632  0.8380  0.4072
Z -0.6392 -0.0939  0.7633

PART 6
OFFSET  13.8771 -0.7259 -9.1256
X  0.6779 -0.5375  0.5015
Y  0.3632  0.8380  0.4072
Z -0.6392 -0.0939  0.7633

PART 7
OFFSET  13.4931  0.2856 -5.7365
X  0.6779 -0.5375  0.5015
Y  0.3632  0.8380  0.4072
Z -0.6392 -0.0939  0.7633

PART 8
OFFSET  12.8855 -0.9678 -6.4671
X  0.6779 -0.5375  0.5015
Y  0.3632  0.8380  0.4072
Z -0.6392 -0.0939  0.7633

PART 9
OFFSET  12.5671 -1.6655 -7.5447
X  0.6779 -0.5375  0.5015
Y  0.3632  0.8380  0.4072
Z -0.6392 -0.0939  0.7633

PART 10
OFFSET  14.7038 -1.3538 -6.8363
X  0.9663 -0.0665  0.2488
Y -0.2574 -0.2241  0.9399
Z -0.0067 -0.9723 -0.2337

PART 11
OFFSET  14.8873 -1.9992 -5.9133
X  0.6297 -0.6554  0.4170
Y -0.5110  0.0549  0.8579
Z -0.5851 -0.7533 -0.3003

PART 12
OFFSET  16.1626 -3.4500 -4.9445
X  0.9489 -0.1630 -0.2702
Y  0.1371 -0.5581  0.8184
Z -0.2842 -0.8136 -0.5073

PART 13
OFFSET  17.6544 -3.7710 -5.4862
X  0.2992  0.2107 -0.9306
Y  0.8320 -0.5351  0.1464
Z -0.4671 -0.8181 -0.3354

PART 14
OFFSET  17.9708 -3.5897 -6.5055
X  0.6924  0.5708 -0.4414
Y -0.0670  0.6599  0.7484
Z  0.7184 -0.4886  0.4951

PART 15
OFFSET  15.7958 -1.3666 -7.6794
X  0.9651 -0.0633 -0.2540
Y -0.0749 -0.9965 -0.0363
Z -0.2508  0.0541 -0.9665

PART 16
OFFSET  17.9916 -1.6389 -8.1138
X  0.4046 -0.9139  0.0329
Y -0.8686 -0.3728  0.3265
Z -0.2861 -0.1607 -0.9446

PART 17
OFFSET  18.5644 -2.9328 -8.0673
X -0.8476 -0.4323  0.3077
Y -0.4712  0.8799 -0.0617
Z -0.2441 -0.1973 -0.9495

PART 18
OFFSET  17.8129 -3.3161 -7.7944
X -0.9633  0.0619  0.2612
Y  0.0240  0.9890 -0.1459
Z -0.2674 -0.1343 -0.9542

PART 19
OFFSET  16.8977 -3.2573 -7.5463
X  0.7604 -0.6488  0.0298
Y  0.6042  0.6898 -0.3988
Z  0.2382  0.3213  0.9166

PART 20
OFFSET  15.8381 -1.3944 -6.9674
X  0.9986 -0.0003 -0.0533
Y -0.0152 -0.9599 -0.2798
Z -0.0511  0.2802 -0.9586

PART 21
OFFSET  18.4256 -1.4926 -7.1997
X  0.4303 -0.8981 -0.0913
Y -0.8619 -0.4388  0.2542
Z -0.2683 -0.0307 -0.9628

PART 22
OFFSET  19.1581 -3.0215 -7.3552
X -0.8440 -0.4782  0.2429
Y -0.4751  0.8767  0.0750
Z -0.2488 -0.0521 -0.9671

PART 23
OFFSET  17.9884 -3.6843 -7.0185
X -0.8529  0.4860  0.1907
Y  0.4615  0.8726 -0.1597
Z -0.2440 -0.0482 -0.9686

PART 24
OFFSET  17.0634 -3.1572 -6.8117
X  0.4231 -0.8990 -0.1127
Y  0.8770  0.4376 -0.1984
Z  0.2276 -0.0149  0.9736

PART 25
OFFSET  17.2702 -2.4358 -4.7022
X  0.9571 -0.2896 -0.0127
Y  0.2772  0.9015  0.3324
Z -0.0848 -0.3217  0.9430

PART 26
OFFSET  18.2773 -1.4206 -5.0711
X  0.9843 -0.1431 -0.1035
Y -0.1692 -0.9323 -0.3196
Z -0.0508  0.3321 -0.9419

PART 27
OFFSET  20.0102 -1.6726 -5.2533
X  0.8549 -0.4378 -0.2783
Y -0.5111 -0.8027 -0.3073
Z -0.0888  0.4049 -0.9100

PART 28
OFFSET  21.0549 -2.2294 -5.5363
X  0.6596 -0.7094 -0.2484
Y -0.7516 -0.6209 -0.2225
Z  0.0036  0.3335 -0.9428

PART 29
OFFSET  21.8000 -3.0307 -5.8169
X  0.4648  0.8853  0.0165
Y -0.8484  0.4400  0.2942
Z  0.2532 -0.1508  0.9556

PART 30
OFFSET  18.4523 -1.3448 -6.1592
X  0.5190 -0.8158 -0.2551
Y -0.7958 -0.5701  0.2040
Z -0.3119  0.0971 -0.9451

PART 31
OFFSET  19.4662 -2.9385 -6.6576
X -0.8233 -0.5145  0.2398
Y -0.4478  0.8483  0.2827
Z -0.3489  0.1254 -0.9287

PART 32
OFFSET  18.2637 -3.6900 -6.3073
X -0.8550  0.3439  0.3882
Y  0.3856  0.9221  0.0323
Z -0.3469  0.1773 -0.9210

PART 33
OFFSET  17.2926 -3.2999 -5.8742
X  0.4315 -0.8640 -0.2594
Y  0.8172  0.4962 -0.2932
Z  0.3821 -0.0855  0.9202

PART 34
OFFSET  17.4520 -2.8950 -7.0244
X -0.1025  0.2331 -0.9670
Y  0.0067  0.9723  0.2337
Z  0.9947  0.0174 -0.1012

PART 35
OFFSET  8.2563 -2.6698 -4.5431
X  1.0000 -0.0000  0.0000
Y  0.0000  1.0000  0.0000
Z  0.0000 -0.0000  1.0000

PART 36
OFFSET  8.2563 -2.6698 -4.5431
X  1.0000 -0.0000  0.0000
Y  0.0000  1.0000  0.0000
Z  0.0000 -0.0000  1.0000

PART 37
OFFSET  13.5569 -2.9515 -2.1857
X  0.9998 -0.0000  0.0204
Y  0.0000  1.0000 -0.0000
Z -0.0204  0.0000  0.9998

PART 38
OFFSET  12.4681 -2.6548 -4.2640
X  1.0000 -0.0000  0.0000
Y  0.0000  1.0000  0.0000
Z  0.0000 -0.0000  1.0000

PART 39
OFFSET  31.8688 -2.6540 -3.4824
X  1.0000 -0.0000  0.0000
Y  0.0000  1.0000  0.0000
Z  0.0000 -0.0000  1.0000

PART 40
OFFSET -0.0481 -2.6698 -8.3466
X  1.0000 -0.0000  0.0000
Y  0.0000  1.0000  0.0000
Z  0.0000 -0.0000  1.0000

PART 41
OFFSET  20.6755 -2.6671 -5.5346
X  1.0000 -0.0000  0.0000
Y  0.0000  1.0000  0.0000
Z  0.0000 -0.0000  1.0000

PART 42
OFFSET  23.3753 -2.6698 -5.6701
X  1.0000 -0.0000  0.0000
Y  0.0000  1.0000  0.0000
Z  0.0000 -0.0000  1.0000

PART 43
OFFSET  27.7795 -2.6698 -5.6701
X  1.0000 -0.0000  0.0000
Y  0.0000  1.0000  0.0000
Z  0.0000 -0.0000  1.0000

PART 44
OFFSET -17.6076 -4.8127 -7.0611
X -0.8933  0.0570  0.4458
Y -0.2146 -0.9256 -0.3117
Z  0.3949 -0.3741  0.8391

PART 45
OFFSET -6.8040 -5.5021 -12.4527
X -0.8818 -0.0897 -0.4630
Y  0.4713 -0.1330 -0.8719
Z  0.0166 -0.9870  0.1596

PART 46
OFFSET  0.6961 -4.7391 -8.5146
X -0.8818 -0.0897 -0.4630
Y  0.4716 -0.1611 -0.8670
Z  0.0032 -0.9829  0.1844

PART 47
OFFSET  1.6239 -3.3379 -7.4465
X -0.8846 -0.0860 -0.4583
Y -0.0209  0.9892 -0.1452
Z  0.4659 -0.1189 -0.8768

PART 48
OFFSET  1.5393 -3.8724 -6.3533
X -0.8846 -0.0860 -0.4583
Y -0.0209  0.9892 -0.1452
Z  0.4659 -0.1189 -0.8768

PART 49
OFFSET  1.7164 -5.2227 -6.2157
X -0.8846 -0.0860 -0.4583
Y -0.0209  0.9892 -0.1452
Z  0.4659 -0.1189 -0.8768

PART 50
OFFSET  3.3994 -4.4641 -7.0951
X -0.9546 -0.1418 -0.2621
Y  0.2850 -0.1775 -0.9420
Z  0.0871 -0.9739  0.2098

PART 51
OFFSET  3.5180 -3.8292 -6.1544
X -0.4986 -0.6783 -0.5397
Y  0.5783  0.2035 -0.7900
Z  0.6457 -0.7060  0.2908

PART 52
OFFSET  4.5003 -2.3465 -4.9270
X -0.9028 -0.3483  0.2521
Y -0.0610 -0.4767 -0.8770
Z  0.4256 -0.8071  0.4091

PART 53
OFFSET  5.9065 -1.7222 -5.4322
X -0.5336 -0.0214  0.8455
Y -0.6557 -0.6209 -0.4295
Z  0.5342 -0.7836  0.3173

PART 54
OFFSET  6.4702 -1.6527 -6.3537
X -0.8721  0.3596  0.3318
Y  0.0986  0.7934 -0.6007
Z -0.4792 -0.4912 -0.7274

PART 55
OFFSET  4.4947 -4.3373 -7.9244
X -0.9338 -0.2716  0.2329
Y  0.3213 -0.9230  0.2116
Z  0.1575  0.2724  0.9492

PART 56
OFFSET  6.5764 -3.5742 -8.3354
X -0.1064 -0.9920  0.0680
Y  0.9470 -0.1219 -0.2972
Z  0.3031  0.0328  0.9524

PART 57
OFFSET  6.7270 -2.1698 -8.4316
X  0.7704 -0.5952 -0.2284
Y  0.5756  0.8034 -0.1522
Z  0.2741 -0.0142  0.9616

PART 58
OFFSET  6.0439 -1.6421 -8.2291
X  0.9043  0.2998 -0.3040
Y -0.2988  0.9530  0.0509
Z  0.3049  0.0448  0.9513

PART 59
OFFSET  5.1848 -1.9269 -7.9403
X -0.5482 -0.8340  0.0630
Y -0.7690  0.5322  0.3543
Z -0.3290  0.1458 -0.9330

PART 60
OFFSET  4.5274 -4.3242 -7.2114
X -0.9690 -0.2439  0.0388
Y  0.2458 -0.9373  0.2469
Z -0.0239  0.2488  0.9683

PART 61
OFFSET  7.0513 -3.7488 -7.4505
X -0.1328 -0.9741  0.1828
Y  0.9405 -0.1821 -0.2870
Z  0.3128  0.1338  0.9403

PART 62
OFFSET  7.2774 -2.0903 -7.7617
X  0.8812 -0.4114 -0.2327
Y  0.3642  0.9048 -0.2204
Z  0.3012  0.1095  0.9472

PART 63
OFFSET  6.0561 -1.5201 -7.4392
X  0.8304  0.4610 -0.3130
Y -0.4723  0.8804  0.0436
Z  0.2956  0.1116  0.9488

PART 64
OFFSET  5.1555 -2.0201 -7.0997
X -0.3960 -0.8751  0.2782
Y -0.8751  0.4514  0.1743
Z -0.2781 -0.1744 -0.9446

PART 65
OFFSET -0.7678 -5.4262 -7.2769
X -0.9291 -0.3699 -0.0061
Y -0.3495  0.8829 -0.3136
Z  0.1213 -0.2892 -0.9496

PART 66
OFFSET  6.9363 -4.1397 -5.2854
X -0.9870 -0.0151 -0.1603
Y -0.0017 -0.9946  0.1040
Z -0.1610  0.1029  0.9816

PART 67
OFFSET  8.6740 -4.1131 -5.0032
X -0.3664 -0.9261  0.0899
Y  0.9173 -0.3433  0.2020
Z -0.1562  0.1565  0.9753

PART 68
OFFSET  9.1099 -2.9777 -5.0533
X  0.0489 -0.9944  0.0936
Y  0.9855  0.0633  0.1577
Z -0.1627  0.0845  0.9830

PART 69
OFFSET  9.0547 -1.8545 -5.1590
X -0.9513  0.2903  0.1037
Y  0.2703  0.9472 -0.1728
Z -0.1484 -0.1363 -0.9795

PART 70
OFFSET  7.1280 -4.1726 -6.3729
X -0.2627 -0.9406  0.2150
Y  0.9570 -0.2824 -0.0663
Z  0.1231  0.1883  0.9744

PART 71
OFFSET  7.6413 -2.3351 -6.7929
X  0.8288 -0.5596 -0.0009
Y  0.5392  0.7990 -0.2664
Z  0.1498  0.2203  0.9639

PART 72
OFFSET  6.4307 -1.5177 -6.7917
X  0.8851  0.3871 -0.2584
Y -0.4386  0.8795 -0.1846
Z  0.1558  0.2767  0.9482

PART 73
OFFSET  5.4269 -1.9575 -6.5058
X -0.4085 -0.8763  0.2554
Y -0.8912  0.4434  0.0957
Z -0.1971 -0.1885 -0.9621

PART 74
OFFSET  0.0000 -0.0000 -0.0000
X  1.0000 -0.0000  0.0000
Y  0.0000  1.0000  0.0000
Z  0.0000 -0.0000  1.0000

PART 75
OFFSET  0.0000 -0.0000 -0.0000
X  1.0000 -0.0000  0.0000
Y  0.0000  1.0000  0.0000
Z  0.0000 -0.0000  1.0000

PART 76
OFFSET  1.5404 -0.0000  4.1357
X  1.0000 -0.0000  0.0000
Y  0.0000  1.0000  0.0000
Z  0.0000 -0.0000  1.0000


FRAME 2001
PART 0
OFFSET -4.6318 -0.0000 -1.3770
X  1.0000 -0.0000  0.0000
Y  0.0000  1.0000  0.0000
Z  0.0000 -0.0000  1.0000

PART 1
OFFSET -4.6318 -0.0000 -1.3770
X  1.0000 -0.0000  0.0000
Y  0.0000  1.0000  0.0000
Z  0.0000 -0.0000  1.0000

PART 2
OFFSET -3.5060  6.3408 -6.7125
X  0.8386 -0.1064 -0.5343
Y -0.1071 -0.9938  0.0297
Z -0.5342  0.0323 -0.8448

PART 3
OFFSET  6.6356  5.0542 -13.1743
X  0.6861 -0.5359  0.4921
Y -0.6297 -0.0985  0.7706
Z -0.3645 -0.8385 -0.4050

PART 4
OFFSET  12.4708  0.4962 -8.9890
X  0.6861 -0.5359  0.4921
Y -0.6680 -0.1960  0.7179
Z -0.2882 -0.8212 -0.4925

PART 5
OFFSET  14.5699  1.3161 -8.1851
X  0.6908 -0.5331  0.4886
Y  0.3716  0.8413  0.3925
Z -0.6203 -0.0896  0.7792

PART 6
OFFSET  13.6911 -0.5358 -9.7532
X  0.6908 -0.5331  0.4886
Y  0.3716  0.8413  0.3925
Z -0.6203 -0.0896  0.7792

PART 7
OFFSET  13.3878  0.4986 -6.3629
X  0.6908 -0.5331  0.4886
Y  0.3716  0.8413  0.3925
Z -0.6203 -0.0896  0.7792

PART 8
OFFSET  12.7646 -0.7607 -7.0698
X  0.6908 -0.5331  0.4886
Y  0.3716  0.8413  0.3925
Z -0.6203 -0.0896  0.7792

PART 9
OFFSET  12.4214 -1.4663 -8.1346
X  0.6908 -0.5331  0.4886
Y  0.3716  0.8413  0.3925
Z -0.6203 -0.0896  0.7792

PART 10
OFFSET  14.5741 -1.1466 -7.4804
X  0.9790  0.0126  0.2034
Y -0.1989 -0.1574  0.9673
Z  0.0442 -0.9874 -0.1516

PART 11
OFFSET  14.8406 -1.6984 -6.5177
X  0.6887 -0.5787  0.4369
Y -0.4732  0.0980  0.8755
Z -0.5494 -0.8097 -0.2063

PART 12
OFFSET  16.2489 -2.9823 -5.4989
X  0.9438 -0.1291 -0.3042
Y  0.2099 -0.4766  0.8537
Z -0.2552 -0.8696 -0.4228

PART 13
OFFSET  17.7315 -3.2596 -6.0882
X  0.2418  0.1474 -0.9591
Y  0.8702 -0.4702  0.1472
Z -0.4293 -0.8702 -0.2420

PART 14
OFFSET  17.9882 -3.1481 -7.1339
X  0.6336  0.5708 -0.5222
Y -0.0740  0.7166  0.6936
Z  0.7701 -0.4008  0.4963

PART 15
OFFSET  15.6245 -1.1670 -8.3747
X  0.9544 -0.0275 -0.2972
Y -0.0131 -0.9986  0.0503
Z -0.2982 -0.0441 -0.9535

PART 16
OFFSET  17.8107 -1.3449 -8.8974
X  0.4629 -0.8821  0.0877
Y -0.8271 -0.3942  0.4005
Z -0.3187 -0.2579 -0.9121

PART 17
OFFSET  18.4660 -2.5937 -8.7733
X -0.8033 -0.4538  0.3857
Y -0.5284  0.8418 -0.1101
Z -0.2747 -0.2922 -0.9160

PART 18
OFFSET  17.7538 -2.9961 -8.4313
X -0.9522  0.0268  0.3044
Y -0.0456  0.9725 -0.2284
Z -0.3022 -0.2314 -0.9248

PART 19
OFFSET  16.8492 -2.9705 -8.1421
X  0.8006 -0.5976  0.0443
Y  0.5401  0.6877 -0.4852
Z  0.2595  0.4124  0.8733

PART 20
OFFSET  15.7014 -1.1310 -7.6659
X  0.9930  0.0544 -0.1044
Y  0.0328 -0.9796 -0.1981
Z -0.1131  0.1933 -0.9746

PART 21
OFFSET  18.2764 -1.0951 -8.0221
X  0.4817 -0.8755 -0.0386
Y -0.8196 -0.4657  0.3337
Z -0.3101 -0.1291 -0.9419

PART 22
OFFSET  19.0965 -2.5856 -8.0878
X -0.7998 -0.5048  0.3248
Y -0.5258  0.8502  0.0264
Z -0.2895 -0.1497 -0.9454

PART 23
OFFSET  17.9880 -3.2852 -7.6376
X -0.8723  0.4491  0.1934
Y  0.3973  0.8815 -0.2550
Z -0.2850 -0.1456 -0.9474

PART 24
OFFSET  17.0420 -2.7981 -7.4279
X  0.4737 -0.8787 -0.0594
Y  0.8373  0.4702 -0.2788
Z  0.2729  0.0824  0.9585

PART 25
OFFSET  17.2999 -1.8872 -5.3988
X  0.9719 -0.2323 -0.0379
Y  0.2345  0.9416  0.2419
Z -0.0205 -0.2440  0.9696

PART 26
OFFSET  18.2224 -0.8495 -5.9020
X  0.9855 -0.0928 -0.1418
Y -0.1242 -0.9647 -0.2321
Z -0.1152  0.2464 -0.9623

PART 27
OFFSET  19.9576 -1.0129 -6.1516
X  0.8672 -0.4086 -0.2846
Y -0.4728 -0.8550 -0.2130
Z -0.1563  0.3193 -0.9347

PART 28
OFFSET  21.0213 -1.5290 -6.4409
X  0.6911 -0.6877 -0.2224
Y -0.7202 -0.6813 -0.1313
Z -0.0612  0.2509 -0.9661

PART 29
OFFSET  21.8019 -2.3058 -6.6920
X  0.4079  0.9094 -0.0808
Y -0.8601  0.4125  0.3000
Z  0.3062 -0.0529  0.9505

PART 30
OFFSET  18.3417 -0.8571 -7.0002
X  0.5574 -0.8025 -0.2130
Y -0.7478 -0.5967  0.2912
Z -0.3608 -0.0031 -0.9326

PART 31
OFFSET  19.4306 -2.4248 -7.4163
X -0.7770 -0.5399  0.3237
Y -0.4871  0.8414  0.2341
Z -0.3987  0.0242 -0.9167

PART 32
OFFSET  18.2957 -3.2134 -6.9435
X -0.8562  0.3246  0.4018
Y  0.3273  0.9427 -0.0641
Z -0.3996  0.0766 -0.9135

PART 33
OFFSET  17.3229 -2.8459 -6.4948
X  0.4730 -0.8560 -0.2088
Y  0.7696  0.5168 -0.3750
Z  0.4289  0.0167  0.9032

PART 34
OFFSET  17.4029 -2.5325 -7.6813
X -0.1617  0.1427 -0.9765
Y -0.0442  0.9874  0.1516
Z  0.9859  0.0677 -0.1534

PART 35
OFFSET  8.3361 -2.6410 -4.7573
X  0.9969  0.0593 -0.0515
Y -0.0635  0.9945 -0.0829
Z  0.0463  0.0859  0.9952

PART 36
OFFSET  8.3361 -2.6410 -4.7573
X  0.9969  0.0593 -0.0515
Y -0.0635  0.9945 -0.0829
Z  0.0463  0.0859  0.9952

PART 37
OFFSET  13.7472 -2.4041 -2.6605
X  0.9976  0.0611 -0.0311
Y -0.0635  0.9945 -0.0829
Z  0.0259  0.0847  0.9961

PART 38
OFFSET  12.5468 -2.3522 -4.6975
X  0.9969  0.0593 -0.0515
Y -0.0635  0.9945 -0.0829
Z  0.0463  0.0859  0.9952

PART 39
OFFSET  31.9237 -1.1333 -4.9180
X  0.9969  0.0593 -0.0515
Y -0.0635  0.9945 -0.0829
Z  0.0463  0.0859  0.9952

PART 40
OFFSET -0.1186 -3.4604 -8.1153
X  0.9969  0.0593 -0.0515
Y -0.0635  0.9945 -0.0829
Z  0.0463  0.0859  0.9952

PART 41
OFFSET  20.6709 -1.9867 -6.3833
X  0.9969  0.0593 -0.0515
Y -0.0635  0.9945 -0.0829
Z  0.0463  0.0859  0.9952

PART 42
OFFSET  23.3563 -1.8408 -6.6569
X  0.9969  0.0593 -0.0515
Y -0.0635  0.9945 -0.0829
Z  0.0463  0.0859  0.9952

PART 43
OFFSET  27.7469 -1.5795 -6.8835
X  0.9969  0.0593 -0.0515
Y -0.0635  0.9945 -0.0829
Z  0.0463  0.0859  0.9952

PART 44
OFFSET -16.9313 -5.5028 -6.9492
X -0.8739  0.0979  0.4761
Y -0.2247 -0.9500 -0.2170
Z  0.4310 -0.2966  0.8522

PART 45
OFFSET -6.3623 -6.6874 -12.7074
X -0.8515 -0.1516 -0.5020
Y  0.5238 -0.1977 -0.8286
Z  0.0264 -0.9685  0.2477

PART 46
OFFSET  0.8797 -5.3977 -8.4375
X -0.8515 -0.1516 -0.5020
Y  0.5231 -0.1772 -0.8337
Z  0.0374 -0.9724  0.2302

PART 47
OFFSET  1.7165 -3.8857 -7.4482
X -0.8546 -0.1475 -0.4979
Y -0.0315  0.9718 -0.2339
Z  0.5183 -0.1842 -0.8351

PART 48
OFFSET  1.5788 -4.3238 -6.3183
X -0.8546 -0.1475 -0.4979
Y -0.0315  0.9718 -0.2339
Z  0.5183 -0.1842 -0.8351

PART 49
OFFSET  1.7737 -5.6520 -6.0508
X -0.8546 -0.1475 -0.4979
Y -0.0315  0.9718 -0.2339
Z  0.5183 -0.1842 -0.8351

PART 50
OFFSET  3.4900 -4.9328 -6.8984
X -0.9547 -0.2202 -0.2000
Y  0.2518 -0.2405 -0.9374
Z  0.1583 -0.9453  0.2851

PART 51
OFFSET  3.6115 -4.2136 -6.0209
X -0.4790 -0.7505 -0.4553
Y  0.5270  0.1689 -0.8329
Z  0.7020 -0.6389  0.3147

PART 52
OFFSET  4.5535 -2.5752 -4.9729
X -0.8663 -0.3783  0.3262
Y -0.0711 -0.5530 -0.8301
Z  0.4945 -0.7423  0.4522

PART 53
OFFSET  5.8923 -1.9144 -5.5997
X -0.4915  0.0197  0.8707
Y -0.6341 -0.6933 -0.3423
Z  0.5969 -0.7203  0.3532

PART 54
OFFSET  6.4073 -1.8909 -6.5516
X -0.8769  0.3344  0.3453
Y  0.0201  0.7433 -0.6687
Z -0.4802 -0.5794 -0.6585

PART 55
OFFSET  4.5356 -4.8130 -7.7906
X -0.9029 -0.3055  0.3024
Y  0.3886 -0.8808  0.2706
Z  0.1836  0.3618  0.9140

PART 56
OFFSET  6.5433 -3.9659 -8.3700
X -0.0400 -0.9870  0.1554
Y  0.9381 -0.0906 -0.3344
Z  0.3442  0.1324  0.9295

PART 57
OFFSET  6.5999 -2.5684 -8.5900
X  0.7953 -0.5659 -0.2176
Y  0.5158  0.8201 -0.2477
Z  0.3186  0.0847  0.9441

PART 58
OFFSET  5.8948 -2.0667 -8.3970
X  0.8684  0.3257 -0.3739
Y -0.3560  0.9344 -0.0130
Z  0.3452  0.1444  0.9274

PART 59
OFFSET  5.0698 -2.3761 -8.0418
X -0.4906 -0.8566  0.1600
Y -0.7840  0.5141  0.3480
Z -0.3804  0.0453 -0.9237

PART 60
OFFSET  4.6003 -4.7368 -7.0838
X -0.9488 -0.2967  0.1087
Y  0.3160 -0.8964  0.3108
Z  0.0052  0.3292  0.9442

PART 61
OFFSET  7.0689 -4.0353 -7.4993
X -0.0621 -0.9610  0.2695
Y  0.9358 -0.1499 -0.3189
Z  0.3469  0.2324  0.9087

PART 62
OFFSET  7.1746 -2.3992 -7.9582
X  0.8939 -0.3769 -0.2428
Y  0.2955  0.9026 -0.3131
Z  0.3372  0.2081  0.9181

PART 63
OFFSET  5.9358 -1.8769 -7.6216
X  0.7841  0.4808 -0.3924
Y -0.5247  0.8513 -0.0053
Z  0.3315  0.2101  0.9198

PART 64
OFFSET  5.0854 -2.3984 -7.1960
X -0.3264 -0.8699  0.3698
Y -0.8930  0.4120  0.1811
Z -0.3099 -0.2711 -0.9113

PART 65
OFFSET -0.6117 -6.1525 -6.7852
X -0.9030 -0.4235  0.0724
Y -0.4189  0.8304 -0.3673
Z  0.0954 -0.3620 -0.9273

PART 66
OFFSET  7.0791 -4.2449 -5.3063
X -0.9904 -0.0873 -0.1075
Y  0.0663 -0.9803  0.1860
Z -0.1216  0.1771  0.9766

PART 67
OFFSET  8.8228 -4.0911 -5.1171
X -0.3023 -0.9351  0.1851
Y  0.9455 -0.2696  0.1823
Z -0.1205  0.2301  0.9657

PART 68
OFFSET  9.1830 -2.9404 -5.2834
X  0.1162 -0.9780  0.1731
Y  0.9857  0.1350  0.1010
Z -0.1221  0.1589  0.9797

PART 69
OFFSET  9.0518 -1.8357 -5.4789
X -0.9620  0.2412  0.1281
Y  0.2013  0.9432 -0.2643
Z -0.1846 -0.2285 -0.9559

PART 70
OFFSET  7.2221 -4.3597 -6.3958
X -0.1923 -0.9326  0.3055
Y  0.9689 -0.2298 -0.0918
Z  0.1558  0.2783  0.9478

PART 71
OFFSET  7.5977 -2.5378 -6.9925
X  0.8617 -0.5074  0.0028
Y  0.4745  0.8037 -0.3591
Z  0.1799  0.3108  0.9333

PART 72
OFFSET  6.3391 -1.7967 -6.9967
X  0.8458  0.4153 -0.3348
Y -0.5016  0.8329 -0.2340
Z  0.1816  0.3659  0.9128

PART 73
OFFSET  5.3795 -2.2690 -6.6241
X -0.3398 -0.8738  0.3479
Y -0.9122  0.3963  0.1043
Z -0.2290 -0.2818 -0.9317

PART 74
OFFSET  0.0000 -0.0000 -0.0000
X  1.0000 -0.0000  0.0000
Y  0.0000  1.0000  0.0000
Z  0.0000 -0.0000  1.0000

PART 75
OFFSET  0.0000 -0.0000 -0.0000
X  1.0000 -0.0000  0.0000
Y  0.0000  1.0000  0.0000
Z  0.0000 -0.0000  1.0000

PART 76
OFFSET  1.5404 -0.0000  4.1357
X  1.0000 -0.0000  0.0000
Y  0.0000  1.0000  0.0000
Z  0.0000 -0.0000  1.0000


FRAME 2002
PART 0
OFFSET -4.6318 -0.0000 -1.3770
X  1.0000 -0.0000  0.0000
Y  0.0000  1.0000  0.0000
Z  0.0000 -0.0000  1.0000

PART 1
OFFSET -4.6318 -0.0000 -1.3770
X  1.0000 -0.0000  0.0000
Y  0.0000  1.0000  0.0000
Z  0.0000 -0.0000  1.0000

PART 2
OFFSET -3.5060  6.3408 -6.7125
X  0.7989 -0.1232 -0.5887
Y -0.0850 -0.9921  0.0923
Z -0.5954 -0.0237 -0.8031

PART 3
OFFSET  6.1556  4.8502 -13.8324
X  0.7168 -0.4980  0.4880
Y -0.5868 -0.0527  0.8081
Z -0.3767 -0.8656 -0.3299

PART 4
OFFSET  12.2525  0.6147 -9.6814
X  0.7168 -0.4980  0.4880
Y -0.6363 -0.1810  0.7499
Z -0.2851 -0.8481 -0.4466

PART 5
OFFSET  14.3826  1.4997 -9.0460
X  0.7213 -0.4953  0.4841
Y  0.3831  0.8676  0.3169
Z -0.5770 -0.0431  0.8156

PART 6
OFFSET  13.4411 -0.4562 -10.4419
X  0.7213 -0.4953  0.4841
Y  0.3831  0.8676  0.3169
Z -0.5770 -0.0431  0.8156

PART 7
OFFSET  13.3077  0.7942 -7.1140
X  0.7213 -0.4953  0.4841
Y  0.3831  0.8676  0.3169
Z -0.5770 -0.0431  0.8156

PART 8
OFFSET  12.6610 -0.5128 -7.7037
X  0.7213 -0.4953  0.4841
Y  0.3831  0.8676  0.3169
Z -0.5770 -0.0431  0.8156

PART 9
OFFSET  12.2690 -1.2884 -8.7008
X  0.7213 -0.4953  0.4841
Y  0.3831  0.8676  0.3169
Z -0.5770 -0.0431  0.8156

PART 10
OFFSET  14.4500 -0.9119 -8.1852
X  0.9827  0.1048  0.1525
Y -0.1446 -0.0791  0.9863
Z  0.1155 -0.9913 -0.0626

PART 11
OFFSET  14.8000 -1.3481 -7.1904
X  0.7501 -0.4815  0.4533
Y -0.4418  0.1452  0.8853
Z -0.4921 -0.8643 -0.1038

PART 12
OFFSET  16.3472 -2.4207 -6.1296
X  0.9373 -0.0867 -0.3376
Y  0.2830 -0.3763  0.8822
Z -0.2035 -0.9224 -0.3282

PART 13
OFFSET  17.8206 -2.6415 -6.7640
X  0.1885  0.0731 -0.9794
Y  0.9101 -0.3878  0.1462
Z -0.3691 -0.9188 -0.1396

PART 14
OFFSET  18.0230 -2.6111 -7.8270
X  0.5638  0.5643 -0.6031
Y -0.1008  0.7718  0.6278
Z  0.8197 -0.2932  0.4920

PART 15
OFFSET  15.4598 -0.9388 -9.1249
X  0.9401  0.0156 -0.3405
Y  0.0679 -0.9875  0.1421
Z -0.3340 -0.1567 -0.9294

PART 16
OFFSET  17.6291 -1.0020 -9.7372
X  0.5343 -0.8327  0.1450
Y -0.7757 -0.4149  0.4756
Z -0.3359 -0.3666 -0.8677

PART 17
OFFSET  18.3856 -2.1810 -9.5319
X -0.7479 -0.4737  0.4651
Y -0.5974  0.7858 -0.1603
Z -0.2895 -0.3977 -0.8706

PART 18
OFFSET  17.7225 -2.6010 -9.1196
X -0.9375 -0.0154  0.3476
Y -0.1319  0.9402 -0.3139
Z -0.3220 -0.3402 -0.8835

PART 19
OFFSET  16.8318 -2.6157 -8.7894
X  0.8464 -0.5293  0.0590
Y  0.4631  0.6768 -0.5723
Z  0.2630  0.5117  0.8179

PART 20
OFFSET  15.5637 -0.8299 -8.4271
X  0.9803  0.1181 -0.1582
Y  0.1016 -0.9888 -0.1089
Z -0.1693  0.0907 -0.9814

PART 21
OFFSET  18.1103 -0.6361 -8.9127
X  0.5472 -0.8368  0.0179
Y -0.7654 -0.4917  0.4153
Z -0.3387 -0.2409 -0.9095

PART 22
OFFSET  19.0420 -2.0607 -8.8823
X -0.7429 -0.5299  0.4090
Y -0.5897  0.8072 -0.0254
Z -0.3167 -0.2601 -0.9122

PART 23
OFFSET  18.0123 -2.7950 -8.3154
X -0.8960  0.3992  0.1946
Y  0.3153  0.8804 -0.3541
Z -0.3126 -0.2559 -0.9147

PART 24
OFFSET  17.0406 -2.3621 -8.1044
X  0.5386 -0.8426 -0.0021
Y  0.7850  0.5027 -0.3620
Z  0.3061  0.1933  0.9322

PART 25
OFFSET  17.3118 -1.2457 -6.1826
X  0.9847 -0.1617 -0.0647
Y  0.1695  0.9751  0.1427
Z  0.0400 -0.1515  0.9877

PART 26
OFFSET  18.1273 -0.1946 -6.8239
X  0.9829 -0.0321 -0.1815
Y -0.0575 -0.9890 -0.1363
Z -0.1751  0.1444 -0.9739

PART 27
OFFSET  19.8578 -0.2512 -7.1434
X  0.8838 -0.3680 -0.2888
Y -0.4125 -0.9043 -0.1101
Z -0.2206  0.2164 -0.9511

PART 28
OFFSET  20.9457 -0.7117 -7.4367
X  0.7331 -0.6523 -0.1925
Y -0.6691 -0.7425 -0.0324
Z -0.1218  0.1526 -0.9808

PART 29
OFFSET  21.7738 -1.4485 -7.6541
X  0.3311  0.9255 -0.1839
Y -0.8765  0.3739  0.3034
Z  0.3495  0.0608  0.9350

PART 30
OFFSET  18.2001 -0.2978 -7.9214
X  0.6094 -0.7753 -0.1660
Y -0.6853 -0.6204  0.3815
Z -0.3987 -0.1187 -0.9094

PART 31
OFFSET  19.3906 -1.8123 -8.2457
X -0.7175 -0.5631  0.4100
Y -0.5416  0.8211  0.1800
Z -0.4380 -0.0929 -0.8942

PART 32
OFFSET  18.3426 -2.6349 -7.6469
X -0.8613  0.2966  0.4125
Y  0.2489  0.9541 -0.1664
Z -0.4429 -0.0406 -0.8956

PART 33
OFFSET  17.3638 -2.2999 -7.1860
X  0.5298 -0.8343 -0.1528
Y  0.7098  0.5347 -0.4585
Z  0.4642  0.1345  0.8755

PART 34
OFFSET  17.3683 -2.0957 -8.3987
X -0.2138  0.0367 -0.9762
Y -0.1155  0.9913  0.0626
Z  0.9700  0.1261 -0.2077

PART 35
OFFSET  8.4708 -2.6016 -5.0300
X  0.9860  0.1284 -0.1062
Y -0.1452  0.9746 -0.1703
Z  0.0816  0.1834  0.9797

PART 36
OFFSET  8.4708 -2.6016 -5.0300
X  0.9860  0.1284 -0.1062
Y -0.1452  0.9746 -0.1703
Z  0.0816  0.1834  0.9797

PART 37
OFFSET  13.9306 -1.7634 -3.2353
X  0.9875  0.1321 -0.0861
Y -0.1452  0.9746 -0.1703
Z  0.0614  0.1807  0.9816

PART 38
OFFSET  12.6444 -1.9951 -5.2063
X  0.9860  0.1284 -0.1062
Y -0.1452  0.9746 -0.1703
Z  0.0816  0.1834  0.9797

PART 39
OFFSET  31.8377  0.6392 -6.5001
X  0.9860  0.1284 -0.1062
Y -0.1452  0.9746 -0.1703
Z  0.0816  0.1834  0.9797

PART 40
OFFSET -0.0280 -4.3650 -7.8746
X  0.9860  0.1284 -0.1062
Y -0.1452  0.9746 -0.1703
Z  0.0816  0.1834  0.9797

PART 41
OFFSET  20.6353 -1.1867 -7.3202
X  0.9860  0.1284 -0.1062
Y -0.1452  0.9746 -0.1703
Z  0.0816  0.1834  0.9797

PART 42
OFFSET  23.2867 -0.8676 -7.7390
X  0.9860  0.1284 -0.1062
Y -0.1452  0.9746 -0.1703
Z  0.0816  0.1834  0.9797

PART 43
OFFSET  27.6293 -0.3023 -8.2065
X  0.9860  0.1284 -0.1062
Y -0.1452  0.9746 -0.1703
Z  0.0816  0.1834  0.9797

PART 44
OFFSET -16.1347 -6.3156 -6.8175
X -0.8586  0.1636  0.4857
Y -0.2273 -0.9709 -0.0748
Z  0.4594 -0.1747  0.8709

PART 45
OFFSET -5.7503 -8.2945 -12.6921
X -0.8197 -0.2465 -0.5171
Y  0.5715 -0.2912 -0.7672
Z  0.0386 -0.9244  0.3796

PART 46
OFFSET  1.2213 -6.1976 -8.2941
X -0.8197 -0.2465 -0.5171
Y  0.5634 -0.1835 -0.8056
Z  0.1037 -0.9516  0.2893

PART 47
OFFSET  1.9652 -4.5382 -7.4828
X -0.8231 -0.2420 -0.5137
Y -0.0445  0.9293 -0.3666
Z  0.5661 -0.2789 -0.7757

PART 48
OFFSET  1.7798 -4.8228 -6.3114
X -0.8231 -0.2420 -0.5137
Y -0.0445  0.9293 -0.3666
Z  0.5661 -0.2789 -0.7757

PART 49
OFFSET  1.9949 -6.0951 -5.8547
X -0.8231 -0.2420 -0.5137
Y -0.0445  0.9293 -0.3666
Z  0.5661 -0.2789 -0.7757

PART 50
OFFSET  3.7341 -5.4417 -6.7089
X -0.9420 -0.3088 -0.1313
Y  0.2299 -0.3091 -0.9228
Z  0.2444 -0.8995  0.3622

PART 51
OFFSET  3.8356 -4.6352 -5.9080
X -0.4372 -0.8241 -0.3603
Y  0.4762  0.1277 -0.8700
Z  0.7630 -0.5519  0.3366

PART 52
OFFSET  4.6891 -2.8390 -5.0625
X -0.8191 -0.4091  0.4022
Y -0.0625 -0.6332 -0.7714
Z  0.5703 -0.6570  0.4931

PART 53
OFFSET  5.9437 -2.1427 -5.8130
X -0.4540  0.0657  0.8886
Y -0.5914 -0.7681 -0.2454
Z  0.6664 -0.6369  0.3876

PART 54
OFFSET  6.4143 -2.1715 -6.7874
X -0.8851  0.2993  0.3564
Y -0.0670  0.6757 -0.7341
Z -0.4606 -0.6736 -0.5780

PART 55
OFFSET  4.7280 -5.3297 -7.6591
X -0.8623 -0.3419  0.3736
Y  0.4681 -0.8196  0.3304
Z  0.1932  0.4598  0.8668

PART 56
OFFSET  6.6363 -4.3941 -8.4127
X  0.0447 -0.9680  0.2469
Y  0.9272 -0.0518 -0.3709
Z  0.3718  0.2455  0.8953

PART 57
OFFSET  6.5730 -3.0236 -8.7623
X  0.8275 -0.5231 -0.2042
Y  0.4385  0.8290 -0.3471
Z  0.3508  0.1977  0.9153

PART 58
OFFSET  5.8394 -2.5598 -8.5812
X  0.8233  0.3525 -0.4449
Y -0.4289  0.8998 -0.0807
Z  0.3718  0.2573  0.8920

PART 59
OFFSET  5.0572 -2.8947 -8.1586
X -0.4143 -0.8716  0.2620
Y -0.8066  0.4849  0.3380
Z -0.4217 -0.0713 -0.9039

PART 60
OFFSET  4.8165 -5.1819 -6.9664
X -0.9169 -0.3550  0.1824
Y  0.3986 -0.8367  0.3755
Z  0.0194  0.4170  0.9087

PART 61
OFFSET  7.2022 -4.3410 -7.5665
X  0.0254 -0.9329  0.3591
Y  0.9304 -0.1094 -0.3500
Z  0.3658  0.3430  0.8652

PART 62
OFFSET  7.1589 -2.7527 -8.1779
X  0.9097 -0.3305 -0.2514
Y  0.2098  0.8882 -0.4087
Z  0.3584  0.3191  0.8773

PART 63
OFFSET  5.8981 -2.2946 -7.8295
X  0.7263  0.4985 -0.4733
Y -0.5900  0.8054 -0.0571
Z  0.3527  0.3207  0.8790

PART 64
OFFSET  5.1104 -2.8352 -7.3162
X -0.2407 -0.8527  0.4636
Y -0.9142  0.3596  0.1868
Z -0.3260 -0.3789 -0.8661

PART 65
OFFSET -0.2500 -6.9476 -6.2808
X -0.8629 -0.4809  0.1557
Y -0.4984  0.7582 -0.4205
Z  0.0842 -0.4404 -0.8938

PART 66
OFFSET  7.3221 -4.3397 -5.3668
X -0.9841 -0.1708 -0.0497
Y  0.1513 -0.9505  0.2715
Z -0.0936  0.2596  0.9612

PART 67
OFFSET  9.0547 -4.0390 -5.2793
X -0.2195 -0.9331  0.2847
Y  0.9708 -0.1798  0.1590
Z -0.0972  0.3113  0.9453

PART 68
OFFSET  9.3156 -2.8857 -5.5680
X  0.2003 -0.9457  0.2559
Y  0.9754  0.2171  0.0391
Z -0.0925  0.2418  0.9659

PART 69
OFFSET  9.0894 -1.8174 -5.8570
X -0.9717  0.1799  0.1531
Y  0.1148  0.9261 -0.3593
Z -0.2064 -0.3315 -0.9206

PART 70
OFFSET  7.4273 -4.5466 -6.4469
X -0.1049 -0.9110  0.3987
Y  0.9792 -0.1646 -0.1184
Z  0.1735  0.3780  0.9094

PART 71
OFFSET  7.6322 -2.7669 -7.2258
X  0.8984 -0.4392  0.0065
Y  0.3939  0.7990 -0.4543
Z  0.1944  0.4107  0.8908

PART 72
OFFSET  6.3200 -2.1254 -7.2353
X  0.7954  0.4435 -0.4130
Y -0.5752  0.7671 -0.2841
Z  0.1908  0.4636  0.8653

PART 73
OFFSET  5.4174 -2.6304 -6.7738
X -0.2547 -0.8596  0.4429
Y -0.9353  0.3353  0.1128
Z -0.2455 -0.3855 -0.8895

PART 74
OFFSET  0.0000 -0.0000 -0.0000
X  1.0000 -0.0000  0.0000
Y  0.0000  1.0000  0.0000
Z  0.0000 -0.0000  1.0000

PART 75
OFFSET  0.0000 -0.0000 -0.0000
X  1.0000 -0.0000  0.0000
Y  0.0000  1.0000  0.0000
Z  0.0000 -0.0000  1.0000

PART 76
OFFSET  1.5404 -0.0000  4.1357
X  1.0000 -0.0000  0.0000
Y  0.0000  1.0000  0.0000
Z  0.0000 -0.0000  1.0000


FRAME 2003
PART 0
OFFSET -4.6318 -0.0000 -1.3770
X  1.0000 -0.0000  0.0000
Y  0.0000  1.0000  0.0000
Z  0.0000 -0.0000  1.0000

PART 1
OFFSET -4.6318 -0.0000 -1.3770
X  1.0000 -0.0000  0.0000
Y  0.0000  1.0000  0.0000
Z  0.0000 -0.0000  1.0000

PART 2
OFFSET -3.5060  6.3408 -6.7125
X  0.7495 -0.1614 -0.6420
Y -0.0505 -0.9809  0.1876
Z -0.6600 -0.1082 -0.7434

PART 3
OFFSET  5.5590  4.3889 -14.4765
X  0.7597 -0.4374  0.4812
Y -0.5278  0.0176  0.8492
Z -0.3799 -0.8991 -0.2175

PART 4
OFFSET  12.0201  0.6683 -10.3835
X  0.7597 -0.4374  0.4812
Y -0.5933 -0.1631  0.7883
Z -0.2664 -0.8843 -0.3834

PART 5
OFFSET  14.1697  1.6424 -9.9898
X  0.7638 -0.4351  0.4768
Y  0.3854  0.8999  0.2040
Z -0.5178  0.0280  0.8550

PART 6
OFFSET  13.1758 -0.4539 -11.1206
X  0.7638 -0.4351  0.4768
Y  0.3854  0.8999  0.2040
Z -0.5178  0.0280  0.8550

PART 7
OFFSET  13.2473  1.1124 -7.9271
X  0.7638 -0.4351  0.4768
Y  0.3854  0.8999  0.2040
Z -0.5178  0.0280  0.8550

PART 8
OFFSET  12.5896 -0.2552 -8.3410
X  0.7638 -0.4351  0.4768
Y  0.3854  0.8999  0.2040
Z -0.5178  0.0280  0.8550

PART 9
OFFSET  12.1461 -1.1299 -9.2284
X  0.7638 -0.4351  0.4768
Y  0.3854  0.8999  0.2040
Z -0.5178  0.0280  0.8550

PART 10
OFFSET  14.3490 -0.6728 -8.9083
X  0.9740  0.2043  0.0978
Y -0.1015  0.0080  0.9948
Z  0.2024 -0.9789  0.0286

PART 11
OFFSET  14.7723 -0.9751 -7.8926
X  0.8063 -0.3668  0.4640
Y -0.4212  0.1946  0.8858
Z -0.4152 -0.9097  0.0024

PART 12
OFFSET  16.4471 -1.7979 -6.8028
X  0.9286 -0.0387 -0.3690
Y  0.3472 -0.2600  0.9010
Z -0.1307 -0.9648 -0.2280

PART 13
OFFSET  17.9109 -1.9528 -7.4777
X  0.1460 -0.0095 -0.9892
Y  0.9461 -0.2910  0.1424
Z -0.2892 -0.9567 -0.0335

PART 14
OFFSET  18.0717 -2.0118 -8.5466
X  0.4885  0.5475 -0.6794
Y -0.1477  0.8193  0.5541
Z  0.8600 -0.1703  0.4811

PART 15
OFFSET  15.3229 -0.7064 -9.8850
X  0.9221  0.0627 -0.3819
Y  0.1620 -0.9587  0.2339
Z -0.3515 -0.2775 -0.8941

PART 16
OFFSET  17.4657 -0.6427 -10.5841
X  0.6124 -0.7646  0.2010
Y -0.7175 -0.4307  0.5475
Z -0.3321 -0.4795 -0.8123

PART 17
OFFSET  18.3326 -1.7252 -10.2996
X -0.6848 -0.4876  0.5415
Y -0.6714  0.7110 -0.2089
Z -0.2832 -0.5066 -0.8143

PART 18
OFFSET  17.7254 -2.1575 -9.8195
X -0.9193 -0.0615  0.3888
Y -0.2276  0.8890 -0.3973
Z -0.3212 -0.4537 -0.8313

PART 19
OFFSET  16.8521 -2.2160 -9.4501
X  0.8924 -0.4454  0.0722
Y  0.3792  0.6534 -0.6552
Z  0.2446  0.6121  0.7520

PART 20
OFFSET  15.4413 -0.5194 -9.2063
X  0.9593  0.1860 -0.2123
Y  0.1867 -0.9823 -0.0171
Z -0.2117 -0.0232 -0.9771

PART 21
OFFSET  17.9410 -0.1556 -9.8211
X  0.6210 -0.7803  0.0744
Y -0.7024 -0.5119  0.4945
Z -0.3478 -0.3594 -0.8660

PART 22
OFFSET  18.9982 -1.4840 -9.6944
X -0.6769 -0.5484  0.4910
Y -0.6609  0.7465 -0.0772
Z -0.3242 -0.3767 -0.8677

PART 23
OFFSET  18.0602 -2.2441 -9.0139
X -0.9209  0.3376  0.1947
Y  0.2215  0.8644 -0.4513
Z -0.3207 -0.3725 -0.8709

PART 24
OFFSET  17.0614 -1.8779 -8.8028
X  0.6122 -0.7887  0.0555
Y  0.7229  0.5299 -0.4435
Z  0.3204  0.3116  0.8946

PART 25
OFFSET  17.2989 -0.5550 -7.0121
X  0.9924 -0.0815 -0.0925
Y  0.0855  0.9955  0.0400
Z  0.0888 -0.0476  0.9949

PART 26
OFFSET  17.9925  0.4930 -7.7877
X  0.9746  0.0350 -0.2211
Y  0.0274 -0.9989 -0.0373
Z -0.2221  0.0303 -0.9745

PART 27
OFFSET  19.7085  0.5547 -8.1769
X  0.9026 -0.3172 -0.2908
Y -0.3326 -0.9431 -0.0036
Z -0.2731  0.0999 -0.9568

PART 28
OFFSET  20.8224  0.1629 -8.4723
X  0.7818 -0.6024 -0.1609
Y -0.5999 -0.7971  0.0694
Z -0.1701  0.0423 -0.9845

PART 29
OFFSET  21.7055 -0.5175 -8.6541
X  0.2392  0.9275 -0.2872
Y -0.8953  0.3251  0.3044
Z  0.3758  0.1843  0.9082

PART 30
OFFSET  18.0351  0.2869 -8.8722
X  0.6708 -0.7324 -0.1172
Y -0.6123 -0.6359  0.4698
Z -0.4186 -0.2434 -0.8750

PART 31
OFFSET  19.3455 -1.1438 -9.1011
X -0.6485 -0.5791  0.4940
Y -0.6069  0.7851  0.1236
Z -0.4594 -0.2197 -0.8606

PART 32
OFFSET  18.3983 -1.9897 -8.3795
X -0.8694  0.2609  0.4197
Y  0.1554  0.9506 -0.2688
Z -0.4691 -0.1685 -0.8669

PART 33
OFFSET  17.4102 -1.6961 -7.9100
X  0.5973 -0.7964 -0.0947
Y  0.6417  0.5454 -0.5392
Z  0.4811  0.2613  0.8368

PART 34
OFFSET  17.3529 -1.6150 -9.1358
X -0.2510 -0.0801 -0.9647
Y -0.2024  0.9789 -0.0286
Z  0.9466  0.1881 -0.2619

PART 35
OFFSET  8.6638 -2.5484 -5.3416
X  0.9659  0.2019 -0.1618
Y -0.2388  0.9364 -0.2572
Z  0.0996  0.2871  0.9527

PART 36
OFFSET  8.6638 -2.5484 -5.3416
X  0.9659  0.2019 -0.1618
Y -0.2388  0.9364 -0.2572
Z  0.0996  0.2871  0.9527

PART 37
OFFSET  14.0859 -1.0650 -3.8810
X  0.9678  0.2077 -0.1423
Y -0.2388  0.9364 -0.2572
Z  0.0798  0.2829  0.9558

PART 38
OFFSET  12.7563 -1.6038 -5.7612
X  0.9659  0.2019 -0.1618
Y -0.2388  0.9364 -0.2572
Z  0.0996  0.2871  0.9527

PART 39
OFFSET  31.5740  2.5385 -8.1563
X  0.9659  0.2019 -0.1618
Y -0.2388  0.9364 -0.2572
Z  0.0996  0.2871  0.9527

PART 40
OFFSET  0.2634 -5.3172 -7.6213
X  0.9659  0.2019 -0.1618
Y -0.2388  0.9364 -0.2572
Z  0.0996  0.2871  0.9527

PART 41
OFFSET  20.5606 -0.3230 -8.2967
X  0.9659  0.2019 -0.1618
Y -0.2388  0.9364 -0.2572
Z  0.0996  0.2871  0.9527

PART 42
OFFSET  23.1556  0.1807 -8.8620
X  0.9659  0.2019 -0.1618
Y -0.2388  0.9364 -0.2572
Z  0.0996  0.2871  0.9527

PART 43
OFFSET  27.4098  1.0699 -9.5747
X  0.9659  0.2019 -0.1618
Y -0.2388  0.9364 -0.2572
Z  0.0996  0.2871  0.9527

PART 44
OFFSET -15.2630 -7.2051 -6.6733
X -0.8524  0.2559  0.4560
Y -0.2226 -0.9667  0.1264
Z  0.4732  0.0062  0.8810

PART 45
OFFSET -4.9544 -10.3001 -12.1883
X -0.7865 -0.3766 -0.4894
Y  0.6156 -0.4144 -0.6703
Z  0.0497 -0.8285  0.5578

PART 46
OFFSET  1.7354 -7.0966 -8.0257
X -0.7865 -0.3766 -0.4894
Y  0.5830 -0.1915 -0.7896
Z  0.2036 -0.9063  0.3702

PART 47
OFFSET  2.3885 -5.2811 -7.5335
X -0.7903 -0.3717 -0.4871
Y -0.0563  0.8357 -0.5463
Z  0.6101 -0.4043 -0.6814

PART 48
OFFSET  2.1576 -5.3350 -6.3370
X -0.7903 -0.3717 -0.4871
Y -0.0563  0.8357 -0.5463
Z  0.6101 -0.4043 -0.6814

PART 49
OFFSET  2.3907 -6.4819 -5.6273
X -0.7903 -0.3717 -0.4871
Y -0.0563  0.8357 -0.5463
Z  0.6101 -0.4043 -0.6814

PART 50
OFFSET  4.1466 -5.9419 -6.5254
X -0.9143 -0.4008 -0.0587
Y  0.2239 -0.3791 -0.8979
Z  0.3376 -0.8341  0.4363

PART 51
OFFSET  4.2033 -5.0534 -5.8116
X -0.3734 -0.8908 -0.2590
Y  0.4313  0.0805 -0.8986
Z  0.8213 -0.4472  0.3542

PART 52
OFFSET  4.9203 -3.1142 -5.1827
X -0.7638 -0.4361  0.4759
Y -0.0324 -0.7105 -0.7030
Z  0.6446 -0.5524  0.5285

PART 53
OFFSET  6.0792 -2.3908 -6.0521
X -0.4261  0.1150  0.8973
Y -0.5278 -0.8372 -0.1434
Z  0.7347 -0.5347  0.4174

PART 54
OFFSET  6.5153 -2.4765 -7.0392
X -0.8953  0.2559  0.3647
Y -0.1541  0.5903 -0.7923
Z -0.4180 -0.7655 -0.4891

PART 55
OFFSET  5.0918 -5.8402 -7.5253
X -0.8139 -0.3760  0.4429
Y  0.5518 -0.7387  0.3871
Z  0.1816  0.5594  0.8087

PART 56
OFFSET  6.8794 -4.8233 -8.4500
X  0.1409 -0.9308  0.3372
Y  0.9143 -0.0083 -0.4050
Z  0.3798  0.3654  0.8499

PART 57
OFFSET  6.6799 -3.5055 -8.9274
X  0.8636 -0.4674 -0.1892
Y  0.3490  0.8248 -0.4448
Z  0.3639  0.3181  0.8754

PART 58
OFFSET  5.9142 -3.0911 -8.7596
X  0.7716  0.3760 -0.5131
Y -0.5112  0.8466 -0.1483
Z  0.3786  0.3767  0.8454

PART 59
OFFSET  5.1812 -3.4483 -8.2722
X -0.3240 -0.8735  0.3633
Y -0.8346  0.4448  0.3251
Z -0.4455 -0.1978 -0.8731

PART 60
OFFSET  5.1913 -5.6166 -6.8547
X -0.8739 -0.4129  0.2565
Y  0.4859 -0.7572  0.4366
Z  0.0140  0.5062  0.8623

PART 61
OFFSET  7.4680 -4.6368 -7.6389
X  0.1226 -0.8865  0.4462
Y  0.9233 -0.0630 -0.3788
Z  0.3639  0.4585  0.8108

PART 62
OFFSET  7.2593 -3.1276 -8.3987
X  0.9263 -0.2741 -0.2585
Y  0.1138  0.8575 -0.5017
Z  0.3592  0.4353  0.8255

PART 63
OFFSET  5.9755 -2.7477 -8.0404
X  0.6608  0.5094 -0.5512
Y -0.6621  0.7415 -0.1085
Z  0.3534  0.4366  0.8273

PART 64
OFFSET  5.2588 -3.3002 -7.4427
X -0.1458 -0.8195  0.5542
Y -0.9358  0.2961  0.1915
Z -0.3211 -0.4907 -0.8100

PART 65
OFFSET  0.3330 -7.7364 -5.7767
X -0.8097 -0.5357  0.2397
Y -0.5797  0.6662 -0.4693
Z  0.0917 -0.5189 -0.8499

PART 66
OFFSET  7.6659 -4.4044 -5.4571
X -0.9657 -0.2594  0.0109
Y  0.2463 -0.9018  0.3552
Z -0.0823  0.3457  0.9347

PART 67
OFFSET  9.3661 -3.9476 -5.4763
X -0.1238 -0.9153  0.3832
Y  0.9881 -0.0782  0.1323
Z -0.0911  0.3950  0.9141

PART 68
OFFSET  9.5111 -2.8109 -5.8866
X  0.2940 -0.8944  0.3371
Y  0.9525  0.3035 -0.0255
Z -0.0795  0.3286  0.9411

PART 69
OFFSET  9.1789 -1.8006 -6.2673
X -0.9779  0.1096  0.1780
Y  0.0176  0.8919 -0.4520
Z -0.2083 -0.4388 -0.8741

PART 70
OFFSET  7.7506 -4.7088 -6.5157
X -0.0077 -0.8721  0.4893
Y  0.9852 -0.0903 -0.1454
Z  0.1710  0.4810  0.8599

PART 71
OFFSET  7.7657 -3.0051 -7.4716
X  0.9341 -0.3569  0.0090
Y  0.3035  0.7805 -0.5466
Z  0.1881  0.5133  0.8374

PART 72
OFFSET  6.4013 -2.4838 -7.4848
X  0.7368  0.4670 -0.4890
Y -0.6521  0.6820 -0.3311
Z  0.1789  0.5628  0.8070

PART 73
OFFSET  5.5652 -3.0163 -6.9369
X -0.1599 -0.8297  0.5349
Y -0.9572  0.2627  0.1213
Z -0.2412 -0.4926 -0.8362

PART 74
OFFSET  0.0000 -0.0000 -0.0000
X  1.0000 -0.0000  0.0000
Y  0.0000  1.0000  0.0000
Z  0.0000 -0.0000  1.0000

PART 75
OFFSET  0.0000 -0.0000 -0.0000
X  1.0000 -0.0000  0.0000
Y  0.0000  1.0000  0.0000
Z  0.0000 -0.0000  1.0000

PART 76
OFFSET  1.5404 -0.0000  4.1357
X  1.0000 -0.0000  0.0000
Y  0.0000  1.0000  0.0000
Z  0.0000 -0.0000  1.0000


FRAME 2004
PART 0
OFFSET -4.6318 -0.0000 -1.3770
X  1.0000 -0.0000  0.0000
Y  0.0000  1.0000  0.0000
Z  0.0000 -0.0000  1.0000

PART 1
OFFSET -4.6318 -0.0000 -1.3770
X  1.0000 -0.0000  0.0000
Y  0.0000  1.0000  0.0000
Z  0.0000 -0.0000  1.0000

PART 2
OFFSET -3.5060  6.3408 -6.7125
X  0.7017 -0.2042 -0.6826
Y -0.0068 -0.9599  0.2802
Z -0.7125 -0.1920 -0.6749

PART 3
OFFSET  4.9798  3.8711 -14.9681
X  0.8042 -0.3729  0.4628
Y -0.4659  0.0880  0.8805
Z -0.3690 -0.9237 -0.1030

PART 4
OFFSET  11.8201  0.6996 -11.0318
X  0.8042 -0.3729  0.4628
Y -0.5408 -0.1362  0.8301
Z -0.2465 -0.9178 -0.3112

PART 5
OFFSET  13.9640  1.7525 -10.8920
X  0.8080 -0.3709  0.4578
Y  0.3735  0.9234  0.0890
Z -0.4558  0.0991  0.8846

PART 6
OFFSET  12.9512 -0.4634 -11.7431
X  0.8080 -0.3709  0.4578
Y  0.3735  0.9234  0.0890
Z -0.4558  0.0991  0.8846

PART 7
OFFSET  13.2072  1.4040 -8.7259
X  0.8080 -0.3709  0.4578
Y  0.3735  0.9234  0.0890
Z -0.4558  0.0991  0.8846

PART 8
OFFSET  12.5604 -0.0107 -8.9590
X  0.8080 -0.3709  0.4578
Y  0.3735  0.9234  0.0890
Z -0.4558  0.0991  0.8846

PART 9
OFFSET  12.0792 -0.9760 -9.7245
X  0.8080 -0.3709  0.4578
Y  0.3735  0.9234  0.0890
Z -0.4558  0.0991  0.8846

PART 10
OFFSET  14.2856 -0.4435 -9.6130
X  0.9517  0.3041  0.0414
