// Export filename: `C:\projects\cod\t5\xanim_export\t5_viewmodels\ak47\ak47_masterkey_sprint_out.XANIM_EXPORT`
// Source filename: `D:\projects\devanim\t5\animation_assets\viewmodels/ak47/ViewModel_AK47_MasterKey_animated.fbx`
// Export time: Wed Jul 07 18:24:12 2010

ANIMATION
VERSION 3

NUMPARTS 77
PART 0 "tag_ads"
PART 1 "tag_torso"
PART 2 "J_Shoulder_LE"
PART 3 "J_Elbow_LE"
PART 4 "J_WristTwist_LE"
PART 5 "J_Sleave_Reshape_Bottom_LE_1"
PART 6 "J_Sleave_Reshape_Bottom_LE_2"
PART 7 "J_Sleave_Reshape_Top_LE_1"
PART 8 "J_Sleave_Reshape_Top_LE_2"
PART 9 "J_Sleave_Reshape_Top_LE_3"
PART 10 "J_Wrist_LE"
PART 11 "J_Thumb_LE_0"
PART 12 "J_Thumb_LE_1"
PART 13 "J_Thumb_LE_2"
PART 14 "J_Thumb_LE_3"
PART 15 "J_PinkyPalm_LE"
PART 16 "J_Pinky_LE_0"
PART 17 "J_Pinky_LE_1"
PART 18 "J_Pinky_LE_2"
PART 19 "J_Pinky_LE_3"
PART 20 "J_RingPalm_LE"
PART 21 "J_Ring_LE_0"
PART 22 "J_Ring_LE_1"
PART 23 "J_Ring_LE_2"
PART 24 "J_Ring_LE_3"
PART 25 "J_Webbing_LE"
PART 26 "J_Index_LE_0"
PART 27 "J_Index_LE_1"
PART 28 "J_Index_LE_2"
PART 29 "J_Index_LE_3"
PART 30 "J_Mid_LE_0"
PART 31 "J_Mid_LE_1"
PART 32 "J_Mid_LE_2"
PART 33 "J_Mid_LE_3"
PART 34 "tag_knife_attach"
PART 35 "tag_weapon"
PART 36 "J_Gun"
PART 37 "J_bolt"
PART 38 "tag_masterkey"
PART 39 "tag_brass2"
PART 40 "tag_ammo2"
PART 41 "tag_pump2"
PART 42 "TAG_CLIP"
PART 43 "TAG_FLASH"
PART 44 "J_Shoulder_RI"
PART 45 "J_Elbow_RI"
PART 46 "J_WristTwist_RI"
PART 47 "J_Sleave_Reshape_Top_RI_3"
PART 48 "J_Sleave_Reshape_Top_RI_2"
PART 49 "J_Sleave_Reshape_Top_RI_1"
PART 50 "J_Wrist_RI"
PART 51 "J_Thumb_RI_0"
PART 52 "J_Thumb_RI_1"
PART 53 "J_Thumb_RI_2"
PART 54 "J_Thumb_RI_3"
PART 55 "J_PinkyPalm_RI"
PART 56 "J_Pinky_RI_0"
PART 57 "J_Pinky_RI_1"
PART 58 "J_Pinky_RI_2"
PART 59 "J_Pinky_RI_3"
PART 60 "J_RingPalm_RI"
PART 61 "J_Ring_RI_0"
PART 62 "J_Ring_RI_1"
PART 63 "J_Ring_RI_2"
PART 64 "J_Ring_RI_3"
PART 65 "J_Webbing_RI"
PART 66 "J_Index_RI_0"
PART 67 "J_Index_RI_1"
PART 68 "J_Index_RI_2"
PART 69 "J_Index_RI_3"
PART 70 "J_Mid_RI_0"
PART 71 "J_Mid_RI_1"
PART 72 "J_Mid_RI_2"
PART 73 "J_Mid_RI_3"
PART 74 "tag_cambone"
PART 75 "tag_camera"
PART 76 "tag_gasmask"

FRAMERATE 30
NUMFRAMES 11

FRAME 2040
PART 0
OFFSET  0.0000 -0.0000 -0.0000
X  1.0000 -0.0000  0.0000
Y  0.0000  1.0000  0.0000
Z  0.0000 -0.0000  1.0000

PART 1
OFFSET -4.6318 -0.0000 -1.3770
X  1.0000 -0.0000  0.0000
Y  0.0000  1.0000  0.0000
Z  0.0000 -0.0000  1.0000

PART 2
OFFSET -3.5060  6.3408 -6.7125
X  0.6947 -0.2774 -0.6637
Y  0.1496 -0.8468  0.5105
Z -0.7036 -0.4539 -0.5468

PART 3
OFFSET  4.8955  2.9859 -14.7388
X  0.9732 -0.2269  0.0362
Y  0.0017  0.1645  0.9864
Z -0.2298 -0.9599  0.1605

PART 4
OFFSET  13.1733  1.0556 -14.4308
X  0.9732 -0.2269  0.0362
Y  0.2284  0.9727 -0.0413
Z -0.0259  0.0484  0.9985

PART 5
OFFSET  14.9395  2.3167 -15.4381
X  0.9738 -0.2253  0.0299
Y  0.2271  0.9581 -0.1748
Z  0.0107  0.1770  0.9841

PART 6
OFFSET  13.9903 -0.0820 -15.5154
X  0.9738 -0.2253  0.0299
Y  0.2271  0.9581 -0.1748
Z  0.0107  0.1770  0.9841

PART 7
OFFSET  15.3660  2.2015 -13.1597
X  0.9738 -0.2253  0.0299
Y  0.2271  0.9581 -0.1748
Z  0.0107  0.1770  0.9841

PART 8
OFFSET  14.9074  0.7132 -12.9394
X  0.9738 -0.2253  0.0299
Y  0.2271  0.9581 -0.1748
Z  0.0107  0.1770  0.9841

PART 9
OFFSET  14.2716 -0.3903 -13.2964
X  0.9738 -0.2253  0.0299
Y  0.2271  0.9581 -0.1748
Z  0.0107  0.1770  0.9841

PART 10
OFFSET  16.1569  0.3599 -14.3198
X  0.8700  0.4589 -0.1803
Y -0.4526  0.8884  0.0775
Z  0.1957  0.0142  0.9806

PART 11
OFFSET  16.1918  1.4295 -13.9236
X  0.7113  0.6949 -0.1051
Y -0.6727  0.6298 -0.3885
Z -0.2038  0.3470  0.9154

PART 12
OFFSET  17.6484  3.0112 -14.1382
X  0.9169  0.3132 -0.2474
Y -0.3654  0.9081 -0.2046
Z  0.1606  0.2780  0.9471

PART 13
OFFSET  19.1684  3.4939 -14.4193
X  0.5975  0.7774 -0.1967
Y -0.7970  0.5485 -0.2529
Z -0.0887  0.3079  0.9473

PART 14
OFFSET  19.7968  4.3580 -14.5930
X  0.3338  0.4891 -0.8058
Y -0.0391 -0.8469 -0.5303
Z -0.9418  0.2085 -0.2635

PART 15
OFFSET  17.4172 -0.2001 -14.3572
X  0.9999  0.0127 -0.0075
Y  0.0081 -0.0515  0.9986
Z  0.0123 -0.9986 -0.0516

PART 16
OFFSET  19.6630 -0.0324 -14.2440
X -0.0255  0.4720  0.8813
Y -0.9847  0.1402 -0.1036
Z -0.1725 -0.8704  0.4611

PART 17
OFFSET  19.6269  0.6357 -12.9964
X -0.5002  0.5074  0.7016
Y -0.8530 -0.1492 -0.5002
Z -0.1492 -0.8487  0.5074

PART 18
OFFSET  19.1834  1.0857 -12.3743
X -0.7213  0.4526  0.5242
Y -0.6627 -0.2310 -0.7124
Z -0.2013 -0.8613  0.4666

PART 19
OFFSET  18.4981  1.5156 -11.8763
X  0.9968 -0.0766 -0.0212
Y -0.0615 -0.5745 -0.8162
Z  0.0503  0.8149 -0.5774

PART 20
OFFSET  17.2805  0.4892 -14.4823
X  0.9681  0.1640 -0.1895
Y  0.1975 -0.0342  0.9797
Z  0.1542 -0.9859 -0.0655

PART 21
OFFSET  19.8434  0.8662 -14.7005
X  0.3653  0.1655  0.9161
Y -0.8870  0.3606  0.2885
Z -0.2826 -0.9179  0.2786

PART 22
OFFSET  20.4653  1.1481 -13.1409
X -0.5625  0.4001  0.7235
Y -0.7834  0.0217 -0.6211
Z -0.2642 -0.9162  0.3012

PART 23
OFFSET  19.6857  1.7026 -12.1381
X -0.7818  0.3815  0.4933
Y -0.5661 -0.1025 -0.8179
Z -0.2615 -0.9187  0.2961

PART 24
OFFSET  18.8378  2.1163 -11.6032
X  0.9510 -0.2992  0.0777
Y -0.0040 -0.2631 -0.9648
Z  0.3091  0.9172 -0.2514

PART 25
OFFSET  18.2251  3.1928 -14.2271
X  0.9605  0.2640  0.0880
Y  0.0480  0.1545 -0.9868
Z -0.2741  0.9521  0.1357

PART 26
OFFSET  19.1327  2.8129 -15.3284
X  0.9358 -0.1197  0.3316
Y -0.3171  0.1252  0.9401
Z -0.1541 -0.9849  0.0792

PART 27
OFFSET  20.7803  2.6021 -14.7446
X  0.1736 -0.0485  0.9836
Y -0.9733  0.1437  0.1789
Z -0.1500 -0.9884 -0.0223

PART 28
OFFSET  21.0005  2.6031 -13.5474
X -0.5657  0.1662  0.8077
Y -0.8113  0.0633 -0.5812
Z -0.1477 -0.9841  0.0990

PART 29
OFFSET  20.3615  2.7908 -12.6351
X  0.8750 -0.3880  0.2896
Y  0.3116 -0.0065 -0.9502
Z  0.3705  0.9216  0.1153

PART 30
OFFSET  19.5660  1.8028 -15.2173
X  0.6547  0.0770  0.7519
Y -0.7491  0.1990  0.6319
Z -0.1009 -0.9770  0.1880

PART 31
OFFSET  20.8451  1.9533 -13.7484
X -0.2838  0.2030  0.9371
Y -0.9477  0.0896 -0.3064
Z -0.1462 -0.9751  0.1669

PART 32
OFFSET  20.4305  2.2498 -12.3796
X -0.7865  0.2219  0.5763
Y -0.5903  0.0039 -0.8072
Z -0.1814 -0.9751  0.1279

PART 33
OFFSET  19.5389  2.4942 -11.7254
X  0.9917 -0.1103  0.0654
Y  0.0408 -0.2122 -0.9764
Z  0.1216  0.9710 -0.2059

PART 34
OFFSET  19.0577  1.1471 -13.3562
X  0.1141 -0.9934 -0.0084
Y -0.1957 -0.0142 -0.9806
Z  0.9740  0.1136 -0.1961

PART 35
OFFSET  10.2443 -1.9509 -7.0301
X  0.7570  0.5117 -0.4063
Y -0.6468  0.4986 -0.5771
Z -0.0927  0.6997  0.7084

PART 36
OFFSET  10.2443 -1.9509 -7.0301
X  0.7570  0.5117 -0.4063
Y -0.6468  0.4986 -0.5771
Z -0.0927  0.6997  0.7084

PART 37
OFFSET  14.2205  2.2705 -7.3512
X  0.7550  0.5259 -0.3917
Y -0.6468  0.4986 -0.5771
Z -0.1082  0.6891  0.7166

PART 38
OFFSET  17.4567  1.0798 -12.4936
X  0.7570  0.5117 -0.4063
Y -0.6468  0.4986 -0.5771
Z -0.0927  0.6997  0.7084

PART 39
OFFSET  21.4331  4.7990 -13.1537
X  0.5031  0.4792 -0.7192
Y  0.4377 -0.8588 -0.2661
Z -0.7452 -0.1809 -0.6419

PART 40
OFFSET  0.6667 -9.4769 -2.8233
X  0.6559  0.7498 -0.0873
Y -0.6468  0.4986 -0.5771
Z -0.3892  0.4350  0.8120

PART 41
OFFSET  25.3098  4.8205 -18.0630
X  0.6468 -0.4986  0.5771
Y  0.7570  0.5117 -0.4063
Z -0.0927  0.6997  0.7084

PART 42
OFFSET  13.3971  0.4071 -8.5523
X  0.7570  0.5117 -0.4063
Y -0.6468  0.4986 -0.5771
Z -0.0927  0.6997  0.7084

PART 43
OFFSET  28.0107  10.8819 -15.8817
X  0.7570  0.5117 -0.4063
Y -0.6468  0.4986 -0.5771
Z -0.0927  0.6997  0.7084

PART 44
OFFSET -10.8444 -11.7139 -5.9426
X -0.9335  0.3392 -0.1162
Y -0.2261 -0.3051  0.9251
Z  0.2783  0.8899  0.3615

PART 45
OFFSET  0.4454 -15.8159 -4.5369
X -0.6498 -0.7518  0.1117
Y  0.7582 -0.6311  0.1637
Z -0.0526  0.1911  0.9802

PART 46
OFFSET  5.9725 -9.4213 -5.4867
X -0.6498 -0.7518  0.1117
Y  0.4908 -0.5273 -0.6936
Z  0.5803 -0.3959  0.7117

PART 47
OFFSET  6.4545 -8.1393 -6.9321
X -0.6541 -0.7487  0.1078
Y  0.0434 -0.1794 -0.9828
Z  0.7551 -0.6382  0.1498

PART 48
OFFSET  5.9679 -7.1353 -6.4390
X -0.6541 -0.7487  0.1078
Y  0.0434 -0.1794 -0.9828
Z  0.7551 -0.6382  0.1498

PART 49
OFFSET  6.0689 -6.8918 -5.0961
X -0.6541 -0.7487  0.1078
Y  0.0434 -0.1794 -0.9828
Z  0.7551 -0.6382  0.1498

PART 50
OFFSET  7.9647 -7.1164 -5.8291
X -0.6066 -0.7425  0.2840
Y  0.4179 -0.6017 -0.6807
Z  0.6763 -0.2942  0.6753

PART 51
OFFSET  7.5567 -6.0810 -5.5772
X  0.1113 -0.9710  0.2117
Y  0.3794 -0.1554 -0.9121
Z  0.9185  0.1819  0.3511

PART 52
OFFSET  7.2275 -3.9803 -5.9626
X -0.4816 -0.4593  0.7464
Y  0.3435 -0.8825 -0.3214
Z  0.8063  0.1016  0.5827

PART 53
OFFSET  7.9351 -3.3029 -7.2521
X -0.4685  0.3079  0.8281
Y -0.0549 -0.9457  0.3205
Z  0.8818  0.1047  0.4599

PART 54
OFFSET  8.4023 -3.6245 -8.1740
X -0.9236 -0.0349  0.3819
Y -0.3828  0.0257 -0.9235
Z  0.0224 -0.9991 -0.0371

PART 55
OFFSET  8.7888 -7.0730 -6.9347
X -0.5528 -0.4503  0.7011
Y  0.8206 -0.1478  0.5521
Z -0.1450  0.8806  0.4512

PART 56
OFFSET  9.9092 -5.9148 -8.5121
X  0.5548 -0.5015  0.6639
Y  0.8233  0.2158 -0.5249
Z  0.1199  0.8378  0.5326

PART 57
OFFSET  9.1238 -5.2048 -9.4520
X  0.9894 -0.0624 -0.1313
Y -0.0698  0.5886 -0.8054
Z  0.1275  0.8060  0.5780

PART 58
OFFSET  8.2466 -5.1495 -9.3356
X  0.5188  0.3995 -0.7558
Y -0.8473  0.3579 -0.3925
Z  0.1137  0.8440  0.5242

PART 59
OFFSET  7.7537 -5.5291 -8.6175
X  0.1186 -0.6523  0.7487
Y -0.9592  0.1197  0.2563
Z -0.2568 -0.7485 -0.6114

PART 60
OFFSET  8.7390 -6.5508 -6.4505
X -0.5794 -0.5903  0.5620
Y  0.7695 -0.1688  0.6160
Z -0.2688  0.7893  0.5520

PART 61
OFFSET  10.2996 -5.1397 -7.9774
X  0.5126 -0.4258  0.7457
Y  0.8563  0.1897 -0.4803
Z  0.0631  0.8847  0.4618

PART 62
OFFSET  9.4270 -4.4148 -9.2469
X  0.9548  0.0830 -0.2855
Y -0.2891  0.4833 -0.8263
Z  0.0694  0.8715  0.4855

PART 63
OFFSET  8.1037 -4.5298 -8.8513
X  0.3595  0.4358 -0.8252
Y -0.9310  0.2278 -0.2853
Z  0.0636  0.8708  0.4876

PART 64
OFFSET  7.7138 -5.0024 -7.9564
X  0.2404 -0.4443  0.8630
Y -0.9706 -0.1008  0.2185
Z -0.0101 -0.8902 -0.4555

PART 65
OFFSET  5.4492 -9.8557 -3.7095
X -0.4635 -0.6641  0.5866
Y -0.8065  0.0420 -0.5897
Z  0.3670 -0.7465 -0.5551

PART 66
OFFSET  10.2646 -3.8786 -6.1714
X -0.7225 -0.6247  0.2962
Y  0.6324 -0.4240  0.6483
Z -0.2795  0.6557  0.7014

PART 67
OFFSET  11.5367 -2.7787 -6.6928
X  0.3133 -0.5863  0.7470
Y  0.8977  0.4395 -0.0315
Z -0.3099  0.6804  0.6640

PART 68
OFFSET  11.1370 -2.0246 -7.5607
X  0.6715 -0.4053  0.6203
Y  0.6904  0.6462 -0.3252
Z -0.2690  0.6467  0.7137

PART 69
OFFSET  10.3785 -1.5668 -8.2613
X -0.9175 -0.2695  0.2924
Y -0.3920  0.4897 -0.7788
Z  0.0667 -0.8292 -0.5549

PART 70
OFFSET  10.5319 -4.5578 -7.0007
X  0.3896 -0.4530  0.8019
Y  0.9133  0.3025 -0.2728
Z -0.1190  0.8386  0.5315

PART 71
OFFSET  9.7709 -3.6729 -8.5672
X  0.9894  0.1445 -0.0144
Y -0.0839  0.4879 -0.8689
Z -0.1185  0.8609  0.4948

PART 72
OFFSET  8.3257 -3.8839 -8.5462
X  0.4436  0.4651 -0.7661
Y -0.8838  0.0850 -0.4602
Z -0.1489  0.8812  0.4488

PART 73
OFFSET  7.8237 -4.4168 -7.6820
X  0.2338 -0.4672  0.8526
Y -0.9703 -0.1680  0.1740
Z  0.0619 -0.8680 -0.4927

PART 74
OFFSET  0.0000 -0.0000 -0.0000
X  1.0000 -0.0000  0.0000
Y  0.0000  1.0000  0.0000
Z  0.0000 -0.0000  1.0000

PART 75
OFFSET  0.0000 -0.0000 -0.0000
X  1.0000 -0.0000  0.0000
Y  0.0000  1.0000  0.0000
Z  0.0000 -0.0000  1.0000

PART 76
OFFSET  1.5404 -0.0000  4.1357
X  1.0000 -0.0000  0.0000
Y  0.0000  1.0000  0.0000
Z  0.0000 -0.0000  1.0000


FRAME 2041
PART 0
OFFSET  0.0000 -0.0000 -0.0000
X  1.0000 -0.0000  0.0000
Y  0.0000  1.0000  0.0000
Z  0.0000 -0.0000  1.0000

PART 1
OFFSET -4.6318 -0.0000 -1.3770
X  1.0000 -0.0000  0.0000
Y  0.0000  1.0000  0.0000
Z  0.0000 -0.0000  1.0000

PART 2
OFFSET -3.5060  6.3408 -6.7125
X  0.6932 -0.2781 -0.6650
Y  0.1462 -0.8491  0.5075
Z -0.7058 -0.4490 -0.5479

PART 3
OFFSET  4.8772  2.9778 -14.7545
X  0.9722 -0.2291  0.0478
Y -0.0098  0.1641  0.9864
Z -0.2338 -0.9595  0.1573

PART 4
OFFSET  13.1465  1.0293 -14.3480
X  0.9722 -0.2291  0.0478
Y  0.2301  0.9730 -0.0162
Z -0.0428  0.0267  0.9987

PART 5
OFFSET  14.9274  2.2869 -15.3334
X  0.9729 -0.2275  0.0415
Y  0.2312  0.9576 -0.1717
Z -0.0007  0.1766  0.9843

PART 6
OFFSET  13.9740 -0.1097 -15.4231
X  0.9729 -0.2275  0.0415
Y  0.2312  0.9576 -0.1717
Z -0.0007  0.1766  0.9843

PART 7
OFFSET  15.3263  2.1700 -13.0501
X  0.9729 -0.2275  0.0415
Y  0.2312  0.9576 -0.1717
Z -0.0007  0.1766  0.9843

PART 8
OFFSET  14.8619  0.6825 -12.8359
X  0.9729 -0.2275  0.0415
Y  0.2312  0.9576 -0.1717
Z -0.0007  0.1766  0.9843

PART 9
OFFSET  14.2280 -0.4194 -13.2010
X  0.9729 -0.2275  0.0415
Y  0.2312  0.9576 -0.1717
Z -0.0007  0.1766  0.9843

PART 10
OFFSET  16.1270  0.3270 -14.2014
X  0.8809  0.4414 -0.1708
Y -0.4309  0.8973  0.0963
Z  0.1957 -0.0112  0.9806

PART 11
OFFSET  16.1878  1.3869 -13.7827
X  0.7274  0.6805 -0.0882
Y -0.6575  0.6544 -0.3734
Z -0.1964  0.3296  0.9235

PART 12
OFFSET  17.6809  2.9390 -13.9589
X  0.9250  0.2954 -0.2389
Y -0.3416  0.9218 -0.1831
Z  0.1661  0.2510  0.9536

PART 13
OFFSET  19.2133  3.3890 -14.2268
X  0.6237  0.7617 -0.1755
Y -0.7774  0.5807 -0.2418
Z -0.0823  0.2873  0.9543

PART 14
OFFSET  19.8707  4.2357 -14.3771
X  0.3530  0.4974 -0.7924
Y -0.0650 -0.8319 -0.5512
Z -0.9334  0.2461 -0.2613

PART 15
OFFSET  17.3734 -0.2625 -14.2508
X  0.9999 -0.0116 -0.0078
Y  0.0070 -0.0715  0.9974
Z -0.0121 -0.9974 -0.0714

PART 16
OFFSET  19.6226 -0.1521 -14.1357
X -0.0119  0.4533  0.8913
Y -0.9814  0.1657 -0.0974
Z -0.1918 -0.8758  0.4429

PART 17
OFFSET  19.6058  0.4898 -12.8739
X -0.4903  0.5033  0.7115
Y -0.8552 -0.1206 -0.5040
Z -0.1679 -0.8556  0.4896

PART 18
OFFSET  19.1710  0.9360 -12.2430
X -0.7131  0.4566  0.5320
Y -0.6656 -0.2026 -0.7183
Z -0.2202 -0.8663  0.4484

PART 19
OFFSET  18.4936  1.3698 -11.7376
X  0.9951 -0.0968 -0.0208
Y -0.0714 -0.5563 -0.8279
Z  0.0685  0.8253 -0.5605

PART 20
OFFSET  17.2534  0.4324 -14.3613
X  0.9719  0.1444 -0.1862
Y  0.1963 -0.0596  0.9787
Z  0.1302 -0.9877 -0.0863

PART 21
OFFSET  19.8248  0.7514 -14.5729
X  0.3701  0.1379  0.9187
Y -0.8781  0.3749  0.2974
Z -0.3034 -0.9167  0.2598

PART 22
OFFSET  20.4549  0.9862 -13.0087
X -0.5543  0.3979  0.7310
Y -0.7820  0.0517 -0.6211
Z -0.2850 -0.9160  0.2825

PART 23
OFFSET  19.6866  1.5377 -11.9956
X -0.7756  0.3886  0.4975
Y -0.5646 -0.0746 -0.8220
Z -0.2823 -0.9184  0.2773

PART 24
OFFSET  18.8455  1.9592 -11.4561
X  0.9441 -0.3209  0.0756
Y -0.0054 -0.2444 -0.9697
Z  0.3297  0.9150 -0.2324

PART 25
OFFSET  18.2634  3.1062 -14.0494
X  0.9666  0.2386  0.0934
Y  0.0520  0.1740 -0.9834
Z -0.2509  0.9554  0.1558

PART 26
OFFSET  19.1619  2.7277 -15.1587
X  0.9333 -0.1485  0.3269
Y -0.3126  0.1115  0.9433
Z -0.1765 -0.9826  0.0576

PART 27
OFFSET  20.8052  2.4662 -14.5832
X  0.1774 -0.0750  0.9813
Y -0.9688  0.1618  0.1875
Z -0.1729 -0.9840 -0.0439

PART 28
OFFSET  21.0313  2.4349 -13.3876
X -0.5557  0.1603  0.8158
Y -0.8139  0.0955 -0.5732
Z -0.1698 -0.9824  0.0774

PART 29
OFFSET  20.4036  2.6160 -12.4661
X  0.8678 -0.4148  0.2736
Y  0.3044  0.0085 -0.9525
Z  0.3927  0.9099  0.1336

PART 30
OFFSET  19.5705  1.7052 -15.0690
X  0.6563  0.0452  0.7531
Y -0.7441  0.2036  0.6363
Z -0.1246 -0.9780  0.1672

PART 31
OFFSET  20.8526  1.7935 -13.5977
X -0.2819  0.1902  0.9404
Y -0.9443  0.1184 -0.3070
Z -0.1697 -0.9746  0.1462

PART 32
OFFSET  20.4408  2.0713 -12.2241
X -0.7837  0.2286  0.5776
Y -0.5864  0.0343 -0.8093
Z -0.2048 -0.9729  0.1071

PART 33
OFFSET  19.5522  2.3233 -11.5686
X  0.9886 -0.1350  0.0672
Y  0.0402 -0.1931 -0.9804
Z  0.1453  0.9719 -0.1854

PART 34
OFFSET  19.0458  1.0230 -13.2220
X  0.0900 -0.9955 -0.0294
Y -0.1957  0.0112 -0.9806
Z  0.9765  0.0940 -0.1938

PART 35
OFFSET  10.1577 -1.9925 -6.9609
X  0.7694  0.5016 -0.3956
Y -0.6343  0.5262 -0.5663
Z -0.0759  0.6866  0.7230

PART 36
OFFSET  10.1577 -1.9925 -6.9609
X  0.7694  0.5016 -0.3956
Y -0.6343  0.5262 -0.5663
Z -0.0759  0.6866  0.7230

PART 37
OFFSET  14.2354  2.1368 -7.1937
X  0.7676  0.5155 -0.3807
Y -0.6343  0.5262 -0.5663
Z -0.0916  0.6762  0.7310

PART 38
OFFSET  17.4434  0.9765 -12.3607
X  0.7694  0.5016 -0.3956
Y -0.6343  0.5262 -0.5663
Z -0.0759  0.6866  0.7230

PART 39
OFFSET  21.5092  4.6110 -12.9430
X  0.5148  0.4819 -0.7090
Y  0.4168 -0.8634 -0.2842
Z -0.7492 -0.1492 -0.6454

PART 40
OFFSET  0.3986 -9.3704 -2.9119
X  0.6740  0.7353 -0.0716
Y -0.6343  0.5262 -0.5663
Z -0.3787  0.4271  0.8211

PART 41
OFFSET  25.3868  4.6417 -17.8515
X  0.6343 -0.5262  0.5663
Y  0.7694  0.5016 -0.3956
Z -0.0759  0.6866  0.7230

PART 42
OFFSET  13.3674  0.3197 -8.4337
X  0.7694  0.5016 -0.3956
Y -0.6343  0.5262 -0.5663
Z -0.0759  0.6866  0.7230

PART 43
OFFSET  28.2337  10.5883 -15.5434
X  0.7694  0.5016 -0.3956
Y -0.6343  0.5262 -0.5663
Z -0.0759  0.6866  0.7230

PART 44
OFFSET -11.0338 -11.5206 -5.9739
X -0.9291  0.3557 -0.1009
Y -0.2250 -0.3274  0.9177
Z  0.2934  0.8754  0.3842

PART 45
OFFSET  0.2030 -15.8228 -4.7536
X -0.6525 -0.7517  0.0964
Y  0.7565 -0.6387  0.1404
Z -0.0440  0.1645  0.9854

PART 46
OFFSET  5.7525 -9.4296 -5.5732
X -0.6525 -0.7517  0.0964
Y  0.4866 -0.5130 -0.7071
Z  0.5809 -0.4145  0.7005

PART 47
OFFSET  6.2291 -8.1109 -6.9870
X -0.6568 -0.7484  0.0926
Y  0.0348 -0.1527 -0.9877
Z  0.7533 -0.6455  0.1264

PART 48
OFFSET  5.7512 -7.1185 -6.4629
X -0.6568 -0.7484  0.0926
Y  0.0348 -0.1527 -0.9877
Z  0.7533 -0.6455  0.1264

PART 49
OFFSET  5.8639 -6.9122 -5.1147
X -0.6568 -0.7484  0.0926
Y  0.0348 -0.1527 -0.9877
Z  0.7533 -0.6455  0.1264

PART 50
OFFSET  7.7528 -7.1252 -5.8686
X -0.6246 -0.7334  0.2684
Y  0.4033 -0.5972 -0.6933
Z  0.6688 -0.3248  0.6688

PART 51
OFFSET  7.3700 -6.0857 -5.5949
X  0.0876 -0.9776  0.1912
Y  0.3758 -0.1453 -0.9152
Z  0.9226  0.1520  0.3547

PART 52
OFFSET  7.0921 -3.9700 -5.9358
X -0.4928 -0.4631  0.7367
Y  0.3220 -0.8836 -0.3400
Z  0.8084  0.0697  0.5846

PART 53
OFFSET  7.8163 -3.2829 -7.2109
X -0.4611  0.3016  0.8345
Y -0.0780 -0.9506  0.3005
Z  0.8839  0.0735  0.4619

PART 54
OFFSET  8.2759 -3.5963 -8.1395
X -0.9242 -0.0204  0.3812
Y -0.3818  0.0545 -0.9226
Z -0.0019 -0.9983 -0.0582

PART 55
OFFSET  8.5781 -7.0785 -6.9733
X -0.5638 -0.4514  0.6916
Y  0.8166 -0.1793  0.5487
Z -0.1237  0.8741  0.4697

PART 56
OFFSET  9.7268 -5.9150 -8.5261
X  0.5422 -0.5287  0.6531
Y  0.8285  0.2068 -0.5204
Z  0.1401  0.8232  0.5501

PART 57
OFFSET  8.9592 -5.1664 -9.4507
X  0.9876 -0.0836 -0.1328
Y -0.0552  0.6070 -0.7928
Z  0.1469  0.7903  0.5949

PART 58
OFFSET  8.0835 -5.0923 -9.3329
X  0.5286  0.4026 -0.7473
Y -0.8382  0.3865 -0.3847
Z  0.1340  0.8297  0.5418

PART 59
OFFSET  7.5813 -5.4748 -8.6230
X  0.1025 -0.6706  0.7347
Y -0.9560  0.1376  0.2589
Z -0.2747 -0.7290 -0.6270

PART 60
OFFSET  8.5408 -6.5657 -6.4781
X -0.5938 -0.5878  0.5495
Y  0.7649 -0.2004  0.6121
Z -0.2497  0.7838  0.5686

PART 61
OFFSET  10.1358 -5.1610 -7.9753
X  0.5018 -0.4537  0.7364
Y  0.8608  0.1789 -0.4764
Z  0.0844  0.8730  0.4803

PART 62
OFFSET  9.2814 -4.3885 -9.2290
X  0.9566  0.0657 -0.2838
Y -0.2770  0.5075 -0.8159
Z  0.0904  0.8591  0.5037

PART 63
OFFSET  7.9556 -4.4796 -8.8356
X  0.3702  0.4442 -0.8159
Y -0.9251  0.2563 -0.2802
Z  0.0846  0.8585  0.5058

PART 64
OFFSET  7.5541 -4.9614 -7.9508
X  0.2293 -0.4681  0.8534
Y -0.9728 -0.0817  0.2165
Z -0.0316 -0.8799 -0.4741

PART 65
OFFSET  5.1708 -9.8467 -3.8068
X -0.4797 -0.6648  0.5726
Y -0.8051  0.0740 -0.5885
Z  0.3489 -0.7433 -0.5708

PART 66
OFFSET  10.1308 -3.9378 -6.1430
X -0.7376 -0.6131  0.2831
Y  0.6217 -0.4528  0.6391
Z -0.2637  0.6474  0.7151

PART 67
OFFSET  11.4294 -2.8584 -6.6414
X  0.2987 -0.6094  0.7344
Y  0.9081  0.4181 -0.0224
Z -0.2935  0.6736  0.6783

PART 68
OFFSET  11.0485 -2.0766 -7.4931
X  0.6613 -0.4345  0.6115
Y  0.7060  0.6359 -0.3117
Z -0.2534  0.6378  0.7273

PART 69
OFFSET  10.3016 -1.5859 -8.1838
X -0.9239 -0.2532  0.2868
Y -0.3797  0.5154 -0.7682
Z  0.0467 -0.8187 -0.5723

PART 70
OFFSET  10.3818 -4.6057 -6.9865
X  0.3782 -0.4791  0.7921
Y  0.9204  0.2859 -0.2665
Z -0.0987  0.8299  0.5491

PART 71
OFFSET  9.6430 -3.6696 -8.5339
X  0.9926  0.1206 -0.0116
Y -0.0717  0.5080 -0.8584
Z -0.0977  0.8529  0.5129

PART 72
OFFSET  8.1931 -3.8458 -8.5170
X  0.4550  0.4702 -0.7562
Y -0.8813  0.1161 -0.4581
Z -0.1276  0.8749  0.4673

PART 73
OFFSET  7.6781 -4.3845 -7.6642
X  0.2221 -0.4907  0.8426
Y -0.9742 -0.1480  0.1706
Z  0.0410 -0.8587 -0.5109

PART 74
OFFSET  0.0000 -0.0000 -0.0000
X  1.0000 -0.0000  0.0000
Y  0.0000  1.0000  0.0000
Z  0.0000 -0.0000  1.0000

PART 75
OFFSET  0.0000 -0.0000 -0.0000
X  1.0000 -0.0000  0.0000
Y  0.0000  1.0000  0.0000
Z  0.0000 -0.0000  1.0000

PART 76
OFFSET  1.5404 -0.0000  4.1357
X  1.0000 -0.0000  0.0000
Y  0.0000  1.0000  0.0000
Z  0.0000 -0.0000  1.0000


FRAME 2042
PART 0
OFFSET  0.0000 -0.0000 -0.0000
X  1.0000 -0.0000  0.0000
Y  0.0000  1.0000  0.0000
Z  0.0000 -0.0000  1.0000

PART 1
OFFSET -4.6318 -0.0000 -1.3770
X  1.0000 -0.0000  0.0000
Y  0.0000  1.0000  0.0000
Z  0.0000 -0.0000  1.0000

PART 2
OFFSET -3.5060  6.3408 -6.7125
X  0.6911 -0.2791 -0.6667
Y  0.1360 -0.8557  0.4992
Z -0.7098 -0.4357 -0.5535

PART 3
OFFSET  4.8527  2.9656 -14.7749
X  0.9688 -0.2353  0.0782
Y -0.0403  0.1619  0.9860
Z -0.2447 -0.9583  0.1474

PART 4
OFFSET  13.0925  0.9644 -14.1095
X  0.9688 -0.2353  0.0782
Y  0.2316  0.9713  0.0538
Z -0.0887 -0.0340  0.9955

PART 5
OFFSET  14.9117  2.2131 -15.0344
X  0.9696 -0.2337  0.0720
Y  0.2425  0.9566 -0.1618
Z -0.0311  0.1744  0.9842

PART 6
OFFSET  13.9469 -0.1773 -15.1604
X  0.9696 -0.2337  0.0720
Y  0.2425  0.9566 -0.1618
Z -0.0311  0.1744  0.9842

PART 7
OFFSET  15.2368  2.0884 -12.7398
X  0.9696 -0.2337  0.0720
Y  0.2425  0.9566 -0.1618
Z -0.0311  0.1744  0.9842

PART 8
OFFSET  14.7566  0.6034 -12.5443
X  0.9696 -0.2337  0.0720
Y  0.2425  0.9566 -0.1618
Z -0.0311  0.1744  0.9842

PART 9
OFFSET  14.1278 -0.4937 -12.9322
X  0.9696 -0.2337  0.0720
Y  0.2425  0.9566 -0.1618
Z -0.0311  0.1744  0.9842

PART 10
OFFSET  16.0624  0.2431 -13.8696
X  0.9083  0.3923 -0.1452
Y -0.3721  0.9163  0.1478
Z  0.1911 -0.0802  0.9783

PART 11
OFFSET  16.1904  1.2709 -13.3905
X  0.7696  0.6369 -0.0461
Y -0.6129  0.7165 -0.3332
Z -0.1792  0.2847  0.9417

PART 12
OFFSET  17.7799  2.7326 -13.4709
X  0.9439  0.2470 -0.2194
Y -0.2786  0.9520 -0.1271
Z  0.1774  0.1810  0.9673

PART 13
OFFSET  19.3401  3.0948 -13.7092
X  0.6805  0.7218 -0.1262
Y -0.7296  0.6515 -0.2081
Z -0.0680  0.2337  0.9699

PART 14
OFFSET  20.0605  3.8972 -13.8047
X  0.3957  0.5170 -0.7591
Y -0.1230 -0.7892 -0.6016
Z -0.9101  0.3314 -0.2487

PART 15
OFFSET  17.2681 -0.4223 -13.9531
X  0.9971 -0.0762 -0.0091
Y -0.0007 -0.1276  0.9918
Z -0.0767 -0.9889 -0.1273

PART 16
OFFSET  19.5194 -0.4650 -13.8334
X  0.0172  0.4005  0.9161
Y -0.9687  0.2335 -0.0839
Z -0.2475 -0.8860  0.3920

PART 17
OFFSET  19.5438  0.1020 -12.5364
X -0.4621  0.4911  0.7384
Y -0.8585 -0.0390 -0.5113
Z -0.2223 -0.8702  0.4397

PART 18
OFFSET  19.1341  0.5375 -11.8816
X -0.6873  0.4684  0.5553
Y -0.6723 -0.1207 -0.7303
Z -0.2750 -0.8752  0.3979

PART 19
OFFSET  18.4811  0.9824 -11.3541
X  0.9875 -0.1559 -0.0238
Y -0.1001 -0.5032 -0.8584
Z  0.1218  0.8500 -0.5125

PART 20
OFFSET  17.1939  0.2841 -14.0234
X  0.9798  0.0914 -0.1777
Y  0.1886 -0.1284  0.9736
Z  0.0662 -0.9875 -0.1431

PART 21
OFFSET  19.7812  0.4471 -14.2176
X  0.3763  0.0613  0.9245
Y -0.8531  0.4122  0.3200
Z -0.3615 -0.9090  0.2074

PART 22
OFFSET  20.4219  0.5514 -12.6437
X -0.5316  0.3901  0.7518
Y -0.7744  0.1356 -0.6180
Z -0.3430 -0.9107  0.2300

PART 23
OFFSET  19.6852  1.0921 -11.6018
X -0.7542  0.4079  0.5146
Y -0.5615  0.0057 -0.8275
Z -0.3405 -0.9130  0.2247

PART 24
OFFSET  18.8672  1.5345 -11.0437
X  0.9219 -0.3824  0.0622
Y -0.0126 -0.1899 -0.9817
Z  0.3872  0.9043 -0.1799

PART 25
OFFSET  18.3740  2.8644 -13.5582
X  0.9797  0.1696  0.1068
Y  0.0667  0.2265 -0.9717
Z -0.1890  0.9591  0.2106

PART 26
OFFSET  19.2500  2.4927 -14.6875
X  0.9216 -0.2262  0.3154
Y -0.3063  0.0751  0.9490
Z -0.2383 -0.9712 -0.0001

PART 27
OFFSET  20.8726  2.0945 -14.1323
X  0.1747 -0.1447  0.9739
Y -0.9562  0.2109  0.2029
Z -0.2348 -0.9667 -0.1015

PART 28
OFFSET  21.0993  1.9773 -12.9421
X -0.5401  0.1453  0.8289
Y -0.8091  0.1811 -0.5590
Z -0.2314 -0.9727  0.0197

PART 29
OFFSET  20.4892  2.1414 -12.0058
X  0.8412 -0.4844  0.2403
Y  0.2993  0.0470 -0.9530
Z  0.4503  0.8736  0.1845

PART 30
OFFSET  19.5911  1.4424 -14.6570
X  0.6553 -0.0409  0.7542
Y -0.7315  0.2143  0.6472
Z -0.1881 -0.9759  0.1105

PART 31
OFFSET  20.8713  1.3624 -13.1835
X -0.2756  0.1542  0.9488
Y -0.9326  0.1962 -0.3028
Z -0.2329 -0.9684  0.0897

PART 32
OFFSET  20.4687  1.5877 -11.7976
X -0.7723  0.2456  0.5859
Y -0.5762  0.1176 -0.8088
Z -0.2675 -0.9622  0.0507

PART 33
OFFSET  19.5925  1.8589 -11.1332
X  0.9773 -0.2019  0.0641
Y  0.0361 -0.1396 -0.9895
Z  0.2087  0.9694 -0.1292

PART 34
OFFSET  19.0167  0.6906 -12.8522
X  0.0253 -0.9959 -0.0866
Y -0.1911  0.0802 -0.9783
Z  0.9812  0.0413 -0.1883

PART 35
OFFSET  9.9296 -2.0962 -6.7736
X  0.8017  0.4725 -0.3662
Y -0.5968  0.5980 -0.5350
Z -0.0338  0.6474  0.7614

PART 36
OFFSET  9.9296 -2.0962 -6.7736
X  0.8017  0.4725 -0.3662
Y -0.5968  0.5980 -0.5350
Z -0.0338  0.6474  0.7614

PART 37
OFFSET  14.2672  1.7661 -6.7689
X  0.8008  0.4856 -0.3505
Y -0.5968  0.5980 -0.5350
Z -0.0502  0.6376  0.7687

PART 38
OFFSET  17.4116  0.6989 -11.9948
X  0.8017  0.4725 -0.3662
Y -0.5968  0.5980 -0.5350
Z -0.0338  0.6474  0.7614

PART 39
OFFSET  21.7065  4.0892 -12.3675
X  0.5475  0.4874 -0.6802
Y  0.3609 -0.8709 -0.3336
Z -0.7549 -0.0629 -0.6528

PART 40
OFFSET -0.3016 -9.0455 -3.1543
X  0.7205  0.6929 -0.0293
Y -0.5968  0.5980 -0.5350
Z -0.3532  0.4029  0.8443

PART 41
OFFSET  25.5954  4.1501 -17.2668
X  0.5968 -0.5980  0.5350
Y  0.8017  0.4725 -0.3662
Z -0.0338  0.6474  0.7614

PART 42
OFFSET  13.2876  0.0835 -8.1113
X  0.8017  0.4725 -0.3662
Y -0.5968  0.5980 -0.5350
Z -0.0338  0.6474  0.7614

PART 43
OFFSET  28.8135  9.7568 -14.6207
X  0.8017  0.4725 -0.3662
Y -0.5968  0.5980 -0.5350
Z -0.0338  0.6474  0.7614

PART 44
OFFSET -11.5478 -10.9961 -6.0589
X -0.9170  0.3956 -0.0514
Y -0.2211 -0.3968  0.8909
Z  0.3320  0.8283  0.4513

PART 45
OFFSET -0.4578 -15.7801 -5.4368
X -0.6612 -0.7487  0.0468
Y  0.7499 -0.6579  0.0692
Z -0.0210  0.0808  0.9965

PART 46
OFFSET  5.1661 -9.4117 -5.8347
X -0.6612 -0.7487  0.0468
Y  0.4805 -0.4706 -0.7400
Z  0.5761 -0.4668  0.6710

PART 47
OFFSET  5.6322 -7.9840 -7.1421
X -0.6656 -0.7451  0.0434
Y  0.0120 -0.0688 -0.9976
Z  0.7463 -0.6634  0.0547

PART 48
OFFSET  5.1799 -7.0337 -6.5255
X -0.6656 -0.7451  0.0434
Y  0.0120 -0.0688 -0.9976
Z  0.7463 -0.6634  0.0547

PART 49
OFFSET  5.3237 -6.9439 -5.1675
X -0.6656 -0.7451  0.0434
Y  0.0120 -0.0688 -0.9976
Z  0.7463 -0.6634  0.0547

PART 50
OFFSET  7.1932 -7.1163 -5.9782
X -0.6718 -0.7055  0.2258
Y  0.3662 -0.5813 -0.7266
Z  0.6439 -0.4054  0.6489

PART 51
OFFSET  6.8775 -6.0715 -5.6450
X  0.0234 -0.9906  0.1346
Y  0.3688 -0.1165 -0.9222
Z  0.9292  0.0712  0.3627

PART 52
OFFSET  6.7386 -3.9261 -5.8635
X -0.5244 -0.4717  0.7089
Y  0.2653 -0.8816 -0.3903
Z  0.8091 -0.0167  0.5875

PART 53
OFFSET  7.5104 -3.2155 -7.0970
X -0.4436  0.2825  0.8506
Y -0.1405 -0.9592  0.2453
Z  0.8851 -0.0107  0.4652

PART 54
OFFSET  7.9520 -3.5041 -8.0422
X -0.9250  0.0177  0.3796
Y -0.3742  0.1321 -0.9179
Z -0.0664 -0.9911 -0.1155

PART 55
OFFSET  8.0236 -7.0598 -7.0785
X -0.5944 -0.4528  0.6646
Y  0.8013 -0.2632  0.5373
Z -0.0684  0.8519  0.5193

PART 56
OFFSET  9.2509 -5.8860 -8.5619
X  0.5044 -0.5994  0.6215
Y  0.8420  0.1821 -0.5078
Z  0.1912  0.7794  0.5966

PART 57
OFFSET  8.5367 -5.0373 -9.4417
X  0.9806 -0.1398 -0.1376
Y -0.0129  0.6539 -0.7565
Z  0.1957  0.7436  0.6394

PART 58
OFFSET  7.6673 -4.9134 -9.3197
X  0.5563  0.4097 -0.7230
Y -0.8100  0.4616 -0.3617
Z  0.1856  0.7868  0.5887

PART 59
OFFSET  7.1388 -5.3027 -8.6329
X  0.0562 -0.7169  0.6949
Y -0.9460  0.1843  0.2666
Z -0.3192 -0.6723 -0.6679

PART 60
OFFSET  8.0179 -6.5749 -6.5546
X -0.6326 -0.5786  0.5149
Y  0.7481 -0.2845  0.5995
Z -0.2004  0.7644  0.6128

PART 61
OFFSET  9.7059 -5.1931 -7.9687
X  0.4687 -0.5269  0.7090
Y  0.8723  0.1497 -0.4655
Z  0.1391  0.8366  0.5298

PART 62
OFFSET  8.9079 -4.2960 -9.1757
X  0.9599  0.0197 -0.2798
Y -0.2406  0.5705 -0.7853
Z  0.1441  0.8211  0.5523

PART 63
OFFSET  7.5776 -4.3233 -8.7880
X  0.4011  0.4654 -0.7890
Y -0.9055  0.3315 -0.2649
Z  0.1383  0.8207  0.5544

PART 64
OFFSET  7.1425 -4.8280 -7.9323
X  0.1954 -0.5303  0.8250
Y -0.9769 -0.0307  0.2116
Z -0.0869 -0.8473 -0.5240

PART 65
OFFSET  4.4328 -9.7783 -4.0760
X -0.5238 -0.6641  0.5335
Y -0.7965  0.1598 -0.5831
Z  0.3020 -0.7304 -0.6127

PART 66
OFFSET  9.7737 -4.0795 -6.0690
X -0.7768 -0.5791  0.2474
Y  0.5887 -0.5282  0.6119
Z -0.2237  0.6210  0.7512

PART 67
OFFSET  11.1414 -3.0598 -6.5047
X  0.2559 -0.6687  0.6981
Y  0.9334  0.3589  0.0016
Z -0.2516  0.6512  0.7160

PART 68
OFFSET  10.8149 -2.2073 -7.3099
X  0.6295 -0.5109  0.5854
Y  0.7469  0.6056 -0.2747
Z -0.2142  0.6101  0.7628

PART 69
OFFSET  10.1039 -1.6302 -7.9710
X -0.9394 -0.2087  0.2719
Y -0.3428  0.5822 -0.7372
Z -0.0045 -0.7858 -0.6185

PART 70
OFFSET  9.9839 -4.7127 -6.9496
X  0.3435 -0.5474  0.7631
Y  0.9380  0.2404 -0.2498
Z -0.0467  0.8016  0.5960

PART 71
OFFSET  9.3129 -3.6433 -8.4404
X  0.9984  0.0564 -0.0048
Y -0.0356  0.5601 -0.8277
Z -0.0440  0.8265  0.5612

PART 72
OFFSET  7.8546 -3.7256 -8.4335
X  0.4873  0.4824 -0.7279
Y -0.8703  0.1992 -0.4505
Z -0.0723  0.8530  0.5169

PART 73
OFFSET  7.3026 -4.2779 -7.6130
X  0.1868 -0.5517  0.8129
Y -0.9823 -0.0940  0.1620
Z -0.0129 -0.8288 -0.5595

PART 74
OFFSET  0.0000 -0.0000 -0.0000
X  1.0000 -0.0000  0.0000
Y  0.0000  1.0000  0.0000
Z  0.0000 -0.0000  1.0000

PART 75
OFFSET  0.0000 -0.0000 -0.0000
X  1.0000 -0.0000  0.0000
Y  0.0000  1.0000  0.0000
Z  0.0000 -0.0000  1.0000

PART 76
OFFSET  1.5404 -0.0000  4.1357
X  1.0000 -0.0000  0.0000
Y  0.0000  1.0000  0.0000
Z  0.0000 -0.0000  1.0000


FRAME 2043
PART 0
OFFSET  0.0000 -0.0000 -0.0000
X  1.0000 -0.0000  0.0000
Y  0.0000  1.0000  0.0000
Z  0.0000 -0.0000  1.0000

PART 1
OFFSET -4.6318 -0.0000 -1.3770
X  1.0000 -0.0000  0.0000
Y  0.0000  1.0000  0.0000
Z  0.0000 -0.0000  1.0000

PART 2
OFFSET -3.5060  6.3408 -6.7125
X  0.6937 -0.2784 -0.6643
Y  0.1177 -0.8661  0.4858
Z -0.7106 -0.4152 -0.5680

PART 3
OFFSET  4.8832  2.9741 -14.7467
X  0.9617 -0.2460  0.1206
Y -0.0838  0.1550  0.9844
Z -0.2608 -0.9568  0.1285

PART 4
OFFSET  13.0633  0.8819 -13.7210
X  0.9617 -0.2460  0.1206
Y  0.2257  0.9609  0.1605
Z -0.1554 -0.1271  0.9796

PART 5
OFFSET  14.9355  2.1183 -14.5519
X  0.9629 -0.2443  0.1144
Y  0.2594  0.9551 -0.1430
Z -0.0744  0.1673  0.9831

PART 6
OFFSET  13.9533 -0.2609 -14.7408
X  0.9629 -0.2443  0.1144
Y  0.2594  0.9551 -0.1430
Z -0.0744  0.1673  0.9831

PART 7
OFFSET  15.1538  1.9731 -12.2459
X  0.9629 -0.2443  0.1144
Y  0.2594  0.9551 -0.1430
Z -0.0744  0.1673  0.9831

PART 8
OFFSET  14.6501  0.4918 -12.0843
X  0.9629 -0.2443  0.1144
Y  0.2594  0.9551 -0.1430
Z -0.0744  0.1673  0.9831

PART 9
OFFSET  14.0288 -0.5957 -12.5092
X  0.9629 -0.2443  0.1144
Y  0.2594  0.9551 -0.1430
Z -0.0744  0.1673  0.9831

PART 10
OFFSET  16.0117  0.1277 -13.3513
X  0.9421  0.3171 -0.1086
Y -0.2875  0.9310  0.2248
Z  0.1724 -0.1805  0.9683

PART 11
OFFSET  16.2288  1.0947 -12.7857
X  0.8248  0.5652  0.0141
Y -0.5411  0.7964 -0.2701
Z -0.1639  0.2152  0.9627

PART 12
OFFSET  17.9456  2.4059 -12.7287
X  0.9657  0.1746 -0.1923
Y -0.1859  0.9816 -0.0427
Z  0.1813  0.0770  0.9804

PART 13
OFFSET  19.5360  2.6378 -12.9268
X  0.7540  0.6544 -0.0566
Y -0.6543  0.7406 -0.1528
Z -0.0580  0.1522  0.9866

PART 14
OFFSET  20.3376  3.3650 -12.9455
X  0.4590  0.5379 -0.7070
Y -0.1955 -0.7152 -0.6710
Z -0.8666  0.4463 -0.2231

PART 15
OFFSET  17.1516 -0.6373 -13.4882
X  0.9858 -0.1675 -0.0135
Y -0.0222 -0.2094  0.9776
Z -0.1666 -0.9634 -0.2102

PART 16
OFFSET  19.3880 -0.8991 -13.3680
X  0.0475  0.3167  0.9473
Y -0.9428  0.3275 -0.0622
Z -0.3300 -0.8902  0.3142

PART 17
OFFSET  19.4552 -0.4507 -12.0268
X -0.4260  0.4664  0.7753
Y -0.8522  0.0809 -0.5169
Z -0.3038 -0.8809  0.3630

PART 18
OFFSET  19.0775 -0.0372 -11.3394
X -0.6510  0.4793  0.5886
Y -0.6703  0.0009 -0.7421
Z -0.3562 -0.8777  0.3207

PART 19
OFFSET  18.4590  0.4181 -10.7801
X  0.9702 -0.2402 -0.0308
Y -0.1321 -0.4186 -0.8985
Z  0.2029  0.8758 -0.4379

PART 20
OFFSET  17.1436  0.0764 -13.4979
X  0.9859  0.0148 -0.1666
Y  0.1655 -0.2277  0.9596
Z -0.0238 -0.9736 -0.2269

PART 21
OFFSET  19.7368  0.0141 -13.6716
X  0.3722 -0.0521  0.9267
Y -0.8150  0.4595  0.3531
Z -0.4442 -0.8867  0.1285

PART 22
OFFSET  20.3704 -0.0746 -12.0939
X -0.5032  0.3725  0.7798
Y -0.7518  0.2564 -0.6076
Z -0.4262 -0.8919  0.1510

PART 23
OFFSET  19.6730  0.4416 -11.0131
X -0.7230  0.4307  0.5402
Y -0.5456  0.1237 -0.8289
Z -0.4238 -0.8940  0.1455

PART 24
OFFSET  18.8889  0.9087 -10.4273
X  0.8832 -0.4675  0.0381
Y -0.0139 -0.1072 -0.9941
Z  0.4688  0.8775 -0.1012

PART 25
OFFSET  18.5520  2.4869 -12.8103
X  0.9900  0.0681  0.1236
Y  0.0977  0.3011 -0.9486
Z -0.1018  0.9511  0.2915

PART 26
OFFSET  19.4019  2.1327 -13.9649
X  0.8947 -0.3354  0.2949
Y -0.3063  0.0197  0.9517
Z -0.3250 -0.9419 -0.0851

PART 27
OFFSET  20.9772  1.5422 -13.4457
X  0.1570 -0.2454  0.9566
Y -0.9342  0.2774  0.2244
Z -0.3205 -0.9289 -0.1857

PART 28
OFFSET  21.1874  1.3003 -12.2715
X -0.5257  0.1184  0.8424
Y -0.7890  0.3024 -0.5349
Z -0.3181 -0.9458 -0.0655

PART 29
OFFSET  20.5937  1.4341 -11.3200
X  0.7939 -0.5776  0.1902
Y  0.3033  0.1050 -0.9471
Z  0.5270  0.8096  0.2585

PART 30
OFFSET  19.6442  1.0565 -14.0235
X  0.6408 -0.1657  0.7496
Y -0.7154  0.2253  0.6614
Z -0.2784 -0.9601  0.0258

PART 31
OFFSET  20.8961  0.7328 -12.5591
X -0.2740  0.0989  0.9566
Y -0.9062  0.3066 -0.2912
Z -0.3221 -0.9467  0.0056

PART 32
OFFSET  20.4959  0.8772 -11.1619
X -0.7559  0.2665  0.5980
Y -0.5498  0.2375 -0.8008
Z -0.3554 -0.9341 -0.0330

PART 33
OFFSET  19.6376  1.1723 -10.4842
X  0.9535 -0.2963  0.0550
Y  0.0391 -0.0595 -0.9975
Z  0.2988  0.9532 -0.0451

PART 34
OFFSET  18.9836  0.2106 -12.2913
X -0.0658 -0.9830 -0.1715
Y -0.1724  0.1805 -0.9683
Z  0.9828 -0.0342 -0.1814

PART 35
OFFSET  9.6137 -2.2264 -6.4984
X  0.8457  0.4254 -0.3222
Y -0.5333  0.6942 -0.4834
Z  0.0180  0.5807  0.8139

PART 36
OFFSET  9.6137 -2.2264 -6.4984
X  0.8457  0.4254 -0.3222
Y -0.5333  0.6942 -0.4834
Z  0.0180  0.5807  0.8139

PART 37
OFFSET  14.2892  1.2017 -6.1512
X  0.8459  0.4371 -0.3055
Y -0.5333  0.6942 -0.4834
Z  0.0007  0.5719  0.8204

PART 38
OFFSET  17.3771  0.2951 -11.4407
X  0.8457  0.4254 -0.3222
Y -0.5333  0.6942 -0.4834
Z  0.0180  0.5807  0.8139

PART 39
OFFSET  21.9705  3.2909 -11.5100
X  0.5974  0.4905 -0.6344
Y  0.2825 -0.8691 -0.4059
Z -0.7505  0.0633 -0.6578

PART 40
OFFSET -1.2536 -8.4773 -3.5155
X  0.7816  0.6229  0.0321
Y -0.5333  0.6942 -0.4834
Z -0.3234  0.3607  0.8748

PART 41
OFFSET  25.9004  3.4066 -16.3755
X  0.5333 -0.6942  0.4834
Y  0.8457  0.4254 -0.3222
Z  0.0180  0.5807  0.8139

PART 42
OFFSET  13.1728 -0.2623 -7.6354
X  0.8457  0.4254 -0.3222
Y -0.5333  0.6942 -0.4834
Z  0.0180  0.5807  0.8139

PART 43
OFFSET  29.5942  8.4446 -13.2501
X  0.8457  0.4254 -0.3222
Y -0.5333  0.6942 -0.4834
Z  0.0180  0.5807  0.8139

PART 44
OFFSET -12.3053 -10.2232 -6.1842
X -0.8988  0.4363  0.0437
Y -0.2139 -0.5234  0.8248
Z  0.3827  0.7320  0.5637

PART 45
OFFSET -1.4358 -15.4992 -6.7128
X -0.6787 -0.7328 -0.0492
Y  0.7344 -0.6760 -0.0605
Z  0.0110 -0.0772  0.9970

PART 46
OFFSET  4.3365 -9.2664 -6.2942
X -0.6787 -0.7328 -0.0492
Y  0.4874 -0.3993 -0.7765
Z  0.5494 -0.5510  0.6282

PART 47
OFFSET  4.7999 -7.6601 -7.3758
X -0.6830 -0.7286 -0.0519
Y -0.0198  0.0894 -0.9958
Z  0.7301 -0.6791 -0.0755

PART 48
OFFSET  4.3910 -6.8099 -6.6026
X -0.6830 -0.7286 -0.0519
Y -0.0198  0.0894 -0.9958
Z  0.7301 -0.6791 -0.0755

PART 49
OFFSET  4.5778 -6.9388 -5.2530
X -0.6830 -0.7286 -0.0519
Y -0.0198  0.0894 -0.9958
Z  0.7301 -0.6791 -0.0755

PART 50
OFFSET  6.4170 -7.0198 -6.1433
X -0.7364 -0.6567  0.1628
Y  0.3187 -0.5489 -0.7727
Z  0.5968 -0.5172  0.6135

PART 51
OFFSET  6.1957 -5.9824 -5.7228
X -0.0697 -0.9964  0.0493
Y  0.3663 -0.0715 -0.9277
Z  0.9279 -0.0466  0.3700

PART 52
OFFSET  6.2578 -3.8226 -5.7571
X -0.5733 -0.4794  0.6645
Y  0.1868 -0.8661 -0.4637
Z  0.7978 -0.1417  0.5861

PART 53
OFFSET  7.1050 -3.0844 -6.9231
X -0.4246  0.2491  0.8704
Y -0.2311 -0.9594  0.1618
Z  0.8754 -0.1325  0.4650

PART 54
OFFSET  7.5281 -3.3314 -7.8884
X -0.9234  0.0713  0.3772
Y -0.3506  0.2439 -0.9042
Z -0.1564 -0.9672 -0.2002

PART 55
OFFSET  7.2608 -6.9474 -7.2325
X -0.6407 -0.4505  0.6217
Y  0.7678 -0.3812  0.5150
Z  0.0050  0.8073  0.5901

PART 56
OFFSET  8.6069 -5.7709 -8.6066
X  0.4403 -0.6944  0.5692
Y  0.8606  0.1456 -0.4881
Z  0.2560  0.7047  0.6617

PART 57
OFFSET  7.9836 -4.7877 -9.4124
X  0.9649 -0.2181 -0.1464
Y  0.0556  0.7142 -0.6977
Z  0.2567  0.6651  0.7012

PART 58
OFFSET  7.1281 -4.5944 -9.2826
X  0.5994  0.4162 -0.6837
Y -0.7600  0.5640 -0.3230
Z  0.2511  0.7132  0.6544

PART 59
OFFSET  6.5587 -4.9898 -8.6331
X -0.0177 -0.7755  0.6311
Y -0.9278  0.2480  0.2788
Z -0.3728 -0.5805 -0.7239

PART 60
OFFSET  7.2943 -6.5104 -6.6691
X -0.6888 -0.5590  0.4617
Y  0.7122 -0.4027  0.5749
Z -0.1354  0.7248  0.6755

PART 61
OFFSET  9.1177 -5.1762 -7.9550
X  0.4105 -0.6266  0.6625
Y  0.8873  0.1070 -0.4486
Z  0.2102  0.7720  0.5999

PART 62
OFFSET  8.4188 -4.1095 -9.0829
X  0.9605 -0.0459 -0.2744
Y -0.1785  0.6551 -0.7342
Z  0.2135  0.7542  0.6210

PART 63
OFFSET  7.0877 -4.0459 -8.7026
X  0.4508  0.4915 -0.7451
Y -0.8682  0.4355 -0.2379
Z  0.2076  0.7542  0.6230

PART 64
OFFSET  6.5987 -4.5789 -7.8944
X  0.1368 -0.6144  0.7771
Y -0.9777  0.0423  0.2056
Z -0.1592 -0.7879 -0.5949

PART 65
OFFSET  3.4025 -9.5658 -4.4836
X -0.5886 -0.6555  0.4732
Y -0.7721  0.2822 -0.5695
Z  0.2398 -0.7005 -0.6722

PART 66
OFFSET  9.2679 -4.2393 -5.9668
X -0.8295 -0.5234  0.1948
Y  0.5309 -0.6307  0.5660
Z -0.1734  0.5729  0.8011

PART 67
OFFSET  10.7284 -3.3178 -6.3098
X  0.1856 -0.7465  0.6389
Y  0.9625  0.2692  0.0348
Z -0.1980  0.6085  0.7685

PART 68
OFFSET  10.4907 -2.3733 -7.0398
X  0.5734 -0.6151  0.5412
Y  0.8025  0.5547 -0.2197
Z -0.1650  0.5603  0.8117

PART 69
OFFSET  9.8430 -1.6785 -7.6511
X -0.9575 -0.1429  0.2505
Y -0.2797  0.6721 -0.6856
Z -0.0704 -0.7265 -0.6835

PART 70
OFFSET  9.4280 -4.8121 -6.8978
X  0.2833 -0.6399  0.7144
Y  0.9588  0.1725 -0.2258
Z  0.0212  0.7489  0.6624

PART 71
OFFSET  8.8745 -3.5621 -8.2933
X  0.9993 -0.0364  0.0028
Y  0.0251  0.6293 -0.7768
Z  0.0266  0.7763  0.6298

PART 72
OFFSET  7.4149 -3.5089 -8.2974
X  0.5375  0.4952 -0.6826
Y -0.8433  0.3168 -0.4341
Z  0.0013  0.8090  0.5878

PART 73
OFFSET  6.8056 -4.0752 -7.5287
X  0.1264 -0.6337  0.7631
Y -0.9885 -0.0157  0.1507
Z -0.0835 -0.7734 -0.6284

PART 74
OFFSET  0.0000 -0.0000 -0.0000
X  1.0000 -0.0000  0.0000
Y  0.0000  1.0000  0.0000
Z  0.0000 -0.0000  1.0000

PART 75
OFFSET  0.0000 -0.0000 -0.0000
X  1.0000 -0.0000  0.0000
Y  0.0000  1.0000  0.0000
Z  0.0000 -0.0000  1.0000

PART 76
OFFSET  1.5404 -0.0000  4.1357
X  1.0000 -0.0000  0.0000
Y  0.0000  1.0000  0.0000
Z  0.0000 -0.0000  1.0000


FRAME 2044
PART 0
OFFSET  0.0000 -0.0000 -0.0000
X  1.0000 -0.0000  0.0000
Y  0.0000  1.0000  0.0000
Z  0.0000 -0.0000  1.0000

PART 1
OFFSET -4.6318 -0.0000 -1.3770
X  1.0000 -0.0000  0.0000
Y  0.0000  1.0000  0.0000
Z  0.0000 -0.0000  1.0000

PART 2
OFFSET -3.5060  6.3408 -6.7125
X  0.7056 -0.2737 -0.6537
Y  0.0895 -0.8806  0.4653
Z -0.7030 -0.3868 -0.5968

PART 3
OFFSET  5.0269  3.0306 -14.6179
X  0.9500 -0.2629  0.1681
Y -0.1353  0.1386  0.9811
Z -0.2813 -0.9548  0.0961

PART 4
OFFSET  13.1074  0.7941 -13.1878
X  0.9500 -0.2629  0.1681
Y  0.2073  0.9344  0.2897
Z -0.2333 -0.2404  0.9422

PART 5
OFFSET  15.0400  2.0161 -13.8922
X  0.9516 -0.2612  0.1621
Y  0.2806  0.9534 -0.1107
Z -0.1256  0.1508  0.9806

PART 6
OFFSET  14.0353 -0.3438 -14.1789
X  0.9516 -0.2612  0.1621
Y  0.2806  0.9534 -0.1107
Z -0.1256  0.1508  0.9806

PART 7
OFFSET  15.1297  1.8262 -11.5809
X  0.9516 -0.2612  0.1621
Y  0.2806  0.9534 -0.1107
Z -0.1256  0.1508  0.9806

PART 8
OFFSET  14.5966  0.3503 -11.4748
X  0.9516 -0.2612  0.1621
Y  0.2806  0.9534 -0.1107
Z -0.1256  0.1508  0.9806

PART 9
OFFSET  13.9837 -0.7197 -11.9532
X  0.9516 -0.2612  0.1621
Y  0.2806  0.9534 -0.1107
