// Export filename: `C:\projects\cod\t5\xanim_export\t5_viewmodels\ak47\ak47_flame_sprint_loop.XANIM_EXPORT`
// Source filename: `D:\projects\devanim\t5\animation_assets\viewmodels\ak47\ViewModel_AK47_FlameThrower_animated.fbx`
// Export time: Sat Jun 05 16:32:57 2010

ANIMATION
VERSION 3

NUMPARTS 81
PART 0 "tag_ads"
PART 1 "tag_torso"
PART 2 "J_Shoulder_LE"
PART 3 "J_Elbow_LE"
PART 4 "J_WristTwist_LE"
PART 5 "J_Sleave_Reshape_Bottom_LE_1"
PART 6 "J_Sleave_Reshape_Bottom_LE_2"
PART 7 "J_Sleave_Reshape_Top_LE_1"
PART 8 "J_Sleave_Reshape_Top_LE_2"
PART 9 "J_Sleave_Reshape_Top_LE_3"
PART 10 "J_Wrist_LE"
PART 11 "J_Thumb_LE_0"
PART 12 "J_Thumb_LE_1"
PART 13 "J_Thumb_LE_2"
PART 14 "J_Thumb_LE_3"
PART 15 "J_PinkyPalm_LE"
PART 16 "J_Pinky_LE_0"
PART 17 "J_Pinky_LE_1"
PART 18 "J_Pinky_LE_2"
PART 19 "J_Pinky_LE_3"
PART 20 "J_RingPalm_LE"
PART 21 "J_Ring_LE_0"
PART 22 "J_Ring_LE_1"
PART 23 "J_Ring_LE_2"
PART 24 "J_Ring_LE_3"
PART 25 "J_Webbing_LE"
PART 26 "J_Index_LE_0"
PART 27 "J_Index_LE_1"
PART 28 "J_Index_LE_2"
PART 29 "J_Index_LE_3"
PART 30 "J_Mid_LE_0"
PART 31 "J_Mid_LE_1"
PART 32 "J_Mid_LE_2"
PART 33 "J_Mid_LE_3"
PART 34 "tag_knife_attach"
PART 35 "tag_weapon"
PART 36 "J_Gun"
PART 37 "J_bolt"
PART 38 "TAG_CLIP"
PART 39 "TAG_FLASH"
PART 40 "tag_flame_unit"
PART 41 "tag_flamer_big_nozel"
PART 42 "tag_flamer_bracket"
PART 43 "tag_flamer_bottle"
PART 44 "tag_flamer_button"
PART 45 "tag_flamer_ring"
PART 46 "tag_flamer_flame"
PART 47 "tag_flamer_pilot_light"
PART 48 "J_Shoulder_RI"
PART 49 "J_Elbow_RI"
PART 50 "J_WristTwist_RI"
PART 51 "J_Sleave_Reshape_Top_RI_3"
PART 52 "J_Sleave_Reshape_Top_RI_2"
PART 53 "J_Sleave_Reshape_Top_RI_1"
PART 54 "J_Wrist_RI"
PART 55 "J_Thumb_RI_0"
PART 56 "J_Thumb_RI_1"
PART 57 "J_Thumb_RI_2"
PART 58 "J_Thumb_RI_3"
PART 59 "J_PinkyPalm_RI"
PART 60 "J_Pinky_RI_0"
PART 61 "J_Pinky_RI_1"
PART 62 "J_Pinky_RI_2"
PART 63 "J_Pinky_RI_3"
PART 64 "J_RingPalm_RI"
PART 65 "J_Ring_RI_0"
PART 66 "J_Ring_RI_1"
PART 67 "J_Ring_RI_2"
PART 68 "J_Ring_RI_3"
PART 69 "J_Webbing_RI"
PART 70 "J_Index_RI_0"
PART 71 "J_Index_RI_1"
PART 72 "J_Index_RI_2"
PART 73 "J_Index_RI_3"
PART 74 "J_Mid_RI_0"
PART 75 "J_Mid_RI_1"
PART 76 "J_Mid_RI_2"
PART 77 "J_Mid_RI_3"
PART 78 "tag_cambone"
PART 79 "tag_camera"
PART 80 "tag_gasmask"

FRAMERATE 30
NUMFRAMES 31

FRAME 2010
PART 0
OFFSET -4.6318 -0.0000 -1.3770
X  1.0000 -0.0000  0.0000
Y  0.0000  1.0000  0.0000
Z  0.0000 -0.0000  1.0000

PART 1
OFFSET -4.6318 -0.0000 -1.3770
X  1.0000 -0.0000  0.0000
Y  0.0000  1.0000  0.0000
Z  0.0000 -0.0000  1.0000

PART 2
OFFSET -3.5060  6.3408 -6.7125
X  0.6853 -0.2672 -0.6774
Y  0.1795 -0.8395  0.5128
Z -0.7058 -0.4730 -0.5274

PART 3
OFFSET  4.7824  3.1088 -14.9051
X  0.9768 -0.1905  0.0983
Y -0.0619  0.1885  0.9801
Z -0.2052 -0.9634  0.1724

PART 4
OFFSET  13.0902  1.4889 -14.0692
X  0.9768 -0.1905  0.0983
Y  0.1947  0.9802 -0.0353
Z -0.0896  0.0536  0.9945

PART 5
OFFSET  14.8673  2.7883 -15.0060
X  0.9777 -0.1890  0.0920
Y  0.2034  0.9611 -0.1867
Z -0.0531  0.2013  0.9781

PART 6
OFFSET  14.0086  0.3555 -15.0743
X  0.9777 -0.1890  0.0920
Y  0.2034  0.9611 -0.1867
Z -0.0531  0.2013  0.9781

PART 7
OFFSET  15.1634  2.7445 -12.7045
X  0.9777 -0.1890  0.0920
Y  0.2034  0.9611 -0.1867
Z -0.0531  0.2013  0.9781

PART 8
OFFSET  14.7449  1.2462 -12.4716
X  0.9777 -0.1890  0.0920
Y  0.2034  0.9611 -0.1867
Z -0.0531  0.2013  0.9781

PART 9
OFFSET  14.1700  0.1120 -12.8354
X  0.9777 -0.1890  0.0920
Y  0.2034  0.9611 -0.1867
Z -0.0531  0.2013  0.9781

PART 10
OFFSET  16.0846  0.9050 -13.7679
X  0.8700  0.4589 -0.1803
Y -0.4526  0.8884  0.0775
Z  0.1957  0.0142  0.9806

PART 11
OFFSET  16.1196  1.9746 -13.3716
X  0.6988  0.7128 -0.0607
Y -0.6812  0.6371 -0.3606
Z -0.2183  0.2933  0.9307

PART 12
OFFSET  17.5473  3.5926 -13.4869
X  0.9301  0.3009 -0.2109
Y -0.3370  0.9272 -0.1633
Z  0.1464  0.2229  0.9638

PART 13
OFFSET  19.0852  4.0480 -13.7097
X  0.7263  0.6791 -0.1064
Y -0.6798  0.6866 -0.2577
Z -0.1019  0.2595  0.9604

PART 14
OFFSET  19.8544  4.8059 -13.7853
X  0.4615  0.4761 -0.7486
Y -0.1386 -0.7948 -0.5909
Z -0.8763  0.3764 -0.3008

PART 15
OFFSET  17.3450  0.3450 -13.8052
X  0.9998  0.0100 -0.0148
Y  0.0150 -0.0291  0.9995
Z  0.0095 -0.9995 -0.0292

PART 16
OFFSET  19.5919  0.5094 -13.7116
X  0.0203  0.4652  0.8850
Y -0.9902  0.1316 -0.0464
Z -0.1380 -0.8754  0.4634

PART 17
OFFSET  19.6207  1.1681 -12.4587
X -0.5422  0.4814  0.6887
Y -0.8327 -0.1983 -0.5170
Z -0.1124 -0.8538  0.5084

PART 18
OFFSET  19.1400  1.5950 -11.8481
X -0.7691  0.4080  0.4919
Y -0.6180 -0.2787 -0.7351
Z -0.1628 -0.8694  0.4665

PART 19
OFFSET  18.4093  1.9826 -11.3808
X  0.9998 -0.0114  0.0177
Y  0.0078 -0.5828 -0.8125
Z  0.0196  0.8125 -0.5826

PART 20
OFFSET  17.2082  1.0343 -13.9304
X  0.9681  0.1640 -0.1895
Y  0.1975 -0.0342  0.9797
Z  0.1542 -0.9859 -0.0655

PART 21
OFFSET  19.7702  1.4088 -14.1635
X  0.3858  0.1772  0.9054
Y -0.8866  0.3427  0.3107
Z -0.2553 -0.9226  0.2893

PART 22
OFFSET  20.4270  1.7105 -12.6220
X -0.5882  0.3907  0.7081
Y -0.7734 -0.0159 -0.6337
Z -0.2364 -0.9204  0.3115

PART 23
OFFSET  19.6118  2.2520 -11.6407
X -0.8358  0.3515  0.4218
Y -0.4970 -0.1576 -0.8533
Z -0.2335 -0.9228  0.3065

PART 24
OFFSET  18.7054  2.6332 -11.1832
X  0.9572 -0.2434  0.1569
Y  0.0823 -0.2908 -0.9532
Z  0.2776  0.9253 -0.2583

PART 25
OFFSET  18.1528  3.7379 -13.6752
X  0.9605  0.2640  0.0880
Y  0.0480  0.1545 -0.9868
Z -0.2741  0.9521  0.1357

PART 26
OFFSET  19.0604  3.3580 -14.7765
X  0.9500 -0.1024  0.2951
Y -0.2857  0.0972  0.9534
Z -0.1264 -0.9900  0.0631

PART 27
OFFSET  20.7330  3.1776 -14.2569
X  0.2710 -0.0718  0.9599
Y -0.9539  0.1135  0.2778
Z -0.1289 -0.9909 -0.0377

PART 28
OFFSET  21.0703  3.1505 -13.0877
X -0.4476  0.1259  0.8853
Y -0.8869  0.0645 -0.4575
Z -0.1147 -0.9899  0.0828

PART 29
OFFSET  20.5648  3.2928 -12.0877
X  0.9140 -0.3777  0.1481
Y  0.1730  0.0327 -0.9844
Z  0.3669  0.9254  0.0952

PART 30
OFFSET  19.4938  2.3479 -14.6654
X  0.6572  0.0762  0.7499
Y -0.7473  0.1955  0.6350
Z -0.0982 -0.9777  0.1855

PART 31
OFFSET  20.7776  2.4968 -13.2005
X -0.3356  0.2040  0.9197
Y -0.9310  0.0768 -0.3567
Z -0.1434 -0.9759  0.1642

PART 32
OFFSET  20.2875  2.7948 -11.8572
X -0.8320  0.2150  0.5115
Y -0.5260 -0.0124 -0.8504
Z -0.1765 -0.9765  0.1234

PART 33
OFFSET  19.3443  3.0314 -11.2764
X  0.9852 -0.0945  0.1431
Y  0.1195 -0.2202 -0.9681
Z  0.1230  0.9709 -0.2057

PART 34
OFFSET  18.9855  1.6922 -12.8043
X  0.1141 -0.9934 -0.0084
Y -0.1957 -0.0142 -0.9806
Z  0.9740  0.1136 -0.1961

PART 35
OFFSET  10.2443 -1.9509 -7.0301
X  0.7570  0.5117 -0.4063
Y -0.6468  0.4986 -0.5771
Z -0.0927  0.6997  0.7084

PART 36
OFFSET  10.2443 -1.9509 -7.0301
X  0.7570  0.5117 -0.4063
Y -0.6468  0.4986 -0.5771
Z -0.0927  0.6997  0.7084

PART 37
OFFSET  14.2205  2.2705 -7.3512
X  0.7550  0.5259 -0.3917
Y -0.6468  0.4986 -0.5771
Z -0.1082  0.6891  0.7166

PART 38
OFFSET  13.3971  0.4071 -8.5523
X  0.7570  0.5117 -0.4063
Y -0.6468  0.4986 -0.5771
Z -0.0927  0.6997  0.7084

PART 39
OFFSET  28.0107  10.8819 -15.8817
X  0.7570  0.5117 -0.4063
Y -0.6468  0.4986 -0.5771
Z -0.0927  0.6997  0.7084

PART 40
OFFSET  9.8892 -3.9387 -8.3495
X  0.7570  0.5117 -0.4063
Y -0.6468  0.4986 -0.5771
Z -0.0927  0.6997  0.7084

PART 41
OFFSET  29.7162  10.0815 -18.7036
X -0.6468  0.4986 -0.5771
Y -0.7570 -0.5117  0.4063
Z -0.0927  0.6997  0.7084

PART 42
OFFSET  21.0796  4.0864 -13.3454
X -0.3748  0.4512  0.8099
Y -0.6642 -0.7401  0.1049
Z  0.6468 -0.4986  0.5771

PART 43
OFFSET  21.0796  4.0864 -13.3454
X -0.6468  0.4986 -0.5771
Y -0.7570 -0.5117  0.4063
Z -0.0927  0.6997  0.7084

PART 44
OFFSET  20.6296  3.6827 -13.6922
X -0.6468  0.4986 -0.5771
Y -0.7570 -0.5117  0.4063
Z -0.0927  0.6997  0.7084

PART 45
OFFSET  19.7242  4.3807 -14.5002
X -0.5018  0.0571 -0.8631
Y -0.7570 -0.5117  0.4063
Z -0.4184  0.8573  0.3000

PART 46
OFFSET  27.9585  9.0235 -17.6329
X  0.7570  0.5117 -0.4063
Y -0.6468  0.4986 -0.5771
Z -0.0927  0.6997  0.7084

PART 47
OFFSET  26.6122  8.8263 -18.7068
X  0.8587  0.4621  0.2216
Y  0.1448  0.1960 -0.9699
Z -0.4916  0.8649  0.1014

PART 48
OFFSET -10.8444 -11.7139 -5.9426
X -0.9335  0.3392 -0.1162
Y -0.2261 -0.3051  0.9251
Z  0.2783  0.8899  0.3615

PART 49
OFFSET  0.4454 -15.8159 -4.5369
X -0.6498 -0.7518  0.1117
Y  0.7582 -0.6311  0.1637
Z -0.0526  0.1911  0.9802

PART 50
OFFSET  5.9725 -9.4213 -5.4867
X -0.6498 -0.7518  0.1117
Y  0.4908 -0.5273 -0.6936
Z  0.5803 -0.3959  0.7117

PART 51
OFFSET  6.4544 -8.1393 -6.9322
X -0.6541 -0.7487  0.1078
Y  0.0434 -0.1794 -0.9828
Z  0.7551 -0.6382  0.1498

PART 52
OFFSET  5.9679 -7.1353 -6.4392
X -0.6541 -0.7487  0.1078
Y  0.0434 -0.1794 -0.9828
Z  0.7551 -0.6382  0.1498

PART 53
OFFSET  6.0690 -6.8919 -5.0961
X -0.6541 -0.7487  0.1078
Y  0.0434 -0.1794 -0.9828
Z  0.7551 -0.6382  0.1498

PART 54
OFFSET  7.9647 -7.1164 -5.8291
X -0.6066 -0.7425  0.2840
Y  0.4179 -0.6017 -0.6807
Z  0.6763 -0.2942  0.6753

PART 55
OFFSET  7.5567 -6.0810 -5.5772
X  0.1113 -0.9710  0.2117
Y  0.3794 -0.1554 -0.9121
Z  0.9185  0.1819  0.3511

PART 56
OFFSET  7.2275 -3.9803 -5.9626
X -0.4816 -0.4593  0.7464
Y  0.3435 -0.8825 -0.3214
Z  0.8063  0.1016  0.5827

PART 57
OFFSET  7.9351 -3.3029 -7.2521
X -0.4685  0.3079  0.8281
Y -0.0549 -0.9457  0.3205
Z  0.8818  0.1047  0.4599

PART 58
OFFSET  8.4023 -3.6245 -8.1740
X -0.9236 -0.0349  0.3819
Y -0.3828  0.0257 -0.9235
Z  0.0224 -0.9991 -0.0371

PART 59
OFFSET  8.7888 -7.0730 -6.9347
X -0.5528 -0.4503  0.7011
Y  0.8206 -0.1478  0.5521
Z -0.1450  0.8806  0.4512

PART 60
OFFSET  9.9092 -5.9148 -8.5121
X  0.5548 -0.5015  0.6639
Y  0.8233  0.2158 -0.5249
Z  0.1199  0.8378  0.5326

PART 61
OFFSET  9.1238 -5.2048 -9.4520
X  0.9894 -0.0624 -0.1313
Y -0.0698  0.5886 -0.8054
Z  0.1275  0.8060  0.5780

PART 62
OFFSET  8.2466 -5.1495 -9.3356
X  0.5188  0.3995 -0.7558
Y -0.8473  0.3579 -0.3925
Z  0.1137  0.8440  0.5242

PART 63
OFFSET  7.7537 -5.5291 -8.6175
X  0.1186 -0.6523  0.7487
Y -0.9592  0.1197  0.2563
Z -0.2568 -0.7485 -0.6114

PART 64
OFFSET  8.7390 -6.5508 -6.4505
X -0.5794 -0.5903  0.5620
Y  0.7695 -0.1688  0.6160
Z -0.2688  0.7893  0.5520

PART 65
OFFSET  10.2996 -5.1397 -7.9774
X  0.5126 -0.4258  0.7457
Y  0.8563  0.1897 -0.4803
Z  0.0631  0.8847  0.4618

PART 66
OFFSET  9.4270 -4.4148 -9.2469
X  0.9548  0.0830 -0.2855
Y -0.2891  0.4833 -0.8263
Z  0.0694  0.8715  0.4855

PART 67
OFFSET  8.1037 -4.5298 -8.8513
X  0.3595  0.4358 -0.8252
Y -0.9310  0.2278 -0.2853
Z  0.0636  0.8708  0.4876

PART 68
OFFSET  7.7138 -5.0024 -7.9564
X  0.2404 -0.4443  0.8630
Y -0.9706 -0.1008  0.2185
Z -0.0101 -0.8902 -0.4555

PART 69
OFFSET  5.4492 -9.8557 -3.7095
X -0.4635 -0.6641  0.5866
Y -0.8065  0.0420 -0.5897
Z  0.3670 -0.7465 -0.5551

PART 70
OFFSET  10.2646 -3.8786 -6.1714
X -0.7225 -0.6247  0.2962
Y  0.6324 -0.4240  0.6483
Z -0.2795  0.6557  0.7014

PART 71
OFFSET  11.5367 -2.7787 -6.6928
X  0.3133 -0.5863  0.7470
Y  0.8977  0.4395 -0.0315
Z -0.3099  0.6804  0.6640

PART 72
OFFSET  11.1370 -2.0246 -7.5607
X  0.6715 -0.4053  0.6203
Y  0.6904  0.6462 -0.3252
Z -0.2690  0.6467  0.7137

PART 73
OFFSET  10.3785 -1.5668 -8.2613
X -0.9175 -0.2695  0.2924
Y -0.3920  0.4897 -0.7788
Z  0.0667 -0.8292 -0.5549

PART 74
OFFSET  10.5319 -4.5578 -7.0007
X  0.3896 -0.4530  0.8019
Y  0.9133  0.3025 -0.2728
Z -0.1190  0.8386  0.5315

PART 75
OFFSET  9.7709 -3.6729 -8.5672
X  0.9894  0.1445 -0.0144
Y -0.0839  0.4879 -0.8689
Z -0.1185  0.8609  0.4948

PART 76
OFFSET  8.3257 -3.8839 -8.5462
X  0.4436  0.4651 -0.7661
Y -0.8838  0.0850 -0.4602
Z -0.1489  0.8812  0.4488

PART 77
OFFSET  7.8237 -4.4168 -7.6820
X  0.2338 -0.4672  0.8526
Y -0.9703 -0.1680  0.1740
Z  0.0619 -0.8680 -0.4927

PART 78
OFFSET  0.0000 -0.0000 -0.0000
X  1.0000 -0.0000  0.0000
Y  0.0000  1.0000  0.0000
Z  0.0000 -0.0000  1.0000

PART 79
OFFSET  0.0000 -0.0000 -0.0000
X  1.0000 -0.0000  0.0000
Y  0.0000  1.0000  0.0000
Z  0.0000 -0.0000  1.0000

PART 80
OFFSET  1.5404 -0.0000  4.1357
X  1.0000 -0.0000  0.0000
Y  0.0000  1.0000  0.0000
Z  0.0000 -0.0000  1.0000


FRAME 2011
PART 0
OFFSET -4.6318 -0.0000 -1.3770
X  1.0000 -0.0000  0.0000
Y  0.0000  1.0000  0.0000
Z  0.0000 -0.0000  1.0000

PART 1
OFFSET -4.6318 -0.0000 -1.3770
X  1.0000 -0.0000  0.0000
Y  0.0000  1.0000  0.0000
Z  0.0000 -0.0000  1.0000

PART 2
OFFSET -3.5060  6.3408 -6.7125
X  0.6915 -0.2709 -0.6696
Y  0.1673 -0.8417  0.5134
Z -0.7027 -0.4671 -0.5367

PART 3
OFFSET  4.8575  3.0642 -14.8105
X  0.9748 -0.1994  0.1003
Y -0.0630  0.1853  0.9807
Z -0.2141 -0.9622  0.1681

PART 4
OFFSET  13.1484  1.3685 -13.9572
X  0.9748 -0.1994  0.1003
Y  0.2041  0.9782 -0.0393
Z -0.0903  0.0588  0.9942

PART 5
OFFSET  14.9394  2.6560 -14.8840
X  0.9757 -0.1979  0.0941
Y  0.2123  0.9600 -0.1825
Z -0.0542  0.1980  0.9787

PART 6
OFFSET  14.0597  0.2310 -14.9640
X  0.9757 -0.1979  0.0941
Y  0.2123  0.9600 -0.1825
Z -0.0542  0.1980  0.9787

PART 7
OFFSET  15.2286  2.6008 -12.5819
X  0.9757 -0.1979  0.0941
Y  0.2123  0.9600 -0.1825
Z -0.0542  0.1980  0.9787

PART 8
OFFSET  14.7963  1.1054 -12.3559
X  0.9757 -0.1979  0.0941
Y  0.2123  0.9600 -0.1825
Z -0.0542  0.1980  0.9787

PART 9
OFFSET  14.2125 -0.0224 -12.7256
X  0.9757 -0.1979  0.0941
Y  0.2123  0.9600 -0.1825
Z -0.0542  0.1980  0.9787

PART 10
OFFSET  16.1367  0.7574 -13.6497
X  0.8547  0.4909 -0.1688
Y -0.4857  0.8710  0.0735
Z  0.1831  0.0191  0.9829

PART 11
OFFSET  16.1277  1.8266 -13.2510
X  0.6729  0.7380 -0.0509
Y -0.6997  0.6126 -0.3677
Z -0.2403  0.2830  0.9285

PART 12
OFFSET  17.4965  3.4961 -13.3458
X  0.9209  0.3352 -0.1989
Y -0.3687  0.9147 -0.1657
Z  0.1264  0.2260  0.9659

PART 13
OFFSET  19.0193  4.0079 -13.5489
X  0.7022  0.7055 -0.0963
Y -0.7013  0.6619 -0.2647
Z -0.1230  0.2534  0.9595

PART 14
OFFSET  19.7611  4.7937 -13.6136
X  0.4528  0.4944 -0.7420
Y -0.1021 -0.7979 -0.5940
Z -0.8857  0.3448 -0.3108

PART 15
OFFSET  17.4171  0.2440 -13.6726
X  0.9989  0.0466 -0.0025
Y  0.0039 -0.0308  0.9995
Z  0.0465 -0.9984 -0.0309

PART 16
OFFSET  19.6552  0.4903 -13.5511
X -0.0075  0.4636  0.8860
Y -0.9937  0.0954 -0.0583
Z -0.1115 -0.8809  0.4600

PART 17
OFFSET  19.6446  1.1467 -12.2967
X -0.5678  0.4597  0.6828
Y -0.8185 -0.2274 -0.5275
Z -0.0872 -0.8585  0.5054

PART 18
OFFSET  19.1411  1.5543 -11.6913
X -0.7895  0.3785  0.4832
Y -0.5984 -0.2995 -0.7431
Z -0.1366 -0.8758  0.4629

PART 19
OFFSET  18.3911  1.9139 -11.2322
X  0.9992  0.0252  0.0300
Y  0.0390 -0.5803 -0.8135
Z -0.0031  0.8140 -0.5808

PART 20
OFFSET  17.2567  0.9281 -13.7981
X  0.9637  0.1998 -0.1773
Y  0.1867 -0.0292  0.9820
Z  0.1910 -0.9794 -0.0654

PART 21
OFFSET  19.8059  1.3967 -13.9991
X  0.3679  0.1891  0.9104
Y -0.9023  0.3094  0.3004
Z -0.2248 -0.9320  0.2844

PART 22
OFFSET  20.4324  1.7186 -12.4491
X -0.6107  0.3673  0.7015
Y -0.7645 -0.0427 -0.6432
Z -0.2063 -0.9291  0.3069

PART 23
OFFSET  19.5860  2.2277 -11.4768
X -0.8532  0.3197  0.4122
Y -0.4804 -0.1738 -0.8596
Z -0.2032 -0.9314  0.3019

PART 24
OFFSET  18.6607  2.5745 -11.0298
X  0.9634 -0.2085  0.1682
Y  0.1045 -0.2854 -0.9527
Z  0.2467  0.9354 -0.2532

PART 25
OFFSET  18.0985  3.6639 -13.5264
X  0.9491  0.2987  0.1003
Y  0.0543  0.1584 -0.9859
Z -0.3104  0.9411  0.1341

PART 26
OFFSET  19.0328  3.3200 -14.6172
X  0.9494 -0.0683  0.3066
Y -0.3007  0.0845  0.9500
Z -0.0908 -0.9941  0.0597

PART 27
OFFSET  20.7044  3.1998 -14.0774
X  0.2617 -0.0640  0.9630
Y -0.9607  0.0779  0.2663
Z -0.0921 -0.9949 -0.0411

PART 28
OFFSET  21.0281  3.1823 -12.9042
X -0.4626  0.1074  0.8800
Y -0.8830  0.0331 -0.4682
Z -0.0794 -0.9937  0.0796

PART 29
OFFSET  20.5056  3.3037 -11.9102
X  0.9254 -0.3443  0.1586
Y  0.1837  0.0413 -0.9821
Z  0.3316  0.9380  0.1014

PART 30
OFFSET  19.5014  2.3261 -14.5026
X  0.6447  0.0985  0.7580
Y -0.7617  0.1666  0.6262
Z -0.0646 -0.9811  0.1824

PART 31
OFFSET  20.7610  2.5186 -13.0218
X -0.3540  0.1895  0.9158
Y -0.9288  0.0435 -0.3680
Z -0.1096 -0.9809  0.1606

PART 32
OFFSET  20.2439  2.7954 -11.6841
X -0.8455  0.1832  0.5016
Y -0.5148 -0.0297 -0.8568
Z -0.1421 -0.9826  0.1194

PART 33
OFFSET  19.2857  2.9959 -11.1145
X  0.9862 -0.0587  0.1550
Y  0.1392 -0.2135 -0.9670
Z  0.0899  0.9752 -0.2024

PART 34
OFFSET  18.9948  1.6480 -12.6490
X  0.1505 -0.9886 -0.0088
Y -0.1831 -0.0191 -0.9829
Z  0.9715  0.1496 -0.1839

PART 35
OFFSET  10.3232 -2.3257 -6.9893
X  0.7427  0.5400 -0.3960
Y -0.6575  0.4759 -0.5841
Z -0.1269  0.6942  0.7085

PART 36
OFFSET  10.3232 -2.3257 -6.9893
X  0.7427  0.5400 -0.3960
Y -0.6575  0.4759 -0.5841
Z -0.1269  0.6942  0.7085

PART 37
OFFSET  14.1457  2.0391 -7.2538
X  0.7399  0.5541 -0.3815
Y -0.6575  0.4759 -0.5841
Z -0.1421  0.6830  0.7165

PART 38
OFFSET  13.4058  0.1495 -8.4684
X  0.7427  0.5400 -0.3960
Y -0.6575  0.4759 -0.5841
Z -0.1269  0.6942  0.7085

PART 39
OFFSET  27.7143  11.1689 -15.5986
X  0.7427  0.5400 -0.3960
Y -0.6575  0.4759 -0.5841
Z -0.1269  0.6942  0.7085

PART 40
OFFSET  10.0572 -4.3222 -8.3166
X  0.7427  0.5400 -0.3960
Y -0.6575  0.4759 -0.5841
Z -0.1269  0.6942  0.7085

PART 41
OFFSET  29.4823  10.4379 -18.4008
X -0.6575  0.4759 -0.5841
Y -0.7427 -0.5400  0.3960
Z -0.1269  0.6942  0.7085

PART 42
OFFSET  21.0063  4.1185 -13.1601
X -0.4009  0.4353  0.8061
Y -0.6379 -0.7642  0.0954
Z  0.6575 -0.4759  0.5841

PART 43
OFFSET  21.0063  4.1185 -13.1601
X -0.6575  0.4759 -0.5841
Y -0.7427 -0.5400  0.3960
Z -0.1269  0.6942  0.7085

PART 44
OFFSET  20.5757  3.6994 -13.5131
X -0.6575  0.4759 -0.5841
Y -0.7427 -0.5400  0.3960
Z -0.1269  0.6942  0.7085

PART 45
OFFSET  19.6552  4.3656 -14.3308
X -0.4930  0.0407 -0.8691
Y -0.7427 -0.5400  0.3960
Z -0.4532  0.8407  0.2965

PART 46
OFFSET  27.7515  9.3139 -17.3537
X  0.7427  0.5400 -0.3960
Y -0.6575  0.4759 -0.5841
Z -0.1269  0.6942  0.7085

PART 47
OFFSET  26.4265  9.0699 -18.4444
X  0.8385  0.4927  0.2329
Y  0.1493  0.2034 -0.9676
Z -0.5241  0.8461  0.0969

PART 48
OFFSET -10.8444 -11.7139 -5.9426
X -0.9281  0.3530 -0.1181
Y -0.2303 -0.2953  0.9272
Z  0.2924  0.8878  0.3554

PART 49
OFFSET  0.3803 -15.9829 -4.5137
X -0.6775 -0.7267  0.1134
Y  0.7339 -0.6576  0.1702
Z -0.0491  0.1985  0.9789

PART 50
OFFSET  6.1428 -9.8019 -5.4782
X -0.6775 -0.7267  0.1134
Y  0.4837 -0.5563 -0.6757
Z  0.5541 -0.4029  0.7284

PART 51
OFFSET  6.6769 -8.5469 -6.9289
X -0.6817 -0.7234  0.1094
Y  0.0403 -0.1865 -0.9816
Z  0.7305 -0.6647  0.1563

PART 52
OFFSET  6.2259 -7.5228 -6.4435
X -0.6817 -0.7234  0.1094
Y  0.0403 -0.1865 -0.9816
Z  0.7305 -0.6647  0.1563

PART 53
OFFSET  6.3311 -7.2755 -5.1014
X -0.6817 -0.7234  0.1094
Y  0.0403 -0.1865 -0.9816
Z  0.7305 -0.6647  0.1563

PART 54
OFFSET  8.2199 -7.5740 -5.8258
X -0.5824 -0.7649  0.2752
Y  0.4479 -0.5845 -0.6766
Z  0.6784 -0.2708  0.6830

PART 55
OFFSET  7.7711 -6.5547 -5.5771
X  0.1442 -0.9667  0.2113
Y  0.3959 -0.1393 -0.9077
Z  0.9069  0.2145  0.3627

PART 56
OFFSET  7.3699 -4.4666 -5.9626
X -0.4735 -0.4783  0.7396
Y  0.3794 -0.8686 -0.3188
Z  0.7949  0.1297  0.5927

PART 57
OFFSET  8.0679 -3.7608 -7.2421
X -0.4895  0.2886  0.8228
Y -0.0242 -0.9478  0.3180
Z  0.8717  0.1358  0.4709

PART 58
OFFSET  8.5578 -4.0630 -8.1588
X -0.9262 -0.0695  0.3705
Y -0.3722  0.0138 -0.9280
Z  0.0594 -0.9975 -0.0387

PART 59
OFFSET  9.0552 -7.4978 -6.9212
X -0.5445 -0.4718  0.6935
Y  0.8187 -0.1189  0.5618
Z -0.1826  0.8736  0.4510

PART 60
OFFSET  10.1516 -6.2959 -8.4825
X  0.5646 -0.4824  0.6697
Y  0.8212  0.2470 -0.5144
Z  0.0827  0.8404  0.5356

PART 61
OFFSET  9.3522 -5.6129 -9.4307
X  0.9925 -0.0258 -0.1193
Y -0.0815  0.5875 -0.8051
Z  0.0909  0.8088  0.5810

PART 62
OFFSET  8.4722 -5.5901 -9.3250
X  0.5130  0.4200 -0.7486
Y -0.8550  0.3275 -0.4022
Z  0.0763  0.8464  0.5271

PART 63
OFFSET  7.9848 -5.9891 -8.6137
X  0.1333 -0.6492  0.7489
Y -0.9660  0.0840  0.2447
Z -0.2217 -0.7560 -0.6159

PART 64
OFFSET  8.9804 -6.9790 -6.4367
X -0.5642 -0.6124  0.5537
Y  0.7675 -0.1419  0.6251
Z -0.3042  0.7777  0.5501

PART 65
OFFSET  10.5068 -5.5082 -7.9417
X  0.5187 -0.4084  0.7511
Y  0.8546  0.2220 -0.4695
Z  0.0250  0.8854  0.4642

PART 66
OFFSET  9.6237 -4.8129 -9.2205
X  0.9545  0.1185 -0.2736
Y -0.2965  0.4743 -0.8289
Z  0.0315  0.8723  0.4879

PART 67
OFFSET  8.3009 -4.9771 -8.8413
X  0.3533  0.4505 -0.8199
Y -0.9352  0.1942 -0.2963
Z  0.0257  0.8714  0.4899

PART 68
OFFSET  7.9177 -5.4657 -7.9521
X  0.2460 -0.4372  0.8651
Y -0.9689 -0.1367  0.2064
Z  0.0280 -0.8889 -0.4572

PART 69
OFFSET  5.7807 -10.4083 -3.7423
X -0.4460 -0.6819  0.5797
Y -0.8003  0.0138 -0.5995
Z  0.4008 -0.7313 -0.5519

PART 70
OFFSET  10.4036 -4.2534 -6.1339
X -0.7027 -0.6514  0.2861
Y  0.6395 -0.4020  0.6553
Z -0.3118  0.6434  0.6991

PART 71
OFFSET  11.6408 -3.1065 -6.6377
X  0.3254 -0.5762  0.7497
Y  0.8813  0.4722 -0.0196
Z -0.3427  0.6671  0.6614

PART 72
OFFSET  11.2244 -2.3655 -7.5090
X  0.6783 -0.3819  0.6278
Y  0.6702  0.6717 -0.3155
Z -0.3012  0.6348  0.7116

PART 73
OFFSET  10.4582 -1.9342 -8.2181
X -0.9106 -0.3035  0.2806
Y -0.4001  0.4768 -0.7827
Z  0.1038 -0.8249 -0.5556

PART 74
OFFSET  10.7057 -4.9205 -6.9611
X  0.3961 -0.4403  0.8058
Y  0.9048  0.3363 -0.2610
Z -0.1561  0.8325  0.5316

PART 75
OFFSET  9.9319 -4.0604 -8.5352
X  0.9836  0.1806 -0.0020
Y -0.0911  0.4865 -0.8689
Z -0.1559  0.8548  0.4949

PART 76
OFFSET  8.4953 -4.3242 -8.5323
X  0.4356  0.4828 -0.7597
Y -0.8806  0.0536 -0.4708
Z -0.1866  0.8741  0.4485

PART 77
OFFSET  8.0027 -4.8771 -7.6754
X  0.2404 -0.4603  0.8546
Y -0.9655 -0.2038  0.1618
Z  0.0997 -0.8640 -0.4935

PART 78
OFFSET  0.0000 -0.0000 -0.0000
X  1.0000 -0.0000  0.0000
Y  0.0000  1.0000  0.0000
Z  0.0000 -0.0000  1.0000

PART 79
OFFSET  0.0000 -0.0000 -0.0000
X  1.0000 -0.0000  0.0000
Y  0.0000  1.0000  0.0000
Z  0.0000 -0.0000  1.0000

PART 80
OFFSET  1.5404 -0.0000  4.1357
X  1.0000 -0.0000  0.0000
Y  0.0000  1.0000  0.0000
Z  0.0000 -0.0000  1.0000


FRAME 2012
PART 0
OFFSET -4.6318 -0.0000 -1.3770
X  1.0000 -0.0000  0.0000
Y  0.0000  1.0000  0.0000
Z  0.0000 -0.0000  1.0000

PART 1
OFFSET -4.6318 -0.0000 -1.3770
X  1.0000 -0.0000  0.0000
Y  0.0000  1.0000  0.0000
Z  0.0000 -0.0000  1.0000

PART 2
OFFSET -3.5060  6.3408 -6.7125
X  0.7006 -0.2789 -0.6568
Y  0.1437 -0.8465  0.5127
Z -0.6989 -0.4535 -0.5530

PART 3
OFFSET  4.9674  2.9683 -14.6554
X  0.9704 -0.2178  0.1048
Y -0.0659  0.1788  0.9817
Z -0.2325 -0.9595  0.1592

PART 4
OFFSET  13.2207  1.1161 -13.7641
X  0.9704 -0.2178  0.1048
Y  0.2227  0.9742 -0.0374
Z -0.0939  0.0597  0.9938

PART 5
OFFSET  15.0406  2.3780 -14.6695
X  0.9713 -0.2163  0.0986
Y  0.2308  0.9574 -0.1736
Z -0.0568  0.1914  0.9799

PART 6
OFFSET  14.1177 -0.0299 -14.7741
X  0.9713 -0.2163  0.0986
Y  0.2308  0.9574 -0.1736
Z -0.0568  0.1914  0.9799

PART 7
OFFSET  15.3141  2.2997 -12.3662
X  0.9713 -0.2163  0.0986
Y  0.2308  0.9574 -0.1736
Z -0.0568  0.1914  0.9799

PART 8
OFFSET  14.8534  0.8107 -12.1547
X  0.9713 -0.2163  0.0986
Y  0.2308  0.9574 -0.1736
Z -0.0568  0.1914  0.9799

PART 9
OFFSET  14.2517 -0.3034 -12.5369
X  0.9713 -0.2163  0.0986
Y  0.2308  0.9574 -0.1736
Z -0.0568  0.1914  0.9799

PART 10
OFFSET  16.1955  0.4485 -13.4428
X  0.8373  0.5252 -0.1519
Y -0.5203  0.8508  0.0736
Z  0.1679  0.0174  0.9856

PART 11
OFFSET  16.1389  1.5129 -13.0354
X  0.6442  0.7640 -0.0346
Y -0.7176  0.5882 -0.3729
Z -0.2646  0.2651  0.9272

PART 12
OFFSET  17.4428  3.2351 -13.0958
X  0.9099  0.3725 -0.1824
Y -0.4017  0.9011 -0.1635
Z  0.1034  0.2220  0.9695

PART 13
OFFSET  18.9473  3.8076 -13.2719
X  0.6754  0.7331 -0.0799
Y -0.7227  0.6365 -0.2696
Z -0.1468  0.2398  0.9597

PART 14
OFFSET  19.6587  4.6221 -13.3189
X  0.4439  0.5183 -0.7310
Y -0.0623 -0.7959 -0.6022
Z -0.8939  0.3129 -0.3211

PART 15
OFFSET  17.4951 -0.0145 -13.4510
X  0.9963  0.0854  0.0128
Y -0.0094 -0.0396  0.9992
Z  0.0859 -0.9956 -0.0386

PART 16
OFFSET  19.7199  0.3175 -13.2942
X -0.0385  0.4550  0.8897
Y -0.9957  0.0572 -0.0723
Z -0.0838 -0.8886  0.4509

PART 17
OFFSET  19.6655  0.9617 -12.0346
X -0.5952  0.4311  0.6782
Y -0.8013 -0.2543 -0.5415
Z -0.0610 -0.8657  0.4968

PART 18
OFFSET  19.1378  1.3440 -11.4333
X -0.8106  0.3431  0.4746
Y -0.5754 -0.3158 -0.7544
Z -0.1090 -0.8846  0.4534

PART 19
OFFSET  18.3677  1.6700 -10.9825
X  0.9970  0.0637  0.0450
Y  0.0734 -0.5710 -0.8176
Z -0.0264  0.8185 -0.5740

PART 20
OFFSET  17.3100  0.6640 -13.5731
X  0.9576  0.2387 -0.1613
Y  0.1734 -0.0307  0.9844
Z  0.2300 -0.9706 -0.0708

PART 21
OFFSET  19.8417  1.2331 -13.7323
X  0.3470  0.1951  0.9173
Y -0.9179  0.2713  0.2895
Z -0.1924 -0.9425  0.2732

PART 22
OFFSET  20.4325  1.5652 -12.1705
X -0.6347  0.3370  0.6954
Y -0.7528 -0.0666 -0.6548
Z -0.1743 -0.9392  0.2960

PART 23
OFFSET  19.5528  2.0322 -11.2067
X -0.8709  0.2826  0.4021
Y -0.4608 -0.1846 -0.8681
Z -0.1711 -0.9413  0.2910

PART 24
OFFSET  18.6083  2.3387 -10.7705
X  0.9683 -0.1724  0.1807
Y  0.1294 -0.2726 -0.9534
Z  0.2136  0.9466 -0.2416

PART 25
OFFSET  18.0404  3.4278 -13.2660
X  0.9351  0.3345  0.1169
Y  0.0624  0.1692 -0.9836
Z -0.3488  0.9271  0.1374

PART 26
OFFSET  19.0031  3.1303 -14.3456
X  0.9468 -0.0341  0.3201
Y -0.3175  0.0643  0.9461
Z -0.0528 -0.9974  0.0500

PART 27
OFFSET  20.6701  3.0703 -13.7821
X  0.2500 -0.0625  0.9662
Y -0.9668  0.0381  0.2526
Z -0.0526 -0.9973 -0.0509

PART 28
OFFSET  20.9773  3.0550 -12.6043
X -0.4792  0.0814  0.8739
Y -0.8767  0.0029 -0.4810
Z -0.0417 -0.9967  0.0700

PART 29
OFFSET  20.4360  3.1470 -11.6172
X  0.9357 -0.3095  0.1694
Y  0.1962  0.0572 -0.9789
Z  0.2932  0.9492  0.1142

PART 30
OFFSET  19.5085  2.1544 -14.2325
X  0.6293  0.1167  0.7683
Y -0.7766  0.1312  0.6162
Z -0.0289 -0.9845  0.1732

PART 31
OFFSET  20.7379  2.3824 -12.7315
X -0.3744  0.1674  0.9120
Y -0.9244  0.0106 -0.3814
Z -0.0735 -0.9858  0.1507

PART 32
OFFSET  20.1911  2.6268 -11.3993
X -0.8592  0.1457  0.4905
Y -0.5007 -0.0420 -0.8646
Z -0.1054 -0.9884  0.1090

PART 33
OFFSET  19.2176  2.7849 -10.8424
X  0.9854 -0.0217  0.1691
Y  0.1615 -0.1992 -0.9666
Z  0.0547  0.9797 -0.1928

PART 34
OFFSET  19.0018  1.4405 -12.3924
X  0.1891 -0.9818 -0.0149
Y -0.1679 -0.0174 -0.9856
Z  0.9675  0.1889 -0.1682

PART 35
OFFSET  10.4105 -2.9181 -6.8958
X  0.7267  0.5720 -0.3804
Y -0.6670  0.4552 -0.5898
Z -0.1642  0.6823  0.7124

PART 36
OFFSET  10.4105 -2.9181 -6.8958
X  0.7267  0.5720 -0.3804
Y -0.6670  0.4552 -0.5898
Z -0.1642  0.6823  0.7124

PART 37
OFFSET  14.0633  1.5942 -7.0667
X  0.7232  0.5858 -0.3658
Y -0.6670  0.4552 -0.5898
Z -0.1790  0.6705  0.7200

PART 38
OFFSET  13.4154 -0.3117 -8.3080
X  0.7267  0.5720 -0.3804
Y -0.6670  0.4552 -0.5898
Z -0.1642  0.6823  0.7124

PART 39
OFFSET  27.3852  11.3193 -15.1318
X  0.7267  0.5720 -0.3804
Y -0.6670  0.4552 -0.5898
Z -0.1642  0.6823  0.7124

PART 40
OFFSET  10.2419 -4.9114 -8.2437
X  0.7267  0.5720 -0.3804
Y -0.6670  0.4552 -0.5898
Z -0.1642  0.6823  0.7124

PART 41
OFFSET  29.2209  10.6829 -17.9135
X -0.6670  0.4552 -0.5898
Y -0.7267 -0.5720  0.3804
Z -0.1642  0.6823  0.7124

PART 42
OFFSET  20.9226  3.9918 -12.8526
X -0.4293  0.4122  0.8036
Y -0.6089 -0.7892  0.0795
Z  0.6670 -0.4552  0.5898

PART 43
OFFSET  20.9226  3.9918 -12.8526
X -0.6670  0.4552 -0.5898
Y -0.7267 -0.5720  0.3804
Z -0.1642  0.6823  0.7124

PART 44
OFFSET  20.5139  3.5595 -13.2156
X -0.6670  0.4552 -0.5898
Y -0.7267 -0.5720  0.3804
Z -0.1642  0.6823  0.7124

PART 45
OFFSET  19.5801  4.1967 -14.0412
X -0.4816  0.0293 -0.8759
Y -0.7267 -0.5720  0.3804
Z -0.4899  0.8197  0.2967

PART 46
OFFSET  27.5203  9.4831 -16.9017
X  0.7267  0.5720 -0.3804
Y -0.6670  0.4552 -0.5898
Z -0.1642  0.6823  0.7124

PART 47
OFFSET  26.2218  9.1976 -18.0140
X  0.8151  0.5228  0.2495
Y  0.1553  0.2177 -0.9636
Z -0.5581  0.8242  0.0962

PART 48
OFFSET -10.8444 -11.7139 -5.9426
X -0.9182  0.3768 -0.1221
Y -0.2386 -0.2803  0.9298
Z  0.3161  0.8829  0.3472

PART 49
OFFSET  0.2606 -16.2702 -4.4660
X -0.7118 -0.6927  0.1160
Y  0.7010 -0.6903  0.1793
Z -0.0442  0.2089  0.9769

PART 50
OFFSET  6.3147 -10.3782 -5.4524
X -0.7118 -0.6927  0.1160
Y  0.4702 -0.5926 -0.6540
Z  0.5218 -0.4110  0.7475

PART 51
OFFSET  6.9145 -9.1623 -6.9108
X -0.7158 -0.6893  0.1120
Y  0.0360 -0.1966 -0.9798
Z  0.6974 -0.6973  0.1655

PART 52
OFFSET  6.5104 -8.1139 -6.4361
X -0.7158 -0.6893  0.1120
Y  0.0360 -0.1966 -0.9798
Z  0.6974 -0.6973  0.1655

PART 53
OFFSET  6.6210 -7.8605 -5.0955
X -0.7158 -0.6893  0.1120
Y  0.0360 -0.1966 -0.9798
Z  0.6974 -0.6973  0.1655

PART 54
OFFSET  8.4968 -8.2544 -5.8079
X -0.5561 -0.7894  0.2600
Y  0.4801 -0.5605 -0.6748
Z  0.6784 -0.2504  0.6907

PART 55
OFFSET  8.0051 -7.2556 -5.5574
X  0.1787 -0.9622  0.2053
Y  0.4142 -0.1156 -0.9028
Z  0.8925  0.2464  0.3779

PART 56
OFFSET  7.5284 -5.1813 -5.9312
X -0.4652 -0.5030  0.7285
Y  0.4176 -0.8503 -0.3204
Z  0.7805  0.1552  0.6056

PART 57
OFFSET  8.2168 -4.4375 -7.1941
X -0.5123  0.2619  0.8179
Y  0.0082 -0.9508  0.3097
Z  0.8588  0.1654  0.4850

PART 58
OFFSET  8.7314 -4.7121 -8.1060
X -0.9281 -0.1088  0.3560
Y -0.3589  0.0077 -0.9333
Z  0.0988 -0.9940 -0.0462

PART 59
OFFSET  9.3444 -8.1360 -6.8901
X -0.5357 -0.4989  0.6813
Y  0.8144 -0.0920  0.5729
Z -0.2231  0.8618  0.4556

PART 60
OFFSET  10.4156 -6.8783 -8.4248
X  0.5732 -0.4660  0.6740
Y  0.8183  0.2834 -0.5000
Z  0.0420  0.8382  0.5438

PART 61
OFFSET  9.6041 -6.2185 -9.3790
X  0.9944  0.0139 -0.1047
Y -0.0926  0.5911 -0.8012
Z  0.0508  0.8065  0.5891

PART 62
OFFSET  8.7224 -6.2308 -9.2861
X  0.5071  0.4463 -0.7374
Y -0.8612  0.2976 -0.4121
Z  0.0355  0.8439  0.5352

PART 63
OFFSET  8.2407 -6.6548 -8.5856
X  0.1476 -0.6502  0.7453
Y -0.9719  0.0441  0.2310
Z -0.1831 -0.7585 -0.6255

PART 64
OFFSET  9.2424 -7.6248 -6.4024
X -0.5479 -0.6388  0.5401
Y  0.7633 -0.1176  0.6352
Z -0.3423  0.7603  0.5521

PART 65
OFFSET  10.7320 -6.0823 -7.8722
X  0.5233 -0.3947  0.7553
Y  0.8520  0.2593 -0.4548
Z -0.0163  0.8815  0.4719

PART 66
OFFSET  9.8411 -5.4104 -9.1580
X  0.9530  0.1580 -0.2584
Y -0.3027  0.4699 -0.8292
Z -0.0096  0.8685  0.4956

PART 67
OFFSET  8.5203 -5.6294 -8.8000
X  0.3473  0.4713 -0.8107
Y -0.9376  0.1603 -0.3085
Z -0.0154  0.8673  0.4976

PART 68
OFFSET  8.1436 -6.1405 -7.9207
X  0.2503 -0.4350  0.8649
Y -0.9657 -0.1761  0.1908
Z  0.0693 -0.8830 -0.4642

PART 69
OFFSET  6.1401 -11.2001 -3.7848
X -0.4274 -0.7040  0.5672
Y -0.7914 -0.0119 -0.6112
Z  0.4370 -0.7101 -0.5520

PART 70
OFFSET  10.5536 -4.8488 -6.0556
X -0.6808 -0.6808  0.2702
Y  0.6451 -0.3827  0.6613
Z -0.3468  0.6245  0.6998

PART 71
OFFSET  11.7523 -3.6501 -6.5313
X  0.3367 -0.5698  0.7496
Y  0.8624  0.5062 -0.0026
Z -0.3780  0.6473  0.6619

PART 72
OFFSET  11.3200 -2.9181 -7.4024
X  0.6835 -0.3608  0.6346
Y  0.6480  0.7001 -0.2999
Z -0.3361  0.6162  0.7123

PART 73
OFFSET  10.5480 -2.5105 -8.1191
X -0.9020 -0.3412  0.2645
Y -0.4070  0.4679 -0.7845
Z  0.1439 -0.8153 -0.5609

PART 74
OFFSET  10.8935 -5.4961 -6.8838
X  0.4012 -0.4317  0.8078
Y  0.8947  0.3736 -0.2447
Z -0.1962  0.8210  0.5362

PART 75
OFFSET  10.1097 -4.6527 -8.4620
X  0.9757  0.2187  0.0141
Y -0.0974  0.4903 -0.8661
Z -0.1963  0.8436  0.4997

PART 76
OFFSET  8.6846 -4.9722 -8.4826
X  0.4274  0.5062 -0.7491
Y -0.8751  0.0236 -0.4834
Z -0.2270  0.8621  0.4530

PART 77
OFFSET  8.2015 -5.5515 -7.6378
X  0.2457 -0.4583  0.8542
Y -0.9591 -0.2426  0.1457
Z  0.1405 -0.8550 -0.4992

PART 78
OFFSET  0.0000 -0.0000 -0.0000
X  1.0000 -0.0000  0.0000
Y  0.0000  1.0000  0.0000
Z  0.0000 -0.0000  1.0000

PART 79
OFFSET  0.0000 -0.0000 -0.0000
X  1.0000 -0.0000  0.0000
Y  0.0000  1.0000  0.0000
Z  0.0000 -0.0000  1.0000

PART 80
OFFSET  1.5404 -0.0000  4.1357
X  1.0000 -0.0000  0.0000
Y  0.0000  1.0000  0.0000
Z  0.0000 -0.0000  1.0000


FRAME 2013
PART 0
OFFSET -4.6318 -0.0000 -1.3770
X  1.0000 -0.0000  0.0000
Y  0.0000  1.0000  0.0000
Z  0.0000 -0.0000  1.0000

PART 1
OFFSET -4.6318 -0.0000 -1.3770
X  1.0000 -0.0000  0.0000
Y  0.0000  1.0000  0.0000
Z  0.0000 -0.0000  1.0000

PART 2
OFFSET -3.5060  6.3408 -6.7125
X  0.7076 -0.2888 -0.6449
Y  0.1167 -0.8524  0.5097
Z -0.6969 -0.4359 -0.5695

PART 3
OFFSET  5.0518  2.8481 -14.5117
X  0.9645 -0.2400  0.1104
Y -0.0699  0.1711  0.9828
Z -0.2547 -0.9556  0.1483

PART 4
OFFSET  13.2552  0.8071 -13.5729
X  0.9645 -0.2400  0.1104
Y  0.2441  0.9694 -0.0251
Z -0.1010  0.0511  0.9936

PART 5
OFFSET  15.1095  2.0371 -14.4520
X  0.9656 -0.2384  0.1042
Y  0.2530  0.9537 -0.1627
Z -0.0605  0.1835  0.9812

PART 6
OFFSET  14.1351 -0.3489 -14.5865
X  0.9656 -0.2384  0.1042
Y  0.2530  0.9537 -0.1627
Z -0.0605  0.1835  0.9812

PART 7
OFFSET  15.3625  1.9315 -12.1474
X  0.9656 -0.2384  0.1042
Y  0.2530  0.9537 -0.1627
Z -0.0605  0.1835  0.9812

PART 8
OFFSET  14.8678  0.4511 -11.9536
X  0.9656 -0.2384  0.1042
Y  0.2530  0.9537 -0.1627
Z -0.0605  0.1835  0.9812

PART 9
OFFSET  14.2450 -0.6460 -12.3510
X  0.9656 -0.2384  0.1042
Y  0.2530  0.9537 -0.1627
Z -0.0605  0.1835  0.9812

PART 10
OFFSET  16.2120  0.0714 -13.2345
X  0.8398  0.5241 -0.1418
Y -0.5171  0.8517  0.0851
Z  0.1653  0.0018  0.9862

PART 11
OFFSET  16.1586  1.1298 -12.8112
X  0.6474  0.7618 -0.0214
Y -0.7142  0.5967 -0.3659
Z -0.2660  0.2522  0.9304

PART 12
OFFSET  17.4696  2.8474 -12.8421
X  0.9119  0.3715 -0.1743
Y -0.3976  0.9051 -0.1509
Z  0.1017  0.2069  0.9731

PART 13
OFFSET  18.9769  3.4163 -13.0055
X  0.6786  0.7314 -0.0670
Y -0.7194  0.6434 -0.2618
Z -0.1484  0.2259  0.9628

PART 14
OFFSET  19.6917  4.2286 -13.0384
X  0.4480  0.5274 -0.7219
Y -0.0639 -0.7865 -0.6143
Z -0.8917  0.3213 -0.3187

PART 15
OFFSET  17.5097 -0.3967 -13.2462
X  0.9966  0.0811  0.0167
Y -0.0123 -0.0546  0.9984
Z  0.0819 -0.9952 -0.0534

PART 16
OFFSET  19.7354 -0.0761 -13.0785
X -0.0390  0.4417  0.8963
Y -0.9953  0.0623 -0.0740
Z -0.0886 -0.8950  0.4372

PART 17
OFFSET  19.6802  0.5492 -11.8095
X -0.5953  0.4233  0.6830
Y -0.8008 -0.2429 -0.5474
Z -0.0658 -0.8728  0.4835

PART 18
OFFSET  19.1524  0.9245 -11.2039
X -0.8105  0.3393  0.4776
Y -0.5746 -0.3020 -0.7606
Z -0.1138 -0.8909  0.4397

PART 19
OFFSET  18.3824  1.2468 -10.7502
X  0.9971  0.0590  0.0486
Y  0.0733 -0.5589 -0.8260
Z -0.0215  0.8271 -0.5616

PART 20
OFFSET  17.3277  0.2843 -13.3586
X  0.9590  0.2372 -0.1551
Y  0.1706 -0.0463  0.9842
Z  0.2263 -0.9704 -0.0848

PART 21
OFFSET  19.8621  0.8454 -13.5024
X  0.3453  0.1798  0.9211
Y -0.9176  0.2707  0.2912
Z -0.1970 -0.9457  0.2584

PART 22
OFFSET  20.4500  1.1515 -11.9342
X -0.6352  0.3290  0.6988
Y -0.7513 -0.0537 -0.6577
Z -0.1789 -0.9428  0.2813

PART 23
OFFSET  19.5696  1.6075 -10.9658
X -0.8708  0.2801  0.4040
Y -0.4592 -0.1696 -0.8720
Z -0.1757 -0.9449  0.2763

PART 24
OFFSET  18.6252  1.9113 -10.5276
X  0.9671 -0.1791  0.1807
Y  0.1309 -0.2587 -0.9570
Z  0.2181  0.9492 -0.2267

PART 25
OFFSET  18.0684  3.0402 -13.0077
X  0.9361  0.3289  0.1244
Y  0.0658  0.1838 -0.9808
Z -0.3454  0.9263  0.1504

PART 26
OFFSET  19.0329  2.7551 -14.0892
X  0.9458 -0.0427  0.3220
Y -0.3198  0.0513  0.9461
Z -0.0569 -0.9978  0.0348

PART 27
OFFSET  20.6980  2.6798 -13.5223
X  0.2472 -0.0781  0.9658
Y -0.9673  0.0382  0.2506
Z -0.0565 -0.9962 -0.0661

PART 28
OFFSET  21.0019  2.6455 -12.3441
X -0.4812  0.0702  0.8738
Y -0.8754  0.0137 -0.4832
Z -0.0459 -0.9974  0.0548

PART 29
OFFSET  20.4584  2.7248 -11.3571
X  0.9340 -0.3158  0.1672
Y  0.1990  0.0712 -0.9774
Z  0.2968  0.9461  0.1293

PART 30
OFFSET  19.5339  1.7756 -13.9895
X  0.6277  0.1025  0.7717
Y -0.7777  0.1251  0.6160
Z -0.0334 -0.9868  0.1582

PART 31
OFFSET  20.7602  1.9759 -12.4820
X -0.3762  0.1551  0.9135
Y -0.9233  0.0202 -0.3836
Z -0.0779 -0.9877  0.1356

PART 32
OFFSET  20.2108  2.2024 -11.1477
X -0.8599  0.1418  0.4904
Y -0.4986 -0.0269 -0.8664
Z -0.1097 -0.9895  0.0938

PART 33
OFFSET  19.2365  2.3560 -10.5910
X  0.9848 -0.0283  0.1714
Y  0.1633 -0.1853 -0.9690
Z  0.0592  0.9823 -0.1779

PART 34
OFFSET  19.0195  1.0361 -12.1617
X  0.1852 -0.9823 -0.0292
Y -0.1653 -0.0018 -0.9862
Z  0.9687  0.1875 -0.1627

PART 35
OFFSET  10.3958 -3.3699 -6.7543
X  0.7300  0.5747 -0.3698
Y -0.6636  0.4668 -0.5846
Z -0.1634  0.6722  0.7221

PART 36
OFFSET  10.3958 -3.3699 -6.7543
X  0.7300  0.5747 -0.3698
Y -0.6636  0.4668 -0.5846
Z -0.1634  0.6722  0.7221

PART 37
OFFSET  14.0672  1.1296 -6.8474
X  0.7265  0.5883 -0.3550
Y -0.6636  0.4668 -0.5846
Z -0.1782  0.6603  0.7296

PART 38
OFFSET  13.4150 -0.7547 -8.1191
X  0.7300  0.5747 -0.3698
Y -0.6636  0.4668 -0.5846
Z -0.1634  0.6722  0.7221

PART 39
OFFSET  27.4500  10.9208 -14.7295
X  0.7300  0.5747 -0.3698
Y -0.6636  0.4668 -0.5846
Z -0.1634  0.6722  0.7221

PART 40
OFFSET  10.2228 -5.3420 -8.1326
X  0.7300  0.5747 -0.3698
Y -0.6636  0.4668 -0.5846
Z -0.1634  0.6722  0.7221

PART 41
OFFSET  29.2906  10.3189 -17.5156
X -0.6636  0.4668 -0.5846
Y -0.7300 -0.5747  0.3698
Z -0.1634  0.6722  0.7221

PART 42
OFFSET  20.9517  3.5862 -12.5783
X -0.4298  0.4017  0.8086
Y -0.6123 -0.7879  0.0660
Z  0.6636 -0.4668  0.5846

PART 43
OFFSET  20.9517  3.5862 -12.5783
X -0.6636  0.4668 -0.5846
Y -0.7300 -0.5747  0.3698
Z -0.1634  0.6722  0.7221

PART 44
OFFSET  20.5422  3.1610 -12.9488
X -0.6636  0.4668 -0.5846
Y -0.7300 -0.5747  0.3698
Z -0.1634  0.6722  0.7221

PART 45
OFFSET  19.6132  3.8145 -13.7673
X -0.4791  0.0445 -0.8766
Y -0.7300 -0.5747  0.3698
Z -0.4874  0.8171  0.3078

PART 46
OFFSET  27.5825  9.1109 -16.5266
X  0.7300  0.5747 -0.3698
Y -0.6636  0.4668 -0.5846
Z -0.1634  0.6722  0.7221

PART 47
OFFSET  26.2858  8.8476 -17.6465
X  0.8165  0.5156  0.2595
Y  0.1588  0.2316 -0.9598
Z -0.5550  0.8249  0.1072

PART 48
OFFSET -10.8444 -11.7139 -5.9426
X -0.9055  0.4047 -0.1275
Y -0.2519 -0.2708  0.9291
Z  0.3415  0.8734  0.3472

PART 49
OFFSET  0.1066 -16.6087 -4.4006
X -0.7217 -0.6823  0.1168
Y  0.6909 -0.6996  0.1822
Z -0.0426  0.2122  0.9763

PART 50
OFFSET  6.2451 -10.8058 -5.3941
X -0.7217 -0.6823  0.1168
Y  0.4593 -0.5983 -0.6566
Z  0.5179 -0.4202  0.7451

PART 51
OFFSET  6.8642 -9.6025 -6.8549
X -0.7256 -0.6788  0.1128
Y  0.0346 -0.1997 -0.9792
Z  0.6872 -0.7067  0.1684

PART 52
OFFSET  6.4743 -8.5472 -6.3837
X -0.7256 -0.6788  0.1128
Y  0.0346 -0.1997 -0.9792
Z  0.6872 -0.7067  0.1684

PART 53
OFFSET  6.5865 -8.2917 -5.0437
X -0.7256 -0.6788  0.1128
Y  0.0346 -0.1997 -0.9792
Z  0.6872 -0.7067  0.1684

PART 54
OFFSET  8.4576 -8.7142 -5.7522
X -0.5600 -0.7910  0.2466
Y  0.4797 -0.5522 -0.6819
Z  0.6755 -0.2635  0.6886

PART 55
OFFSET  7.9692 -7.7173 -5.4879
X  0.1743 -0.9660  0.1912
Y  0.4162 -0.1037 -0.9034
Z  0.8924  0.2370  0.3839

PART 56
OFFSET  7.5019 -5.6356 -5.8316
X -0.4691 -0.5120  0.7196
Y  0.4151 -0.8470 -0.3321
Z  0.7795  0.1429  0.6099

PART 57
OFFSET  8.1968 -4.8756 -7.0814
X -0.5135  0.2517  0.8204
Y  0.0035 -0.9554  0.2953
Z  0.8581  0.1545  0.4897

PART 58
OFFSET  8.7127 -5.1386 -7.9959
X -0.9295 -0.1104  0.3519
Y -0.3564  0.0232 -0.9340
Z  0.0949 -0.9936 -0.0609

PART 59
OFFSET  9.3086 -8.5829 -6.8302
X -0.5395 -0.5069  0.6723
Y  0.8125 -0.1040  0.5736
Z -0.2209  0.8557  0.4680

PART 60
OFFSET  10.3890 -7.3066 -8.3429
X  0.5695 -0.4785  0.6684
Y  0.8208  0.2876 -0.4935
Z  0.0440  0.8297  0.5565

PART 61
OFFSET  9.5827 -6.6291 -9.2892
X  0.9947  0.0114 -0.1019
Y -0.0881  0.6035 -0.7925
Z  0.0525  0.7973  0.6014

PART 62
OFFSET  8.7008 -6.6393 -9.1988
X  0.5109  0.4553 -0.7292
Y -0.8588  0.3073 -0.4098
Z  0.0375  0.8356  0.5480

PART 63
OFFSET  8.2154 -7.0718 -8.5061
X  0.1430 -0.6620  0.7357
Y -0.9724  0.0446  0.2291
Z -0.1845 -0.7482 -0.6373

PART 64
OFFSET  9.2073 -8.0787 -6.3351
X -0.5519 -0.6447  0.5290
Y  0.7611 -0.1303  0.6354
Z -0.3407  0.7533  0.5626

PART 65
OFFSET  10.7071 -6.5203 -7.7775
X  0.5196 -0.4082  0.7506
Y  0.8543  0.2626 -0.4486
Z -0.0140  0.8743  0.4851

PART 66
OFFSET  9.8224 -5.8254 -9.0554
X  0.9544  0.1580 -0.2534
Y -0.2985  0.4835 -0.8228
Z -0.0075  0.8609  0.5086

PART 67
OFFSET  8.4997 -6.0444 -8.7042
X  0.3514  0.4820 -0.8026
Y -0.9361  0.1688 -0.3085
Z -0.0132  0.8597  0.5106

PART 68
OFFSET  8.1186 -6.5672 -7.8337
X  0.2462 -0.4491  0.8589
Y -0.9669 -0.1751  0.1856
Z  0.0670 -0.8762 -0.4773

PART 69
OFFSET  6.0835 -11.6804 -3.7800
X -0.4318 -0.7107  0.5554
Y -0.7898  0.0005 -0.6134
Z  0.4356 -0.7035 -0.5615

PART 70
OFFSET  10.5288 -5.3136 -5.9430
X -0.6843 -0.6820  0.2581
Y  0.6418 -0.3953  0.6571
Z -0.3462  0.6153  0.7082

PART 71
OFFSET  11.7336 -4.1128 -6.3973
X  0.3324 -0.5824  0.7418
Y  0.8644  0.5027  0.0074
Z -0.3772  0.6388  0.6706

PART 72
OFFSET  11.3066 -3.3660 -7.2584
X  0.6803 -0.3732  0.6308
Y  0.6517  0.7019 -0.2876
Z -0.3355  0.6067  0.7207

PART 73
