// Export filename: `C:\projects\cod\t5\xanim_export\t5_viewmodels\ak47\ak47_flame_pullout.XANIM_EXPORT`
// Source filename: `D:\projects\devanim\t5\animation_assets\viewmodels/ak47/ViewModel_AK47_FlameThrower_animated.fbx`
// Export time: Tue Aug 17 23:31:00 2010

ANIMATION
VERSION 3

NUMPARTS 81
PART 0 "tag_ads"
PART 1 "tag_torso"
PART 2 "J_Shoulder_LE"
PART 3 "J_Elbow_LE"
PART 4 "J_WristTwist_LE"
PART 5 "J_Sleave_Reshape_Bottom_LE_1"
PART 6 "J_Sleave_Reshape_Bottom_LE_2"
PART 7 "J_Sleave_Reshape_Top_LE_1"
PART 8 "J_Sleave_Reshape_Top_LE_2"
PART 9 "J_Sleave_Reshape_Top_LE_3"
PART 10 "J_Wrist_LE"
PART 11 "J_Thumb_LE_0"
PART 12 "J_Thumb_LE_1"
PART 13 "J_Thumb_LE_2"
PART 14 "J_Thumb_LE_3"
PART 15 "J_PinkyPalm_LE"
PART 16 "J_Pinky_LE_0"
PART 17 "J_Pinky_LE_1"
PART 18 "J_Pinky_LE_2"
PART 19 "J_Pinky_LE_3"
PART 20 "J_RingPalm_LE"
PART 21 "J_Ring_LE_0"
PART 22 "J_Ring_LE_1"
PART 23 "J_Ring_LE_2"
PART 24 "J_Ring_LE_3"
PART 25 "J_Webbing_LE"
PART 26 "J_Index_LE_0"
PART 27 "J_Index_LE_1"
PART 28 "J_Index_LE_2"
PART 29 "J_Index_LE_3"
PART 30 "J_Mid_LE_0"
PART 31 "J_Mid_LE_1"
PART 32 "J_Mid_LE_2"
PART 33 "J_Mid_LE_3"
PART 34 "tag_knife_attach"
PART 35 "tag_weapon"
PART 36 "J_Gun"
PART 37 "J_bolt"
PART 38 "TAG_CLIP"
PART 39 "TAG_FLASH"
PART 40 "tag_flame_unit"
PART 41 "tag_flamer_big_nozel"
PART 42 "tag_flamer_bracket"
PART 43 "tag_flamer_bottle"
PART 44 "tag_flamer_button"
PART 45 "tag_flamer_ring"
PART 46 "tag_flamer_flame"
PART 47 "tag_flamer_pilot_light"
PART 48 "J_Shoulder_RI"
PART 49 "J_Elbow_RI"
PART 50 "J_WristTwist_RI"
PART 51 "J_Sleave_Reshape_Top_RI_3"
PART 52 "J_Sleave_Reshape_Top_RI_2"
PART 53 "J_Sleave_Reshape_Top_RI_1"
PART 54 "J_Wrist_RI"
PART 55 "J_Thumb_RI_0"
PART 56 "J_Thumb_RI_1"
PART 57 "J_Thumb_RI_2"
PART 58 "J_Thumb_RI_3"
PART 59 "J_PinkyPalm_RI"
PART 60 "J_Pinky_RI_0"
PART 61 "J_Pinky_RI_1"
PART 62 "J_Pinky_RI_2"
PART 63 "J_Pinky_RI_3"
PART 64 "J_RingPalm_RI"
PART 65 "J_Ring_RI_0"
PART 66 "J_Ring_RI_1"
PART 67 "J_Ring_RI_2"
PART 68 "J_Ring_RI_3"
PART 69 "J_Webbing_RI"
PART 70 "J_Index_RI_0"
PART 71 "J_Index_RI_1"
PART 72 "J_Index_RI_2"
PART 73 "J_Index_RI_3"
PART 74 "J_Mid_RI_0"
PART 75 "J_Mid_RI_1"
PART 76 "J_Mid_RI_2"
PART 77 "J_Mid_RI_3"
PART 78 "tag_cambone"
PART 79 "tag_camera"
PART 80 "tag_gasmask"

FRAMERATE 30
NUMFRAMES 37

FRAME 150
PART 0
OFFSET -4.6318 -0.0000 -1.3770
X  1.0000 -0.0000  0.0000
Y  0.0000  1.0000  0.0000
Z  0.0000 -0.0000  1.0000

PART 1
OFFSET -4.6318 -0.0000 -1.3770
X  1.0000 -0.0000  0.0000
Y  0.0000  1.0000  0.0000
Z  0.0000 -0.0000  1.0000

PART 2
OFFSET -3.5060  6.3408 -6.7125
X  0.5892  0.0461 -0.8067
Y  0.3287 -0.9257  0.1873
Z -0.7381 -0.3755 -0.5605

PART 3
OFFSET  3.6197  6.8978 -16.4683
X  0.5890  0.0467 -0.8068
Y  0.8027 -0.1488  0.5775
Z -0.0931 -0.9878 -0.1251

PART 4
OFFSET  8.6296  7.2948 -23.3302
X  0.5890  0.0467 -0.8068
Y -0.1462  0.9880 -0.0496
Z  0.7948  0.1472  0.5888

PART 5
OFFSET  8.9889  9.2328 -24.6864
X  0.5845  0.0502 -0.8098
Y  0.0799  0.9897  0.1190
Z  0.8074 -0.1342  0.5745

PART 6
OFFSET  8.1511  6.8077 -24.9648
X  0.5845  0.0502 -0.8098
Y  0.0799  0.9897  0.1190
Z  0.8074 -0.1342  0.5745

PART 7
OFFSET  11.0516  8.5520 -23.8691
X  0.5845  0.0502 -0.8098
Y  0.0799  0.9897  0.1190
Z  0.8074 -0.1342  0.5745

PART 8
OFFSET  10.8236  7.0013 -24.0007
X  0.5845  0.0502 -0.8098
Y  0.0799  0.9897  0.1190
Z  0.8074 -0.1342  0.5745

PART 9
OFFSET  10.0628  5.9291 -24.1455
X  0.5845  0.0502 -0.8098
Y  0.0799  0.9897  0.1190
Z  0.8074 -0.1342  0.5745

PART 10
OFFSET  10.4354  7.4379 -25.8035
X  0.5046  0.8013 -0.3214
Y -0.7824  0.5818  0.2220
Z  0.3649  0.1394  0.9206

PART 11
OFFSET  10.0571  8.4171 -25.3559
X  0.2649  0.9518 -0.1543
Y -0.9553  0.2373 -0.1764
Z -0.1313  0.1941  0.9722

PART 12
OFFSET  10.5261  10.5055 -25.6523
X  0.6227  0.6877 -0.3732
Y -0.7500  0.6606 -0.0341
Z  0.2231  0.3011  0.9271

PART 13
OFFSET  11.6011  11.6101 -26.1490
X  0.2947  0.9330 -0.2066
Y -0.9555  0.2857 -0.0729
Z -0.0090  0.2189  0.9757

PART 14
OFFSET  11.9032  12.6339 -26.3290
X  0.0264  0.6070 -0.7943
Y  0.1226 -0.7905 -0.6000
Z -0.9921 -0.0815 -0.0953

PART 15
OFFSET  11.7739  7.5212 -26.1271
X  0.8568  0.4693 -0.2137
Y  0.2324  0.0185  0.9724
Z  0.4603 -0.8828 -0.0933

PART 16
OFFSET  13.6605  8.7064 -26.4744
X -0.0132  0.4549  0.8905
Y -0.9260 -0.3416  0.1608
Z  0.3774 -0.8224  0.4257

PART 17
OFFSET  13.6418  9.3504 -25.2137
X -0.5474  0.2025  0.8120
Y -0.7356 -0.5790 -0.3515
Z  0.3990 -0.7898  0.4659

PART 18
OFFSET  13.1565  9.5300 -24.4938
X -0.7505  0.0255  0.6604
Y -0.5581 -0.5595 -0.6127
Z  0.3539 -0.8284  0.4341

PART 19
OFFSET  12.4435  9.5542 -23.8664
X  0.8732  0.4515 -0.1832
Y  0.1063 -0.5435 -0.8327
Z -0.4756  0.7076 -0.5226

PART 20
OFFSET  11.3140  8.0646 -26.1788
X  0.7227  0.5847 -0.3685
Y  0.3885  0.0973  0.9163
Z  0.5716 -0.8054 -0.1568

PART 21
OFFSET  13.3093  9.5692 -26.8954
X  0.4390  0.3687  0.8193
Y -0.8595 -0.0933  0.5025
Z  0.2618 -0.9248  0.2759

PART 22
OFFSET  14.0566  10.1969 -25.5005
X -0.5416  0.1016  0.8345
Y -0.7920 -0.3943 -0.4660
Z  0.2817 -0.9133  0.2940

PART 23
OFFSET  13.3060  10.3378 -24.3439
X -0.7967 -0.0580  0.6016
Y -0.5334 -0.4007 -0.7449
Z  0.2843 -0.9144  0.2884

PART 24
OFFSET  12.4420  10.2749 -23.6915
X  0.9714  0.2314 -0.0532
Y  0.0079 -0.2554 -0.9668
Z -0.2373  0.9387 -0.2500

PART 25
OFFSET  10.9442  10.9065 -25.9484
X  0.7276  0.6802 -0.0894
Y -0.2328  0.1223 -0.9648
Z -0.6453  0.7228  0.2473

PART 26
OFFSET  11.6759  10.9471 -27.2305
X  0.9291  0.3582  0.0922
Y -0.0950 -0.0099  0.9954
Z  0.3575 -0.9336  0.0248

PART 27
OFFSET  13.3117  11.5778 -27.0681
X  0.4651  0.0971  0.8799
Y -0.8194 -0.3288  0.4695
Z  0.3349 -0.9394 -0.0734

PART 28
OFFSET  13.8568  11.7529 -25.9940
X -0.2621 -0.0617  0.9631
Y -0.8906 -0.3688 -0.2660
Z  0.3716 -0.9275  0.0417

PART 29
OFFSET  13.5608  11.6832 -24.9062
X  0.9938  0.0921 -0.0617
Y -0.0684  0.0720 -0.9951
Z -0.0872  0.9931  0.0779

PART 30
OFFSET  12.5364  10.2555 -27.2720
X  0.6878  0.3986  0.6067
Y -0.6048 -0.1475  0.7826
Z  0.4014 -0.9052  0.1396

PART 31
OFFSET  13.8801  11.0341 -26.0868
X -0.1940  0.0605  0.9791
Y -0.9137 -0.3745 -0.1579
Z  0.3571 -0.9252  0.1279

PART 32
OFFSET  13.5968  11.1224 -24.6567
X -0.7123 -0.1739  0.6799
Y -0.6244 -0.2852 -0.7271
Z  0.3204 -0.9425  0.0946

PART 33
OFFSET  12.7927  10.9190 -23.8854
X  0.9246  0.3758 -0.0630
Y  0.0046 -0.1763 -0.9843
Z -0.3810  0.9098 -0.1647

PART 34
OFFSET  12.7812  9.5093 -25.3917
X  0.5522 -0.8284 -0.0934
Y -0.3649 -0.1394 -0.9206
Z  0.7496  0.5425 -0.3793

PART 35
OFFSET  8.2745  2.4794 -18.4877
X  0.3362  0.7876 -0.5165
Y -0.9067  0.1223 -0.4037
Z -0.2548  0.6040  0.7552

PART 36
OFFSET  8.2745  2.4794 -18.4877
X  0.3362  0.7876 -0.5165
Y -0.9067  0.1223 -0.4037
Z -0.2548  0.6040  0.7552

PART 37
OFFSET  9.7112  8.0433 -19.3313
X  0.3309  0.7997 -0.5009
Y -0.9067  0.1223 -0.4037
Z -0.2616  0.5878  0.7656

PART 38
OFFSET  9.6057  5.9668 -20.4583
X  0.3362  0.7876 -0.5165
Y -0.9067  0.1223 -0.4037
Z -0.2548  0.6040  0.7552

PART 39
OFFSET  15.9280  21.7181 -29.8882
X  0.3362  0.7876 -0.5165
Y -0.9067  0.1223 -0.4037
Z -0.2548  0.6040  0.7552

PART 40
OFFSET  8.6064  0.5041 -19.8317
X  0.3362  0.7876 -0.5165
Y -0.9067  0.1223 -0.4037
Z -0.2548  0.6040  0.7552

PART 41
OFFSET  17.1875  21.6897 -33.0387
X -0.9067  0.1223 -0.4037
Y -0.3362 -0.7876  0.5165
Z -0.2548  0.6040  0.7552

PART 42
OFFSET  13.5731  12.5922 -26.4496
X -0.3639  0.2574  0.8952
Y -0.2134 -0.9585  0.1889
Z  0.9067 -0.1223  0.4037

PART 43
OFFSET  13.5731  12.5922 -26.4496
X -0.9067  0.1223 -0.4037
Y -0.3362 -0.7876  0.5165
Z -0.2548  0.6040  0.7552

PART 44
OFFSET  13.2976  12.0139 -26.7241
X -0.9067  0.1223 -0.4037
Y -0.3362 -0.7876  0.5165
Z -0.2548  0.6040  0.7552

PART 45
OFFSET  12.0283  12.1851 -27.2892
X -0.6380 -0.2129 -0.7400
Y -0.3362 -0.7876  0.5165
Z -0.6928  0.5783  0.4309

PART 46
OFFSET  16.3735  19.9812 -31.7068
X  0.3362  0.7876 -0.5165
Y -0.9067  0.1223 -0.4037
Z -0.2548  0.6040  0.7552

PART 47
OFFSET  15.0785  19.1455 -32.5001
X  0.5763  0.8139  0.0740
Y -0.1646  0.2043 -0.9650
Z -0.8005  0.5439  0.2517

PART 48
OFFSET -7.2604 -4.8127 -5.4071
X -0.3946  0.0097  0.9188
Y -0.3218 -0.9381 -0.1283
Z  0.8607 -0.3463  0.3732

PART 49
OFFSET -2.4886 -4.9300 -16.5192
X -0.9858 -0.1576  0.0573
Y -0.0438 -0.0880 -0.9952
Z  0.1619 -0.9836  0.0799

PART 50
OFFSET  5.8964 -3.5896 -17.0065
X -0.9858 -0.1576  0.0573
Y  0.1483 -0.9789 -0.1406
Z  0.0782 -0.1301  0.9884

PART 51
OFFSET  7.1504 -2.1255 -16.5075
X -0.9860 -0.1541  0.0629
Y -0.1582  0.9852 -0.0653
Z -0.0519 -0.0744 -0.9959

PART 52
OFFSET  7.6823 -2.6730 -15.5562
X -0.9860 -0.1541  0.0629
Y -0.1582  0.9852 -0.0653
Z -0.0519 -0.0744 -0.9959

PART 53
OFFSET  7.9931 -4.0054 -15.5956
X -0.9860 -0.1541  0.0629
Y -0.1582  0.9852 -0.0653
Z -0.0519 -0.0744 -0.9959

PART 54
OFFSET  8.9186 -3.1065 -17.1821
X -0.1256 -0.9274  0.3523
Y  0.4967 -0.3662 -0.7869
Z  0.8588  0.0762  0.5066

PART 55
OFFSET  8.1432 -2.3672 -16.7892
X  0.5849 -0.8016  0.1238
Y  0.2112  0.0032 -0.9774
Z  0.7831  0.5978  0.1711

PART 56
OFFSET  6.8164 -0.6710 -16.9683
X -0.0519 -0.6014  0.7973
Y  0.6351 -0.6360 -0.4383
Z  0.7707  0.4836  0.4150

PART 57
OFFSET  6.8518  0.2077 -18.3280
X -0.3754  0.0878  0.9227
Y  0.4520 -0.8518  0.2649
Z  0.8092  0.5165  0.2800

PART 58
OFFSET  7.2130  0.1036 -19.3431
X -0.7037 -0.4425  0.5558
Y -0.5332 -0.1882 -0.8248
Z  0.4696 -0.8768 -0.1035

PART 59
OFFSET  9.3832 -2.7292 -18.4252
X -0.1270 -0.6280  0.7678
Y  0.8910  0.2679  0.3665
Z -0.4359  0.7307  0.5255

PART 60
OFFSET  9.4958 -1.2447 -20.1187
X  0.8463 -0.1640  0.5068
Y  0.5046  0.5514 -0.6643
Z -0.1705  0.8180  0.5494

PART 61
OFFSET  8.2976 -1.0124 -20.8362
X  0.8569  0.3960 -0.3301
Y -0.4962  0.4596 -0.7366
Z -0.1400  0.7949  0.5903

PART 62
OFFSET  7.5379 -1.3636 -20.5435
X  0.1096  0.5652 -0.8176
Y -0.9775 -0.0880 -0.1919
Z -0.1805  0.8202  0.5428

PART 63
OFFSET  7.4337 -1.9005 -19.7668
X  0.5558 -0.4957  0.6674
Y -0.8313 -0.3265  0.4498
Z -0.0050 -0.8048 -0.5935

PART 64
OFFSET  9.2006 -2.2712 -17.9090
X -0.1145 -0.7696  0.6282
Y  0.8696  0.2281  0.4379
Z -0.4803  0.5965  0.6431

PART 65
OFFSET  9.5884 -0.3575 -19.6253
X  0.7920 -0.1133  0.5999
Y  0.5544  0.5451 -0.6289
Z -0.2557  0.8307  0.4945

PART 66
OFFSET  8.2399 -0.1646 -20.6467
X  0.7286  0.5032 -0.4648
Y -0.6418  0.2644 -0.7198
Z -0.2393  0.8228  0.5156

PART 67
OFFSET  7.2302 -0.8620 -20.0025
X -0.0591  0.5213 -0.8513
Y -0.9681 -0.2380 -0.0785
Z -0.2435  0.8195  0.5187

PART 68
OFFSET  7.2943 -1.4273 -19.0792
X  0.5894 -0.2509  0.7679
Y -0.7479 -0.5287  0.4014
Z  0.3053 -0.8109 -0.4993

PART 69
OFFSET  8.4363 -6.6158 -14.7788
X  0.0246 -0.7806  0.6246
Y -0.8381 -0.3566 -0.4127
Z  0.5449 -0.5133 -0.6630

PART 70
OFFSET  9.3525  0.8117 -17.7732
X -0.2773 -0.8759  0.3948
Y  0.8747 -0.0601  0.4809
Z -0.3975  0.4787  0.7829

PART 71
OFFSET  9.8407  2.3539 -18.4682
X  0.6936 -0.3475  0.6310
Y  0.5682  0.8024 -0.1826
Z -0.4428  0.4852  0.7540

PART 72
OFFSET  8.9706  2.8059 -19.1895
X  0.8942 -0.0266  0.4469
Y  0.2337  0.8791 -0.4154
Z -0.3818  0.4759  0.7923

PART 73
OFFSET  7.9605  2.8359 -19.6943
X -0.6095 -0.6511  0.4524
Y -0.7239  0.2243 -0.6524
Z  0.3233 -0.7251 -0.6080

PART 74
OFFSET  9.7239  0.3019 -18.6801
X  0.7097 -0.1921  0.6778
Y  0.5947  0.6791 -0.4303
Z -0.3776  0.7085  0.5962

PART 75
OFFSET  8.3374  0.6771 -20.0042
X  0.7862  0.5837 -0.2028
Y -0.4753  0.3614 -0.8022
Z -0.3949  0.7271  0.5616

PART 76
OFFSET  7.1890 -0.1755 -19.7080
X  0.0124  0.5883 -0.8085
Y -0.8979 -0.3493 -0.2680
Z -0.4401  0.7293  0.5239

PART 77
OFFSET  7.1774 -0.8472 -18.7961
X  0.5921 -0.2746  0.7576
Y -0.7260 -0.5899  0.3536
Z  0.3498 -0.7594 -0.5486

PART 78
OFFSET  0.0000 -0.0000 -0.0000
X  1.0000 -0.0000  0.0000
Y  0.0000  1.0000  0.0000
Z  0.0000 -0.0000  1.0000

PART 79
OFFSET  0.0000 -0.0000 -0.0000
X  1.0000 -0.0000  0.0000
Y  0.0000  1.0000  0.0000
Z  0.0000 -0.0000  1.0000

PART 80
OFFSET  1.5404 -0.0000  4.1357
X  1.0000 -0.0000  0.0000
Y  0.0000  1.0000  0.0000
Z  0.0000 -0.0000  1.0000


FRAME 151
PART 0
OFFSET -4.6318 -0.0000 -1.3770
X  1.0000 -0.0000  0.0000
Y  0.0000  1.0000  0.0000
Z  0.0000 -0.0000  1.0000

PART 1
OFFSET -4.6318 -0.0000 -1.3770
X  1.0000 -0.0000  0.0000
Y  0.0000  1.0000  0.0000
Z  0.0000 -0.0000  1.0000

PART 2
OFFSET -3.5060  6.3408 -6.7125
X  0.5846  0.0474 -0.8100
Y  0.3329 -0.9244  0.1861
Z -0.7399 -0.3785 -0.5562

PART 3
OFFSET  3.5637  6.9144 -16.5080
X  0.5844  0.0481 -0.8101
Y  0.8064 -0.1456  0.5731
Z -0.0904 -0.9882 -0.1238

PART 4
OFFSET  8.5342  7.3232 -23.3979
X  0.5844  0.0481 -0.8101
Y -0.1945  0.9774 -0.0823
Z  0.7878  0.2057  0.5806

PART 5
OFFSET  8.8794  9.2613 -24.7575
X  0.5798  0.0516 -0.8131
Y  0.0771  0.9900  0.1178
Z  0.8111 -0.1310  0.5701

PART 6
OFFSET  8.0483  6.8332 -25.0294
X  0.5798  0.0516 -0.8131
Y  0.0771  0.9900  0.1178
Z  0.8111 -0.1310  0.5701

PART 7
OFFSET  10.9489  8.5883 -23.9511
X  0.5798  0.0516 -0.8131
Y  0.0771  0.9900  0.1178
Z  0.8111 -0.1310  0.5701

PART 8
OFFSET  10.7254  7.0367 -24.0802
X  0.5798  0.0516 -0.8131
Y  0.0771  0.9900  0.1178
Z  0.8111 -0.1310  0.5701

PART 9
OFFSET  9.9675  5.9617 -24.2200
X  0.5798  0.0516 -0.8131
Y  0.0771  0.9900  0.1178
Z  0.8111 -0.1310  0.5701

PART 10
OFFSET  10.3257  7.4705 -25.8812
X  0.4754  0.8032 -0.3591
Y -0.8001  0.5644  0.2031
Z  0.3658  0.1908  0.9109

PART 11
OFFSET  9.9176  8.4548 -25.4727
X  0.2318  0.9527 -0.1967
Y -0.9638  0.1976 -0.1789
Z -0.1316  0.2311  0.9640

PART 12
OFFSET  10.3143  10.5432 -25.8614
X  0.5969  0.6914 -0.4070
Y -0.7719  0.6332 -0.0564
Z  0.2187  0.3478  0.9117

PART 13
OFFSET  11.3484  11.6606 -26.4130
X  0.2619  0.9326 -0.2484
Y -0.9650  0.2503 -0.0776
Z -0.0102  0.2601  0.9655

PART 14
OFFSET  11.6148  12.6852 -26.6387
X  0.0010  0.5730 -0.8196
Y  0.1453 -0.8110 -0.5668
Z -0.9894 -0.1185 -0.0841

PART 15
OFFSET  11.6587  7.5844 -26.2184
X  0.8392  0.4880 -0.2401
Y  0.2378  0.0678  0.9689
Z  0.4891 -0.8702 -0.0592

PART 16
OFFSET  13.5021  8.8159 -26.6304
X -0.0228  0.4919  0.8704
Y -0.9129 -0.3651  0.1824
Z  0.4075 -0.7904  0.4574

PART 17
OFFSET  13.4698  9.5123 -25.3982
X -0.5488  0.2188  0.8068
Y -0.7180 -0.6177 -0.3208
Z  0.4282 -0.7554  0.4960

PART 18
OFFSET  12.9832  9.7062 -24.6828
X -0.7468  0.0287  0.6645
Y -0.5429 -0.6035 -0.5840
Z  0.3842 -0.7969  0.4662

PART 19
OFFSET  12.2738  9.7335 -24.0515
X  0.8564  0.4721 -0.2090
Y  0.1192 -0.5748 -0.8096
Z -0.5024  0.6684 -0.5485

PART 20
OFFSET  11.1804  8.1095 -26.2896
X  0.7003  0.5921 -0.3986
Y  0.3907  0.1493  0.9083
Z  0.5974 -0.7919 -0.1268

PART 21
OFFSET  13.1194  9.6476 -27.0850
X  0.4315  0.4179  0.7995
Y -0.8527 -0.1003  0.5127
Z  0.2944 -0.9030  0.3130

PART 22
OFFSET  13.8541  10.3591 -25.7239
X -0.5394  0.1192  0.8336
Y -0.7813 -0.4400 -0.4427
Z  0.3141 -0.8900  0.3305

PART 23
OFFSET  13.1065  10.5242 -24.5686
X -0.7905 -0.0587  0.6097
Y -0.5243 -0.4498 -0.7230
Z  0.3166 -0.8912  0.3248

PART 24
OFFSET  12.2492  10.4606 -23.9074
X  0.9627  0.2612 -0.0705
Y  0.0104 -0.2962 -0.9551
Z -0.2703  0.9187 -0.2879

PART 25
OFFSET  10.7168  10.9448 -26.1775
X  0.7037  0.6996 -0.1239
Y -0.2428  0.0730 -0.9673
Z -0.6677  0.7108  0.2213

PART 26
OFFSET  11.4386  10.9548 -27.4658
X  0.9171  0.3926  0.0697
Y -0.0883  0.0295  0.9957
Z  0.3888 -0.9193  0.0617

PART 27
OFFSET  13.0533  11.6460 -27.3431
X  0.4672  0.1501  0.8713
Y -0.8049 -0.3355  0.4894
Z  0.3658 -0.9300 -0.0359

PART 28
OFFSET  13.5990  11.8850 -26.2816
X -0.2538 -0.0291  0.9668
Y -0.8794 -0.4093 -0.2432
Z  0.4028 -0.9119  0.0783

PART 29
OFFSET  13.3123  11.8521 -25.1896
X  0.9898  0.1225 -0.0732
Y -0.0771  0.0271 -0.9967
Z -0.1201  0.9921  0.0362

PART 30
OFFSET  12.3216  10.2911 -27.4845
X  0.6779  0.4468  0.5838
Y -0.5945 -0.1339  0.7928
Z  0.4325 -0.8845  0.1749

PART 31
OFFSET  13.6459  11.1640 -26.3440
X -0.1897  0.0958  0.9771
Y -0.9016 -0.4111 -0.1347
Z  0.3888 -0.9065  0.1644

PART 32
OFFSET  13.3687  11.3040 -24.9167
X -0.7018 -0.1683  0.6922
Y -0.6191 -0.3367 -0.7095
Z  0.3525 -0.9264  0.1321

PART 33
OFFSET  12.5768  11.1071 -24.1313
X  0.9110  0.4033 -0.0861
Y  0.0043 -0.2180 -0.9759
Z -0.4124  0.8887 -0.2004

PART 34
OFFSET  12.6032  9.6346 -25.5761
X  0.5792 -0.8128 -0.0623
Y -0.3658 -0.1908 -0.9109
Z  0.7285  0.5504 -0.4078

PART 35
OFFSET  8.3343  2.7621 -18.2809
X  0.3063  0.7755 -0.5521
Y -0.9128  0.0746 -0.4015
Z -0.2702  0.6269  0.7307

PART 36
OFFSET  8.3343  2.7621 -18.2809
X  0.3063  0.7755 -0.5521
Y -0.9128  0.0746 -0.4015
Z -0.2702  0.6269  0.7307

PART 37
OFFSET  9.5779  8.3296 -19.3716
X  0.3007  0.7881 -0.5371
Y -0.9128  0.0746 -0.4015
Z -0.2764  0.6110  0.7419

PART 38
OFFSET  9.5351  6.2044 -20.4083
X  0.3063  0.7755 -0.5521
Y -0.9128  0.0746 -0.4015
Z -0.2702  0.6269  0.7307

PART 39
OFFSET  15.2650  21.7394 -30.5488
X  0.3063  0.7755 -0.5521
Y -0.9128  0.0746 -0.4015
Z -0.2702  0.6269  0.7307

PART 40
OFFSET  8.7240  0.7432 -19.5421
X  0.3063  0.7755 -0.5521
Y -0.9128  0.0746 -0.4015
Z -0.2702  0.6269  0.7307

PART 41
OFFSET  16.5048  21.6181 -33.7048
X -0.9128  0.0746 -0.4015
Y -0.3063 -0.7755  0.5521
Z -0.2702  0.6269  0.7307

PART 42
OFFSET  13.2398  12.6957 -26.7067
X -0.3666  0.2832  0.8862
Y -0.1799 -0.9561  0.2312
Z  0.9128 -0.0746  0.4015

PART 43
OFFSET  13.2398  12.6957 -26.7067
X -0.9128  0.0746 -0.4015
Y -0.3063 -0.7755  0.5521
Z -0.2702  0.6269  0.7307

PART 44
OFFSET  12.9821  12.0973 -26.9542
X -0.9128  0.0746 -0.4015
Y -0.3063 -0.7755  0.5521
Z -0.2702  0.6269  0.7307

PART 45
OFFSET  11.7042  12.2018 -27.5163
X -0.6351 -0.2656 -0.7253
Y -0.3063 -0.7755  0.5521
Z -0.7091  0.5728  0.4112

PART 46
OFFSET  15.7571  19.9420 -32.2952
X  0.3063  0.7755 -0.5521
Y -0.9128  0.0746 -0.4015
Z -0.2702  0.6269  0.7307

PART 47
OFFSET  14.4859  19.0305 -33.0422
X  0.5491  0.8350  0.0349
Y -0.1775  0.1572 -0.9715
Z -0.8167  0.5273  0.2345

PART 48
OFFSET -7.2604 -4.8127 -5.4071
X -0.4173 -0.0042  0.9088
Y -0.3024 -0.9424 -0.1432
Z  0.8570 -0.3346  0.3920

PART 49
OFFSET -2.2136 -4.7617 -16.3975
X -0.9841 -0.1749  0.0299
Y -0.0160 -0.0806 -0.9966
Z  0.1767 -0.9813  0.0766

PART 50
OFFSET  6.1569 -3.2744 -16.6520
X -0.9841 -0.1749  0.0299
Y  0.1720 -0.9818 -0.0806
Z  0.0435 -0.0742  0.9963

PART 51
OFFSET  7.3718 -1.7932 -16.1087
X -0.9846 -0.1714  0.0356
Y -0.1734  0.9829 -0.0619
Z -0.0243 -0.0671 -0.9974

PART 52
OFFSET  7.8879 -2.3392 -15.1478
X -0.9846 -0.1714  0.0356
Y -0.1734  0.9829 -0.0619
Z -0.0243 -0.0671 -0.9974

PART 53
OFFSET  8.2227 -3.6658 -15.1893
X -0.9846 -0.1714  0.0356
Y -0.1734  0.9829 -0.0619
Z -0.0243 -0.0671 -0.9974

PART 54
OFFSET  9.1740 -2.7383 -16.7437
X -0.0921 -0.9152  0.3924
Y  0.5037 -0.3828 -0.7744
Z  0.8589  0.1264  0.4963

PART 55
OFFSET  8.3767 -2.0091 -16.3766
X  0.6123 -0.7757  0.1533
Y  0.2048 -0.0317 -0.9783
Z  0.7637  0.6304  0.1394

PART 56
OFFSET  6.9925 -0.3672 -16.6175
X -0.0267 -0.5681  0.8225
Y  0.6533 -0.6327 -0.4158
Z  0.7566  0.5263  0.3880

PART 57
OFFSET  6.9898  0.4532 -18.0136
X -0.3723  0.1147  0.9210
Y  0.4820 -0.8241  0.2975
Z  0.7931  0.5547  0.2515

PART 58
OFFSET  7.3479  0.3178 -19.0261
X -0.6850 -0.4415  0.5796
Y -0.5317 -0.2409 -0.8119
Z  0.4981 -0.8643 -0.0697

PART 59
OFFSET  9.6178 -2.3993 -18.0053
X -0.1010 -0.5984  0.7948
Y  0.8838  0.3129  0.3479
Z -0.4569  0.7376  0.4973

PART 60
OFFSET  9.6698 -0.9857 -19.7613
X  0.8545 -0.1139  0.5067
Y  0.4816  0.5390 -0.6911
Z -0.1944  0.8346  0.5154

PART 61
OFFSET  8.4599 -0.8244 -20.4787
X  0.8410  0.4098 -0.3533
Y -0.5160  0.4109 -0.7516
Z -0.1629  0.8144  0.5570

PART 62
OFFSET  7.7143 -1.1878 -20.1655
X  0.0854  0.5330 -0.8418
Y -0.9751 -0.1287 -0.1804
Z -0.2045  0.8362  0.5088

PART 63
OFFSET  7.6331 -1.6942 -19.3658
X  0.5764 -0.4479  0.6835
Y -0.8170 -0.3345  0.4698
Z  0.0183 -0.8292 -0.5587

PART 64
OFFSET  9.4232 -1.9260 -17.5076
X -0.0846 -0.7453  0.6613
Y  0.8642  0.2755  0.4211
Z -0.4960  0.6071  0.6208

PART 65
OFFSET  9.7355 -0.0756 -19.3068
X  0.7991 -0.0611  0.5980
Y  0.5318  0.5358 -0.6559
Z -0.2804  0.8421  0.4607

PART 66
OFFSET  8.3750  0.0284 -20.3250
X  0.7083  0.5068 -0.4914
Y -0.6549  0.2118 -0.7255
Z -0.2636  0.8356  0.4819

PART 67
OFFSET  7.3933 -0.6740 -19.6439
X -0.0819  0.4821 -0.8723
Y -0.9600 -0.2732 -0.0608
Z -0.2677  0.8324  0.4852

PART 68
OFFSET  7.4822 -1.1969 -18.6979
X  0.6024 -0.1980  0.7733
Y -0.7272 -0.5357  0.4293
Z  0.3292 -0.8209 -0.4666

PART 69
OFFSET  8.8250 -6.1557 -14.1895
X  0.0547 -0.7519  0.6570
Y -0.8283 -0.4017 -0.3907
Z  0.5577 -0.5228 -0.6448

PART 70
OFFSET  9.4722  1.1633 -17.5043
X -0.2452 -0.8670  0.4338
Y  0.8793 -0.0103  0.4762
Z -0.4084  0.4982  0.7648

PART 71
OFFSET  9.9039  2.6898 -18.2682
X  0.7089 -0.2969  0.6398
Y  0.5397  0.8123 -0.2210
Z -0.4541  0.5020  0.7361

PART 72
OFFSET  9.0146  3.0812 -19.0013
X  0.8974  0.0224  0.4407
Y  0.2014  0.8678 -0.4543
Z -0.3926  0.4964  0.7742

PART 73
OFFSET  8.0009  3.0559 -19.4990
X -0.5844 -0.6510  0.4844
Y -0.7351  0.1720 -0.6557
Z  0.3436 -0.7393 -0.5791

PART 74
OFFSET  9.8548  0.6278 -18.3916
X  0.7201 -0.1391  0.6798
Y  0.5688  0.6795 -0.4634
Z -0.3974  0.7204  0.5684

PART 75
OFFSET  8.4481  0.8996 -19.7197
X  0.7649  0.6004 -0.2336
Y -0.4922  0.3107 -0.8131
Z -0.4156  0.7369  0.5332

PART 76
OFFSET  7.3309  0.0227 -19.3786
X -0.0125  0.5533 -0.8329
Y -0.8873 -0.3902 -0.2459
Z -0.4610  0.7360  0.4958

PART 77
OFFSET  7.3477 -0.6094 -18.4389
X  0.6058 -0.2221  0.7640
Y -0.7035 -0.5980  0.3840
Z  0.3716 -0.7701 -0.5185

PART 78
OFFSET  0.0000 -0.0000 -0.0000
X  1.0000 -0.0000  0.0000
Y  0.0000  1.0000  0.0000
Z  0.0000 -0.0000  1.0000

PART 79
OFFSET  0.0000 -0.0000 -0.0000
X  1.0000  0.0000  0.0011
Y -0.0000  1.0000  0.0011
Z -0.0011 -0.0011  1.0000

PART 80
OFFSET  1.5359 -0.0046  4.1374
X  1.0000  0.0000  0.0011
Y -0.0000  1.0000  0.0011
Z -0.0011 -0.0011  1.0000


FRAME 152
PART 0
OFFSET -4.6318 -0.0000 -1.3770
X  1.0000 -0.0000  0.0000
Y  0.0000  1.0000  0.0000
Z  0.0000 -0.0000  1.0000

PART 1
OFFSET -4.6318 -0.0000 -1.3770
X  1.0000 -0.0000  0.0000
Y  0.0000  1.0000  0.0000
Z  0.0000 -0.0000  1.0000

PART 2
OFFSET -3.5060  6.3408 -6.7125
X  0.5804  0.0486 -0.8129
Y  0.3388 -0.9221  0.1868
Z -0.7405 -0.3838 -0.5517

PART 3
OFFSET  3.5137  6.9288 -16.5431
X  0.5802  0.0492 -0.8130
Y  0.8099 -0.1398  0.5696
Z -0.0856 -0.9890 -0.1210

PART 4
OFFSET  8.4489  7.3477 -23.4576
X  0.5802  0.0492 -0.8130
Y -0.2424  0.9634 -0.1146
Z  0.7775  0.2636  0.5709

PART 5
OFFSET  8.7770  9.2844 -24.8236
X  0.5757  0.0527 -0.8160
Y  0.0723  0.9907  0.1150
Z  0.8145 -0.1252  0.5665

PART 6
OFFSET  7.9579  6.8511 -25.0856
X  0.5757  0.0527 -0.8160
Y  0.0723  0.9907  0.1150
Z  0.8145 -0.1252  0.5665

PART 7
OFFSET  10.8540  8.6245 -24.0255
X  0.5757  0.0527 -0.8160
Y  0.0723  0.9907  0.1150
Z  0.8145 -0.1252  0.5665

PART 8
OFFSET  10.6383  7.0714 -24.1498
X  0.5757  0.0527 -0.8160
Y  0.0723  0.9907  0.1150
Z  0.8145 -0.1252  0.5665

PART 9
OFFSET  9.8856  5.9920 -24.2833
X  0.5757  0.0527 -0.8160
Y  0.0723  0.9907  0.1150
Z  0.8145 -0.1252  0.5665

PART 10
OFFSET  10.2277  7.4987 -25.9499
X  0.4459  0.8026 -0.3963
Y -0.8177  0.5453  0.1843
Z  0.3640  0.2419  0.8994

PART 11
OFFSET  9.7886  8.4852 -25.5810
X  0.1982  0.9506 -0.2388
Y -0.9709  0.1571 -0.1806
Z -0.1342  0.2676  0.9541

PART 12
OFFSET  10.1120  10.5672 -26.0611
X  0.5708  0.6931 -0.4402
Y -0.7933  0.6038 -0.0780
Z  0.2117  0.3937  0.8945

PART 13
OFFSET  11.1045  11.6942 -26.6669
X  0.2287  0.9294 -0.2897
Y -0.9734  0.2141 -0.0816
Z -0.0138  0.3007  0.9536

PART 14
OFFSET  11.3347  12.7166 -26.9380
X -0.0229  0.5370 -0.8433
Y  0.1697 -0.8292 -0.5326
Z -0.9852 -0.1553 -0.0722

PART 15
OFFSET  11.5542  7.6429 -26.3008
X  0.8208  0.5053 -0.2664
Y  0.2406  0.1172  0.9635
Z  0.5181 -0.8550 -0.0253

PART 16
OFFSET  13.3524  8.9170 -26.7775
X -0.0348  0.5277  0.8487
Y -0.8990 -0.3875  0.2040
Z  0.4366 -0.7559  0.4879

PART 17
OFFSET  13.3031  9.6641 -25.5759
X -0.5515  0.2345  0.8005
Y -0.6983 -0.6548 -0.2893
Z  0.4563 -0.7185  0.5249

PART 18
OFFSET  12.8141  9.8720 -24.8661
X -0.7437  0.0320  0.6677
Y -0.5252 -0.6459 -0.5540
Z  0.4136 -0.7627  0.4972

PART 19
OFFSET  12.1075  9.9024 -24.2317
X  0.8387  0.4913 -0.2348
Y  0.1344 -0.6046 -0.7851
Z -0.5277  0.6270 -0.5731

PART 20
OFFSET  11.0580  8.1480 -26.3910
X  0.6776  0.5978 -0.4283
Y  0.3903  0.2012  0.8984
Z  0.6233 -0.7760 -0.0970

PART 21
OFFSET  12.9393  9.7152 -27.2645
X  0.4214  0.4661  0.7780
Y -0.8460 -0.1069  0.5223
Z  0.3266 -0.8783  0.3492

PART 22
OFFSET  13.6567  10.5086 -25.9400
X -0.5387  0.1365  0.8314
Y -0.7682 -0.4847 -0.4182
Z  0.3459 -0.8640  0.3660

PART 23
OFFSET  12.9101  10.6978 -24.7878
X -0.7847 -0.0591  0.6170
Y -0.5126 -0.4978 -0.6996
Z  0.3485 -0.8653  0.3604

PART 24
OFFSET  12.0590  10.6338 -24.1186
X  0.9529  0.2902 -0.0882
Y  0.0153 -0.3363 -0.9416
Z -0.3029  0.8959 -0.3249

PART 25
OFFSET  10.4989  10.9683 -26.3968
X  0.6789  0.7170 -0.1584
Y -0.2504  0.0233 -0.9679
Z -0.6902  0.6967  0.1953

PART 26
OFFSET  11.2130  10.9474 -27.6893
X  0.9036  0.4259  0.0466
Y -0.0839  0.0692  0.9941
Z  0.4201 -0.9021  0.0982

PART 27
OFFSET  12.8039  11.6973 -27.6071
X  0.4665  0.2030  0.8609
Y -0.7904 -0.3412  0.5087
Z  0.3970 -0.9178  0.0013

PART 28
OFFSET  13.3469  11.9998 -26.5606
X -0.2474  0.0038  0.9689
Y -0.8663 -0.4488 -0.2195
Z  0.4340 -0.8936  0.1143

PART 29
OFFSET  13.0674  12.0041 -25.4662
X  0.9846  0.1525 -0.0851
Y -0.0833 -0.0183 -0.9964
Z -0.1535  0.9881 -0.0053

PART 30
OFFSET  12.1179  10.3137 -27.6856
X  0.6654  0.4941  0.5596
Y -0.5854 -0.1198  0.8019
Z  0.4632 -0.8611  0.2095

PART 31
OFFSET  13.4178  11.2788 -26.5925
X -0.1876  0.1312  0.9734
Y -0.8878 -0.4467 -0.1109
Z  0.4203 -0.8850  0.2003

PART 32
OFFSET  13.1438  11.4704 -25.1706
X -0.6919 -0.1620  0.7035
Y -0.6111 -0.3875 -0.6902
Z  0.3845 -0.9075  0.1691

PART 33
OFFSET  12.3633  11.2808 -24.3721
X  0.8963  0.4298 -0.1094
Y  0.0065 -0.2594 -0.9658
Z -0.4434  0.8649 -0.2353

PART 34
OFFSET  12.4319  9.7494 -25.7529
X  0.6061 -0.7947 -0.0316
Y -0.3640 -0.2419 -0.8994
Z  0.7072  0.5567 -0.4359

PART 35
OFFSET  8.3933  3.0560 -18.0777
X  0.2768  0.7610 -0.5868
Y -0.9170  0.0265 -0.3981
Z -0.2874  0.6482  0.7051

PART 36
OFFSET  8.3933  3.0560 -18.0777
X  0.2768  0.7610 -0.5868
Y -0.9170  0.0265 -0.3981
Z -0.2874  0.6482  0.7051

PART 37
OFFSET  9.4410  8.6104 -19.4134
X  0.2708  0.7741 -0.5722
Y -0.9170  0.0265 -0.3981
Z -0.2930  0.6325  0.7170

PART 38
OFFSET  9.4649  6.4425 -20.3582
X  0.2768  0.7610 -0.5868
Y -0.9170  0.0265 -0.3981
Z -0.2874  0.6482  0.7051

PART 39
OFFSET  14.6089  21.7130 -31.1910
X  0.2768  0.7610 -0.5868
Y -0.9170  0.0265 -0.3981
Z -0.2874  0.6482  0.7051

PART 40
OFFSET  8.8445  0.9992 -19.2542
X  0.2768  0.7610 -0.5868
Y -0.9170  0.0265 -0.3981
Z -0.2874  0.6482  0.7051

PART 41
OFFSET  15.8351  21.4984 -34.3474
X -0.9170  0.0265 -0.3981
Y -0.2768 -0.7610  0.5868
Z -0.2874  0.6482  0.7051

PART 42
OFFSET  12.9129  12.7791 -26.9529
X -0.3713  0.3084  0.8758
Y -0.1460 -0.9509  0.2730
Z  0.9170 -0.0265  0.3981

PART 43
OFFSET  12.9129  12.7791 -26.9529
X -0.9170  0.0265 -0.3981
Y -0.2768 -0.7610  0.5868
Z -0.2874  0.6482  0.7051

PART 44
OFFSET  12.6744  12.1623 -27.1729
X -0.9170  0.0265 -0.3981
Y -0.2768 -0.7610  0.5868
Z -0.2874  0.6482  0.7051

PART 45
OFFSET  11.3907  12.1995 -27.7302
X -0.6296 -0.3177 -0.7090
Y -0.2768 -0.7610  0.5868
Z -0.7259  0.5657  0.3912

PART 46
OFFSET  15.1524  19.8600 -32.8625
X  0.2768  0.7610 -0.5868
Y -0.9170  0.0265 -0.3981
Z -0.2874  0.6482  0.7051

PART 47
OFFSET  13.9089  18.8749 -33.5612
X  0.5206  0.8538 -0.0045
Y -0.1879  0.1094 -0.9761
Z -0.8329  0.5090  0.2174

PART 48
OFFSET -7.2604 -4.8127 -5.4071
X -0.4411 -0.0199  0.8973
Y -0.2811 -0.9464 -0.1592
Z  0.8523 -0.3224  0.4118

PART 49
OFFSET -1.9263 -4.5724 -16.2584
X -0.9812 -0.1928  0.0047
Y  0.0095 -0.0725 -0.9973
Z  0.1926 -0.9786  0.0730

PART 50
OFFSET  6.4195 -2.9329 -16.2986
X -0.9812 -0.1928  0.0047
Y  0.1927 -0.9812 -0.0107
Z  0.0067 -0.0095  0.9999

PART 51
OFFSET  7.5939 -1.4347 -15.7142
X -0.9818 -0.1894  0.0104
Y -0.1897  0.9801 -0.0583
Z  0.0009 -0.0592 -0.9982

PART 52
OFFSET  8.0965 -1.9795 -14.7456
X -0.9818 -0.1894  0.0104
Y -0.1897  0.9801 -0.0583
Z  0.0009 -0.0592 -0.9982

PART 53
OFFSET  8.4563 -3.2994 -14.7895
X -0.9818 -0.1894  0.0104
Y -0.1897  0.9801 -0.0583
Z  0.0009 -0.0592 -0.9982

PART 54
OFFSET  9.4277 -2.3419 -16.3130
X -0.0588 -0.9001  0.4317
Y  0.5123 -0.3984 -0.7608
Z  0.8568  0.1764  0.4845

PART 55
OFFSET  8.6080 -1.6250 -15.9720
X  0.6391 -0.7473  0.1820
Y  0.2005 -0.0666 -0.9774
Z  0.7426  0.6612  0.1072

PART 56
OFFSET  7.1676 -0.0425 -16.2732
X -0.0029 -0.5329  0.8462
Y  0.6722 -0.6275 -0.3928
Z  0.7403  0.5677  0.3600

PART 57
OFFSET  7.1295  0.7167 -17.7030
X -0.3710  0.1414  0.9178
Y  0.5113 -0.7939  0.3290
Z  0.7752  0.5914  0.2222

PART 58
OFFSET  7.4865  0.5502 -18.7112
X -0.6664 -0.4391  0.6026
Y -0.5276 -0.2933 -0.7973
Z  0.5268 -0.8492 -0.0362

PART 59
OFFSET  9.8529 -2.0426 -17.5909
X -0.0763 -0.5669  0.8203
Y  0.8745  0.3571  0.3282
Z -0.4790  0.7424  0.4685

PART 60
OFFSET  9.8473 -0.7046 -19.4060
X  0.8606 -0.0632  0.5053
Y  0.4593  0.5248 -0.7167
Z -0.2199  0.8489  0.4807

PART 61
OFFSET  8.6289 -0.6151 -20.1213
X  0.8246  0.4224 -0.3762
Y -0.5337  0.3607 -0.7649
Z -0.1874  0.8315  0.5229

PART 62
OFFSET  7.8977 -0.9896 -19.7878
X  0.0627  0.4991 -0.8643
Y -0.9712 -0.1691 -0.1681
Z -0.2301  0.8499  0.4740

PART 63
OFFSET  7.8381 -1.4638 -18.9667
X  0.5949 -0.3984  0.6981
Y -0.8026 -0.3414  0.4892
Z  0.0434 -0.8513 -0.5229

PART 64
OFFSET  9.6450 -1.5552 -17.1126
X -0.0557 -0.7187  0.6930
Y  0.8566  0.3222  0.4030
Z -0.5130  0.6161  0.5977

PART 65
OFFSET  9.8846  0.2258 -18.9912
X  0.8040 -0.0084  0.5946
Y  0.5097  0.5248 -0.6817
Z -0.3063  0.8512  0.4262

PART 66
OFFSET  8.5158  0.2401 -20.0035
X  0.6880  0.5089 -0.5174
Y -0.6656  0.1583 -0.7293
Z -0.2892  0.8462  0.4476

PART 67
OFFSET  7.5623 -0.4651 -19.2865
X -0.1030  0.4413 -0.8915
Y -0.9505 -0.3078 -0.0426
Z -0.2932  0.8429  0.4511

PART 68
OFFSET  7.6740 -0.9436 -18.3196
X  0.6129 -0.1442  0.7769
Y -0.7062 -0.5410  0.4567
Z  0.3544 -0.8286 -0.4334

PART 69
OFFSET  9.2088 -5.6565 -13.6131
X  0.0838 -0.7208  0.6881
Y -0.8162 -0.4458 -0.3675
Z  0.5716 -0.5308 -0.6257

PART 70
OFFSET  9.5890  1.5313 -17.2414
X -0.2132 -0.8554  0.4721
Y  0.8816  0.0397  0.4702
Z -0.4210  0.5165  0.7457

PART 71
OFFSET  9.9645  3.0373 -18.0726
X  0.7220 -0.2451  0.6471
Y  0.5106  0.8198 -0.2591
Z -0.4670  0.5175  0.7171

PART 72
OFFSET  9.0584  3.3667 -18.8157
X  0.8985  0.0715  0.4332
Y  0.1694  0.8538 -0.4922
Z -0.4050  0.5156  0.7550

PART 73
OFFSET  8.0435  3.2860 -19.3049
X -0.5593 -0.6490  0.5157
Y -0.7441  0.1188 -0.6574
Z  0.3654 -0.7514 -0.5494

PART 74
OFFSET  9.9848  0.9714 -18.1077
X  0.7280 -0.0855  0.6802
Y  0.5429  0.6778 -0.4959
Z -0.4186  0.7303  0.5399

PART 75
OFFSET  8.5626  1.1385 -19.4365
X  0.7427  0.6153 -0.2642
Y -0.5069  0.2588 -0.8223
Z -0.4375  0.7446  0.5041

PART 76
OFFSET  7.4777  0.2398 -19.0506
X -0.0357  0.5163 -0.8556
Y -0.8748 -0.4301 -0.2230
Z -0.4831  0.7406  0.4671

PART 77
OFFSET  7.5210 -0.3505 -18.0850
X  0.6171 -0.1686  0.7687
Y -0.6807 -0.6044  0.4139
Z  0.3948 -0.7786 -0.4877

PART 78
OFFSET  0.0000 -0.0000 -0.0000
X  1.0000 -0.0000  0.0000
Y  0.0000  1.0000  0.0000
Z  0.0000 -0.0000  1.0000

PART 79
OFFSET  0.0000 -0.0000 -0.0000
X  1.0000 -0.0000  0.0041
Y -0.0000  1.0000  0.0041
Z -0.0041 -0.0041  1.0000

PART 80
OFFSET  1.5235 -0.0169  4.1420
X  1.0000 -0.0000  0.0041
Y -0.0000  1.0000  0.0041
Z -0.0041 -0.0041  1.0000


FRAME 153
PART 0
OFFSET -4.6318 -0.0000 -1.3770
X  1.0000 -0.0000  0.0000
Y  0.0000  1.0000  0.0000
Z  0.0000 -0.0000  1.0000

PART 1
OFFSET -4.6318 -0.0000 -1.3770
X  1.0000 -0.0000  0.0000
Y  0.0000  1.0000  0.0000
Z  0.0000 -0.0000  1.0000

PART 2
OFFSET -3.5060  6.3408 -6.7125
X  0.5036  0.0579 -0.8620
Y  0.3581 -0.9220  0.1472
Z -0.7863 -0.3828 -0.4850

PART 3
OFFSET  2.5841  7.0415 -17.1376
X  0.6699  0.0281 -0.7419
Y  0.7366 -0.1496  0.6595
Z -0.0924 -0.9883 -0.1209

PART 4
OFFSET  8.2823  7.2809 -23.4475
X  0.6699  0.0281 -0.7419
Y -0.1969  0.9702 -0.1410
Z  0.7158  0.2405  0.6555

PART 5
OFFSET  8.8052  9.1947 -24.7848
X  0.6658  0.0317 -0.7454
Y  0.0799  0.9903  0.1135
Z  0.7418 -0.1351  0.6568

PART 6
OFFSET  7.9694  6.7755 -25.1163
X  0.6658  0.0317 -0.7454
Y  0.0799  0.9903  0.1135
Z  0.7418 -0.1351  0.6568

PART 7
OFFSET  10.7632  8.5022 -23.7490
X  0.6658  0.0317 -0.7454
Y  0.0799  0.9903  0.1135
Z  0.7418 -0.1351  0.6568

PART 8
OFFSET  10.5299  6.9524 -23.8829
X  0.6658  0.0317 -0.7454
Y  0.0799  0.9903  0.1135
Z  0.7418 -0.1351  0.6568

PART 9
OFFSET  9.7744  5.8871 -24.0915
X  0.6658  0.0317 -0.7454
Y  0.0799  0.9903  0.1135
Z  0.7418 -0.1351  0.6568

PART 10
OFFSET  10.3361  7.3672 -25.7219
X  0.4533  0.7941 -0.4049
Y -0.8101  0.5565  0.1844
Z  0.3718  0.2444  0.8955

PART 11
OFFSET  9.9109  8.3618 -25.3583
X  0.2083  0.9463 -0.2472
Y -0.9699  0.1674 -0.1766
Z -0.1257  0.2766  0.9527

PART 12
OFFSET  10.2566  10.4359 -25.8565
X  0.5767  0.6827 -0.4486
Y -0.7864  0.6127 -0.0785
Z  0.2213  0.3981  0.8903

PART 13
OFFSET  11.2593  11.5461 -26.4764
X  0.2383  0.9243 -0.2982
Y -0.9712  0.2252 -0.0781
Z -0.0050  0.3082  0.9513

PART 14
OFFSET  11.5002  12.5636 -26.7566
X -0.0210  0.5307 -0.8473
Y  0.1568 -0.8352 -0.5270
Z -0.9874 -0.1440 -0.0657

PART 15
OFFSET  11.6623  7.4927 -26.0810
X  0.8253  0.4933 -0.2748
Y  0.2472  0.1218  0.9613
Z  0.5076 -0.8613 -0.0214

PART 16
OFFSET  13.4731  8.7413 -26.5774
X -0.0238  0.5346  0.8448
Y -0.9025 -0.3751  0.2119
Z  0.4301 -0.7573  0.4914

PART 17
OFFSET  13.4393  9.4982 -25.3814
X -0.5443  0.2473  0.8016
Y -0.7077 -0.6485 -0.2804
Z  0.4505 -0.7199  0.5280

PART 18
OFFSET  12.9568  9.7175 -24.6707
X -0.7396  0.0461  0.6715
Y -0.5360 -0.6438 -0.5461
Z  0.4071 -0.7638  0.5009

PART 19
OFFSET  12.2541  9.7613 -24.0327
X  0.8433  0.4793 -0.2432
Y  0.1228 -0.6122 -0.7811
Z -0.5233  0.6288 -0.5751

PART 20
OFFSET  11.1717  8.0030 -26.1726
X  0.6824  0.5863 -0.4366
Y  0.3976  0.2035  0.8947
Z  0.6133 -0.7842 -0.0943

PART 21
OFFSET  13.0669  9.5406 -27.0684
X  0.4312  0.4670  0.7720
Y -0.8444 -0.0927  0.5277
Z  0.3180 -0.8794  0.3543

PART 22
OFFSET  13.8010  10.3356 -25.7541
X -0.5324  0.1494  0.8332
Y -0.7763 -0.4786 -0.4102
Z  0.3375 -0.8652  0.3708

PART 23
OFFSET  13.0631  10.5427 -24.5993
X -0.7820 -0.0449  0.6217
Y -0.5224 -0.4970 -0.6929
Z  0.3401 -0.8666  0.3652

PART 24
OFFSET  12.2150  10.4940 -23.9251
X  0.9558  0.2780 -0.0956
Y  0.0061 -0.3438 -0.9390
Z -0.2939  0.8970 -0.3303

PART 25
OFFSET  10.6465  10.8297 -26.1973
X  0.6866  0.7075 -0.1677
Y -0.2554  0.0188 -0.9666
Z -0.6807  0.7065  0.1936

PART 26
OFFSET  11.3532  10.7902 -27.4934
X  0.9089  0.4153  0.0384
Y -0.0776  0.0779  0.9939
Z  0.4098 -0.9063  0.1030

PART 27
OFFSET  12.9534  11.5215 -27.4258
X  0.4736  0.2040  0.8568
Y -0.7917 -0.3277  0.5156
Z  0.3860 -0.9225  0.0063

PART 28
OFFSET  13.5057  11.8255 -26.3846
X -0.2421  0.0143  0.9702
Y -0.8728 -0.4400 -0.2113
Z  0.4238 -0.8979  0.1190

PART 29
OFFSET  13.2323  11.8417 -25.2887
X  0.9859  0.1400 -0.0916
Y -0.0890 -0.0250 -0.9957
Z -0.1417  0.9898 -0.0122

PART 30
OFFSET  12.2504  10.1457 -27.4897
X  0.6744  0.4903  0.5521
Y -0.5823 -0.1065  0.8059
Z  0.4540 -0.8650  0.2137

PART 31
OFFSET  13.5679  11.1035 -26.4112
X -0.1807  0.1410  0.9734
Y -0.8937 -0.4368 -0.1026
Z  0.4107 -0.8884  0.2049

PART 32
OFFSET  13.3040  11.3094 -24.9894
X -0.6899 -0.1482  0.7085
Y -0.6195 -0.3854 -0.6839
Z  0.3745 -0.9107  0.1741

PART 33
OFFSET  12.5256  11.1354 -24.1852
X  0.9008  0.4181 -0.1176
Y -0.0020 -0.2669 -0.9637
Z -0.4343  0.8683 -0.2396

PART 34
OFFSET  12.5683  9.5927 -25.5544
X  0.5963 -0.8022 -0.0286
Y -0.3718 -0.2444 -0.8955
Z  0.7114  0.5447 -0.4440

PART 35
OFFSET  8.3957  3.0021 -17.6693
X  0.2826  0.7530 -0.5942
Y -0.9188  0.0345 -0.3933
Z -0.2757  0.6571  0.7016

PART 36
OFFSET  8.3957  3.0021 -17.6693
X  0.2826  0.7530 -0.5942
Y -0.9188  0.0345 -0.3933
Z -0.2757  0.6571  0.7016

PART 37
OFFSET  9.5027  8.5329 -19.0540
X  0.2770  0.7663 -0.5797
Y -0.9188  0.0345 -0.3933
Z -0.2814  0.6415  0.7136

PART 38
OFFSET  9.4954  6.3576 -19.9819
X  0.2826  0.7530 -0.5942
Y -0.9188  0.0345 -0.3933
Z -0.2757  0.6571  0.7016

PART 39
OFFSET  14.7627  21.4807 -30.9613
X  0.2826  0.7530 -0.5942
Y -0.9188  0.0345 -0.3933
Z -0.2757  0.6571  0.7016

PART 40
OFFSET  8.8157  0.9309 -18.8322
X  0.2826  0.7530 -0.5942
Y -0.9188  0.0345 -0.3933
Z -0.2757  0.6571  0.7016

PART 41
OFFSET  15.9689  21.2269 -34.1225
X -0.9188  0.0345 -0.3933
Y -0.2826 -0.7530  0.5942
Z -0.2757  0.6571  0.7016

PART 42
OFFSET  12.9829  12.6010 -26.6444
X -0.3627  0.3197  0.8754
Y -0.1559 -0.9469  0.2812
Z  0.9188 -0.0345  0.3933

PART 43
OFFSET  12.9829  12.6010 -26.6444
X -0.9188  0.0345 -0.3933
Y -0.2826 -0.7530  0.5942
Z -0.2757  0.6571  0.7016

PART 44
OFFSET  12.7358  11.9854 -26.8584
X -0.9188  0.0345 -0.3933
Y -0.2826 -0.7530  0.5942
Z -0.2757  0.6571  0.7016

PART 45
OFFSET  11.4496  12.0337 -27.4090
X -0.6373 -0.3155 -0.7031
Y -0.2826 -0.7530  0.5942
Z -0.7169  0.5774  0.3907

PART 46
OFFSET  15.2747  19.6084 -32.6211
X  0.2826  0.7530 -0.5942
Y -0.9188  0.0345 -0.3933
Z -0.2757  0.6571  0.7016

PART 47
OFFSET  14.0157  18.6330 -33.3054
X  0.5308  0.8474 -0.0140
Y -0.1920  0.1041 -0.9759
Z -0.8255  0.5207  0.2179

PART 48
OFFSET -7.2604 -4.8127 -5.4071
X -0.4371 -0.0165  0.8992
Y -0.2858 -0.9455 -0.1562
Z  0.8528 -0.3253  0.4086

PART 49
OFFSET -1.9738 -4.6135 -16.2825
X -0.9808 -0.1918 -0.0358
Y  0.0492 -0.0657 -0.9966
Z  0.1888 -0.9792  0.0738

PART 50
OFFSET  6.3682 -2.9822 -15.9780
X -0.9808 -0.1918 -0.0358
Y  0.1930 -0.9806 -0.0331
Z -0.0288 -0.0393  0.9988

PART 51
OFFSET  7.5194 -1.4893 -15.3369
X -0.9816 -0.1885 -0.0301
Y -0.1865  0.9807 -0.0590
Z  0.0407 -0.0523 -0.9978

PART 52
OFFSET  7.9825 -2.0412 -14.3527
X -0.9816 -0.1885 -0.0301
Y -0.1865  0.9807 -0.0590
Z  0.0407 -0.0523 -0.9978

PART 53
OFFSET  8.3428 -3.3612 -14.3914
X -0.9816 -0.1885 -0.0301
Y -0.1865  0.9807 -0.0590
Z  0.0407 -0.0523 -0.9978

PART 54
OFFSET  9.3749 -2.3941 -15.8683
X -0.0673 -0.8959  0.4391
Y  0.5033 -0.4104 -0.7604
Z  0.8615  0.1698  0.4785

PART 55
OFFSET  8.5658 -1.6647 -15.5284
X  0.6311 -0.7535  0.1844
Y  0.1943 -0.0766 -0.9780
Z  0.7510  0.6530  0.0980

PART 56
OFFSET  7.1429 -0.0674 -15.8342
X -0.0047 -0.5262  0.8503
Y  0.6625 -0.6386 -0.3916
Z  0.7491  0.5615  0.3516

PART 57
OFFSET  7.1060  0.6811 -17.2696
X -0.3642  0.1530  0.9187
Y  0.5036 -0.7974  0.3325
Z  0.7834  0.5837  0.2134

PART 58
OFFSET  7.4555  0.5025 -18.2785
X -0.6683 -0.4263  0.6096
Y -0.5355 -0.2931 -0.7921
Z  0.5164 -0.8558 -0.0324

PART 59
OFFSET  9.7967 -2.1098 -17.1507
X -0.0786 -0.5595  0.8251
Y  0.8805  0.3491  0.3206
Z -0.4674  0.7517  0.4652

PART 60
OFFSET  9.7972 -0.7860 -18.9761
X  0.8626 -0.0697  0.5011
Y  0.4616  0.5136 -0.7232
Z -0.2070  0.8552  0.4752

PART 61
OFFSET  8.5760 -0.6873 -19.6856
X  0.8276  0.4095 -0.3839
Y -0.5335  0.3612 -0.7648
Z -0.1746  0.8378  0.5174

PART 62
OFFSET  7.8422 -1.0504 -19.3451
X  0.0640  0.4916 -0.8685
Y -0.9740 -0.1587 -0.1615
Z -0.2172  0.8563  0.4686

PART 63
OFFSET  7.7815 -1.5174 -18.5201
X  0.5939 -0.4002  0.6979
Y -0.8039 -0.3279  0.4961
Z  0.0303 -0.8558 -0.5165

PART 64
OFFSET  9.5973 -1.6163 -16.6751
X -0.0605 -0.7126  0.6989
Y  0.8626  0.3150  0.3958
Z -0.5023  0.6268  0.5957

PART 65
OFFSET  9.8479  0.1471 -18.5688
X  0.8071 -0.0135  0.5903
Y  0.5122  0.5134 -0.6885
Z -0.2937  0.8581  0.4212

PART 66
OFFSET  8.4739  0.1701 -19.5738
X  0.6912  0.4965 -0.5251
Y -0.6676  0.1607 -0.7270
Z -0.2766  0.8530  0.4425

PART 67
OFFSET  7.5159 -0.5180 -18.8461
X -0.1025  0.4356 -0.8943
Y -0.9543 -0.2966 -0.0350
Z -0.2805  0.8499  0.4461

PART 68
OFFSET  7.6271 -0.9904 -17.8762
X  0.6154 -0.1456  0.7747
Y -0.7101 -0.5289  0.4647
Z  0.3421 -0.8361 -0.4289

PART 69
OFFSET  9.1311 -5.6848 -13.1414
X  0.0789 -0.7164  0.6932
Y -0.8235 -0.4387 -0.3596
Z  0.5618 -0.5425 -0.6246

PART 70
OFFSET  9.5777  1.4696 -16.8277
X -0.2209 -0.8491  0.4799
Y  0.8846  0.0328  0.4651
Z -0.4107  0.5273  0.7439

PART 71
OFFSET  9.9666  2.9645 -17.6727
X  0.7225 -0.2488  0.6450
Y  0.5190  0.8116 -0.2683
Z -0.4568  0.5286  0.7155

PART 72
