// Export filename: `C:\projects\cod\t5\xanim_export\t5_viewmodels\ak47\ak47_masterkey_to_mk.XANIM_EXPORT`
// Source filename: `D:\projects\devanim\t5\animation_assets\viewmodels/ak47/ViewModel_AK47_MasterKey_animated.fbx`
// Export time: Wed Jul 07 18:24:00 2010

ANIMATION
VERSION 3

NUMPARTS 77
PART 0 "tag_ads"
PART 1 "tag_torso"
PART 2 "J_Shoulder_LE"
PART 3 "J_Elbow_LE"
PART 4 "J_WristTwist_LE"
PART 5 "J_Sleave_Reshape_Bottom_LE_1"
PART 6 "J_Sleave_Reshape_Bottom_LE_2"
PART 7 "J_Sleave_Reshape_Top_LE_1"
PART 8 "J_Sleave_Reshape_Top_LE_2"
PART 9 "J_Sleave_Reshape_Top_LE_3"
PART 10 "J_Wrist_LE"
PART 11 "J_Thumb_LE_0"
PART 12 "J_Thumb_LE_1"
PART 13 "J_Thumb_LE_2"
PART 14 "J_Thumb_LE_3"
PART 15 "J_PinkyPalm_LE"
PART 16 "J_Pinky_LE_0"
PART 17 "J_Pinky_LE_1"
PART 18 "J_Pinky_LE_2"
PART 19 "J_Pinky_LE_3"
PART 20 "J_RingPalm_LE"
PART 21 "J_Ring_LE_0"
PART 22 "J_Ring_LE_1"
PART 23 "J_Ring_LE_2"
PART 24 "J_Ring_LE_3"
PART 25 "J_Webbing_LE"
PART 26 "J_Index_LE_0"
PART 27 "J_Index_LE_1"
PART 28 "J_Index_LE_2"
PART 29 "J_Index_LE_3"
PART 30 "J_Mid_LE_0"
PART 31 "J_Mid_LE_1"
PART 32 "J_Mid_LE_2"
PART 33 "J_Mid_LE_3"
PART 34 "tag_knife_attach"
PART 35 "tag_weapon"
PART 36 "J_Gun"
PART 37 "J_bolt"
PART 38 "tag_masterkey"
PART 39 "tag_brass2"
PART 40 "tag_ammo2"
PART 41 "tag_pump2"
PART 42 "TAG_CLIP"
PART 43 "TAG_FLASH"
PART 44 "J_Shoulder_RI"
PART 45 "J_Elbow_RI"
PART 46 "J_WristTwist_RI"
PART 47 "J_Sleave_Reshape_Top_RI_3"
PART 48 "J_Sleave_Reshape_Top_RI_2"
PART 49 "J_Sleave_Reshape_Top_RI_1"
PART 50 "J_Wrist_RI"
PART 51 "J_Thumb_RI_0"
PART 52 "J_Thumb_RI_1"
PART 53 "J_Thumb_RI_2"
PART 54 "J_Thumb_RI_3"
PART 55 "J_PinkyPalm_RI"
PART 56 "J_Pinky_RI_0"
PART 57 "J_Pinky_RI_1"
PART 58 "J_Pinky_RI_2"
PART 59 "J_Pinky_RI_3"
PART 60 "J_RingPalm_RI"
PART 61 "J_Ring_RI_0"
PART 62 "J_Ring_RI_1"
PART 63 "J_Ring_RI_2"
PART 64 "J_Ring_RI_3"
PART 65 "J_Webbing_RI"
PART 66 "J_Index_RI_0"
PART 67 "J_Index_RI_1"
PART 68 "J_Index_RI_2"
PART 69 "J_Index_RI_3"
PART 70 "J_Mid_RI_0"
PART 71 "J_Mid_RI_1"
PART 72 "J_Mid_RI_2"
PART 73 "J_Mid_RI_3"
PART 74 "tag_cambone"
PART 75 "tag_camera"
PART 76 "tag_gasmask"

FRAMERATE 30
NUMFRAMES 31

FRAME 1000
PART 0
OFFSET  0.0000 -0.0000 -0.0000
X  1.0000 -0.0000  0.0000
Y  0.0000  1.0000  0.0000
Z  0.0000 -0.0000  1.0000

PART 1
OFFSET -4.6318 -0.0000 -1.3770
X  1.0000 -0.0000  0.0000
Y  0.0000  1.0000  0.0000
Z  0.0000 -0.0000  1.0000

PART 2
OFFSET -3.5060  6.3408 -6.7125
X  0.8865 -0.1673 -0.4314
Y -0.1462 -0.9859  0.0819
Z -0.4390 -0.0095 -0.8984

PART 3
OFFSET  7.2155  4.3173 -11.9296
X  0.8349 -0.4712  0.2844
Y -0.4252 -0.2241  0.8769
Z -0.3494 -0.8531 -0.3875

PART 4
OFFSET  14.3169  0.3097 -9.5106
X  0.8349 -0.4712  0.2844
Y  0.1211  0.6614  0.7402
Z -0.5369 -0.5836  0.6092

PART 5
OFFSET  16.4369  1.3441 -9.1112
X  0.8384 -0.4676  0.2802
Y  0.3532  0.8575  0.3740
Z -0.4152 -0.2146  0.8841

PART 6
OFFSET  15.4423 -0.5096 -10.6061
X  0.8384 -0.4676  0.2802
Y  0.3532  0.8575  0.3740
Z -0.4152 -0.2146  0.8841

PART 7
OFFSET  15.7943  0.2751 -7.1541
X  0.8384 -0.4676  0.2802
Y  0.3532  0.8575  0.3740
Z -0.4152 -0.2146  0.8841

PART 8
OFFSET  15.1740 -1.0101 -7.8156
X  0.8384 -0.4676  0.2802
Y  0.3532  0.8575  0.3740
Z -0.4152 -0.2146  0.8841

PART 9
OFFSET  14.6818 -1.6899 -8.8379
X  0.8384 -0.4676  0.2802
Y  0.3532  0.8575  0.3740
Z -0.4152 -0.2146  0.8841

PART 10
OFFSET  16.8765 -1.1348 -8.6387
X  0.9667 -0.2298  0.1127
Y  0.0805  0.6910  0.7184
Z -0.2430 -0.6854  0.6864

PART 11
OFFSET  17.2893 -0.8528 -7.6129
X  0.9184 -0.0615  0.3909
Y -0.0432  0.9664  0.2535
Z -0.3933 -0.2497  0.8848

PART 12
OFFSET  19.2449 -0.9030 -6.6948
X  0.9437 -0.3298 -0.0251
Y  0.2857  0.7745  0.5643
Z -0.1667 -0.5398  0.8252

PART 13
OFFSET  20.7326 -1.5421 -6.6767
X  0.9406 -0.0697  0.3324
Y -0.0586  0.9308  0.3609
Z -0.3345 -0.3589  0.8713

PART 14
OFFSET  21.7335 -1.6180 -6.2712
X  0.8971  0.3709 -0.2400
Y -0.2715  0.0344 -0.9618
Z -0.3485  0.9280  0.1315

PART 15
OFFSET  17.5592 -2.2076 -9.1738
X  0.7680 -0.6332 -0.0962
Y -0.4096 -0.6010  0.6863
Z -0.4924 -0.4877 -0.7209

PART 16
OFFSET  19.3063 -3.6330 -9.2008
X -0.1061 -0.2919  0.9505
Y -0.6634  0.7329  0.1510
Z -0.7407 -0.6146 -0.2714

PART 17
OFFSET  19.1560 -4.0463 -7.8551
X -0.4439  0.1933  0.8750
Y -0.5218  0.7381 -0.4278
Z -0.7285 -0.6464 -0.2268

PART 18
OFFSET  18.7625 -3.8749 -7.0793
X -0.5733  0.4170  0.7053
Y -0.3118  0.6850 -0.6584
Z -0.7577 -0.5974 -0.2627

PART 19
OFFSET  18.2178 -3.4787 -6.4092
X  0.7438 -0.6626 -0.0881
Y  0.0378  0.1733 -0.9841
Z  0.6673  0.7287  0.1539

PART 20
OFFSET  17.8593 -1.7033 -8.7675
X  0.8938 -0.4350 -0.1092
Y -0.2660 -0.7102  0.6518
Z -0.3611 -0.5535 -0.7505

PART 21
OFFSET  20.0851 -3.0391 -8.9082
X  0.0148 -0.6837  0.7296
Y -0.6220  0.5650  0.5421
Z -0.7829 -0.4618 -0.4169

PART 22
OFFSET  20.1103 -4.2031 -7.6660
X -0.5330  0.1666  0.8295
Y -0.3361  0.8580 -0.3883
Z -0.7765 -0.4858 -0.4014

PART 23
OFFSET  19.3715 -3.9722 -6.5164
X -0.6242  0.4724  0.6223
Y -0.1102  0.7353 -0.6687
Z -0.7735 -0.4860 -0.4069

PART 24
OFFSET  18.6946 -3.4599 -5.8415
X  0.5363 -0.8310 -0.1479
Y  0.3008  0.3519 -0.8864
Z  0.7886  0.4309  0.4387

PART 25
OFFSET  19.8541 -1.1135 -6.7827
X  0.8264 -0.5404  0.1580
Y  0.5163  0.6155 -0.5955
Z  0.2246  0.5737  0.7877

PART 26
OFFSET  20.7943 -1.2544 -7.9129
X  0.5468 -0.8358  0.0493
Y -0.5539 -0.3169  0.7699
Z -0.6279 -0.4483 -0.6362

PART 27
OFFSET  21.7570 -2.7259 -7.8261
X -0.2216 -0.7651  0.6046
Y -0.7769  0.5132  0.3647
Z -0.5893 -0.3889 -0.7081

PART 28
OFFSET  21.5234 -3.6324 -7.0480
X -0.6341 -0.1587  0.7568
Y -0.4525  0.8698 -0.1967
Z -0.6270 -0.4672 -0.6233

PART 29
OFFSET  20.8072 -3.8117 -6.1932
X  0.4385 -0.8649 -0.2441
Y  0.5477  0.4725 -0.6905
Z  0.7126  0.1691  0.6809

PART 30
OFFSET  20.5603 -2.1024 -8.5811
X  0.2318 -0.8198  0.5236
Y -0.7237  0.2144  0.6560
Z -0.6500 -0.5310 -0.5436

PART 31
OFFSET  21.0131 -3.7039 -7.5582
X -0.5233 -0.2120  0.8254
Y -0.5206  0.8464 -0.1127
Z -0.6747 -0.4886 -0.5532

PART 32
OFFSET  20.2488 -4.0136 -6.3526
X -0.7276  0.3501  0.5899
Y -0.0590  0.8248 -0.5623
Z -0.6834 -0.4440 -0.5795

PART 33
OFFSET  19.4199 -3.6208 -5.6882
X  0.6393 -0.7669 -0.0561
Y  0.3711  0.3716 -0.8510
Z  0.6735  0.5232  0.5222

PART 34
OFFSET  19.0838 -3.1747 -7.6743
X -0.4185 -0.5643 -0.7116
Y  0.2430  0.6854 -0.6864
Z  0.8751 -0.4602 -0.1498

PART 35
OFFSET  8.2563 -2.6698 -4.5431
X  1.0000 -0.0000  0.0000
Y  0.0000  1.0000  0.0000
Z  0.0000 -0.0000  1.0000

PART 36
OFFSET  8.2563 -2.6698 -4.5431
X  1.0000 -0.0000  0.0000
Y  0.0000  1.0000  0.0000
Z  0.0000 -0.0000  1.0000

PART 37
OFFSET  13.5569 -2.9515 -2.1857
X  0.9998 -0.0000  0.0204
Y  0.0000  1.0000 -0.0000
Z -0.0204  0.0000  0.9998

PART 38
OFFSET  17.4869 -2.6705 -6.9618
X  1.0000  0.0000  0.0000
Y -0.0000  1.0000  0.0000
Z  0.0000 -0.0000  1.0000

PART 39
OFFSET  22.6684 -3.0070 -5.1959
X  0.9183  0.3286 -0.2208
Y -0.0000 -0.5577 -0.8300
Z -0.3959  0.7622 -0.5122

PART 40
OFFSET -4.5544 -2.6555 -5.9406
X  0.9157 -0.0000  0.4019
Y  0.0000  1.0000 -0.0000
Z -0.4019  0.0000  0.9157

PART 41
OFFSET  27.6088 -2.6705 -9.0182
X  0.0000 -1.0000 -0.0000
Y  1.0000  0.0000 -0.0000
Z  0.0000 -0.0000  1.0000

PART 42
OFFSET  12.4681 -2.6548 -4.2640
X  1.0000 -0.0000  0.0000
Y  0.0000  1.0000  0.0000
Z  0.0000 -0.0000  1.0000

PART 43
OFFSET  31.8688 -2.6540 -3.4824
X  1.0000 -0.0000  0.0000
Y  0.0000  1.0000  0.0000
Z  0.0000 -0.0000  1.0000

PART 44
OFFSET -17.6076 -4.8127 -7.0611
X -0.8933  0.0570  0.4458
Y -0.2146 -0.9256 -0.3117
Z  0.3949 -0.3741  0.8391

PART 45
OFFSET -6.8040 -5.5017 -12.4528
X -0.8818 -0.0897 -0.4630
Y  0.4713 -0.1330 -0.8719
Z  0.0166 -0.9871  0.1595

PART 46
OFFSET  0.6961 -4.7390 -8.5146
X -0.8818 -0.0897 -0.4630
Y  0.4716 -0.1611 -0.8670
Z  0.0031 -0.9829  0.1844

PART 47
OFFSET  1.6239 -3.3379 -7.4465
X -0.8846 -0.0859 -0.4583
Y -0.0209  0.9892 -0.1452
Z  0.4659 -0.1189 -0.8768

PART 48
OFFSET  1.5394 -3.8726 -6.3534
X -0.8846 -0.0859 -0.4583
Y -0.0209  0.9892 -0.1452
Z  0.4659 -0.1189 -0.8768

PART 49
OFFSET  1.7163 -5.2227 -6.2156
X -0.8846 -0.0859 -0.4583
Y -0.0209  0.9892 -0.1452
Z  0.4659 -0.1189 -0.8768

PART 50
OFFSET  3.3994 -4.4641 -7.0951
X -0.9546 -0.1418 -0.2621
Y  0.2850 -0.1775 -0.9420
Z  0.0871 -0.9739  0.2098

PART 51
OFFSET  3.5180 -3.8292 -6.1544
X -0.4986 -0.6783 -0.5397
Y  0.5783  0.2035 -0.7900
Z  0.6457 -0.7060  0.2908

PART 52
OFFSET  4.5003 -2.3465 -4.9270
X -0.9028 -0.3483  0.2521
Y -0.0610 -0.4767 -0.8770
Z  0.4256 -0.8071  0.4091

PART 53
OFFSET  5.9065 -1.7222 -5.4322
X -0.5336 -0.0214  0.8455
Y -0.6557 -0.6209 -0.4295
Z  0.5342 -0.7836  0.3173

PART 54
OFFSET  6.4702 -1.6527 -6.3537
X -0.8721  0.3596  0.3318
Y  0.0986  0.7934 -0.6007
Z -0.4792 -0.4912 -0.7274

PART 55
OFFSET  4.4947 -4.3373 -7.9244
X -0.9338 -0.2716  0.2329
Y  0.3213 -0.9230  0.2116
Z  0.1575  0.2724  0.9492

PART 56
OFFSET  6.5764 -3.5742 -8.3354
X -0.1064 -0.9920  0.0680
Y  0.9470 -0.1219 -0.2972
Z  0.3031  0.0328  0.9524

PART 57
OFFSET  6.7270 -2.1698 -8.4316
X  0.7704 -0.5952 -0.2284
Y  0.5756  0.8034 -0.1522
Z  0.2741 -0.0142  0.9616

PART 58
OFFSET  6.0439 -1.6420 -8.2291
X  0.9043  0.2998 -0.3040
Y -0.2988  0.9530  0.0509
Z  0.3049  0.0448  0.9513

PART 59
OFFSET  5.1848 -1.9269 -7.9403
X -0.5482 -0.8340  0.0630
Y -0.7690  0.5322  0.3543
Z -0.3290  0.1458 -0.9330

PART 60
OFFSET  4.5274 -4.3242 -7.2114
X -0.9690 -0.2439  0.0388
Y  0.2458 -0.9373  0.2469
Z -0.0239  0.2488  0.9683

PART 61
OFFSET  7.0513 -3.7488 -7.4505
X -0.1328 -0.9741  0.1828
Y  0.9405 -0.1821 -0.2870
Z  0.3128  0.1338  0.9403

PART 62
OFFSET  7.2774 -2.0903 -7.7617
X  0.8812 -0.4114 -0.2327
Y  0.3642  0.9048 -0.2204
Z  0.3012  0.1095  0.9472

PART 63
OFFSET  6.0561 -1.5201 -7.4392
X  0.8304  0.4610 -0.3130
Y -0.4723  0.8804  0.0436
Z  0.2956  0.1116  0.9488

PART 64
OFFSET  5.1555 -2.0201 -7.0997
X -0.3960 -0.8751  0.2782
Y -0.8751  0.4514  0.1743
Z -0.2781 -0.1744 -0.9446

PART 65
OFFSET -0.7678 -5.4262 -7.2769
X -0.9291 -0.3699 -0.0061
Y -0.3495  0.8829 -0.3136
Z  0.1213 -0.2892 -0.9496

PART 66
OFFSET  6.9363 -4.1397 -5.2854
X -0.9870 -0.0151 -0.1603
Y -0.0017 -0.9946  0.1040
Z -0.1610  0.1029  0.9816

PART 67
OFFSET  8.6740 -4.1131 -5.0032
X -0.3664 -0.9261  0.0899
Y  0.9173 -0.3433  0.2020
Z -0.1562  0.1565  0.9753

PART 68
OFFSET  9.1099 -2.9777 -5.0533
X  0.0489 -0.9944  0.0936
Y  0.9855  0.0633  0.1577
Z -0.1627  0.0845  0.9830

PART 69
OFFSET  9.0547 -1.8545 -5.1590
X -0.9513  0.2903  0.1037
Y  0.2703  0.9472 -0.1728
Z -0.1484 -0.1363 -0.9795

PART 70
OFFSET  7.1281 -4.1726 -6.3729
X -0.2627 -0.9406  0.2150
Y  0.9570 -0.2824 -0.0663
Z  0.1231  0.1883  0.9744

PART 71
OFFSET  7.6413 -2.3351 -6.7929
X  0.8288 -0.5596 -0.0009
Y  0.5392  0.7990 -0.2664
Z  0.1498  0.2203  0.9639

PART 72
OFFSET  6.4307 -1.5177 -6.7917
X  0.8851  0.3871 -0.2584
Y -0.4386  0.8795 -0.1846
Z  0.1558  0.2767  0.9482

PART 73
OFFSET  5.4269 -1.9575 -6.5058
X -0.4085 -0.8763  0.2554
Y -0.8912  0.4434  0.0957
Z -0.1971 -0.1885 -0.9621

PART 74
OFFSET  0.0000 -0.0000 -0.0000
X  1.0000 -0.0000  0.0000
Y  0.0000  1.0000  0.0000
Z  0.0000 -0.0000  1.0000

PART 75
OFFSET  0.0000 -0.0000 -0.0000
X  1.0000 -0.0000  0.0000
Y  0.0000  1.0000  0.0000
Z  0.0000 -0.0000  1.0000

PART 76
OFFSET  1.5404 -0.0000  4.1357
X  1.0000 -0.0000  0.0000
Y  0.0000  1.0000  0.0000
Z  0.0000 -0.0000  1.0000


FRAME 1001
PART 0
OFFSET  0.0000 -0.0000 -0.0000
X  1.0000 -0.0000  0.0000
Y  0.0000  1.0000  0.0000
Z  0.0000 -0.0000  1.0000

PART 1
OFFSET -4.6318 -0.0000 -1.3770
X  1.0000 -0.0000  0.0000
Y  0.0000  1.0000  0.0000
Z  0.0000 -0.0000  1.0000

PART 2
OFFSET -3.4893  6.3255 -6.7145
X  0.8794 -0.1569 -0.4496
Y -0.1287 -0.9873  0.0927
Z -0.4584 -0.0237 -0.8884

PART 3
OFFSET  7.1456  4.4283 -12.1515
X  0.8332 -0.4635  0.3015
Y -0.4326 -0.2070  0.8775
Z -0.3443 -0.8616 -0.3730

PART 4
OFFSET  14.2327  0.4860 -9.5875
X  0.8332 -0.4635  0.3015
Y  0.1025  0.6652  0.7396
Z -0.5433 -0.5854  0.6018

PART 5
OFFSET  16.3471  1.5329 -9.1904
X  0.8367 -0.4600  0.2973
Y  0.3482  0.8657  0.3595
Z -0.4227 -0.1973  0.8845

PART 6
OFFSET  15.3695 -0.3532 -10.6559
X  0.8367 -0.4600  0.2973
Y  0.3482  0.8657  0.3595
Z -0.4227 -0.1973  0.8845

PART 7
OFFSET  15.6890  0.5028 -7.2176
X  0.8367 -0.4600  0.2973
Y  0.3482  0.8657  0.3595
Z -0.4227 -0.1973  0.8845

PART 8
OFFSET  15.0764 -0.7978 -7.8576
X  0.8367 -0.4600  0.2973
Y  0.3482  0.8657  0.3595
Z -0.4227 -0.1973  0.8845

PART 9
OFFSET  14.5947 -1.4994 -8.8701
X  0.8367 -0.4600  0.2973
Y  0.3482  0.8657  0.3595
Z -0.4227 -0.1973  0.8845

PART 10
OFFSET  16.7872 -0.9349 -8.6633
X  0.9705 -0.2232  0.0910
Y  0.0906  0.6877  0.7203
Z -0.2234 -0.6909  0.6876

PART 11
OFFSET  17.2194 -0.6553 -7.6449
X  0.9175 -0.0363  0.3961
Y -0.0742  0.9627  0.2601
Z -0.3908 -0.2680  0.8806

PART 12
OFFSET  19.1701 -0.6524 -6.7151
X  0.9522 -0.3044 -0.0233
Y  0.2632  0.7797  0.5681
Z -0.1548 -0.5471  0.8226

PART 13
OFFSET  20.6744 -1.2517 -6.6945
X  0.9436 -0.0403  0.3287
Y -0.0885  0.9258  0.3676
Z -0.3191 -0.3759  0.8700

PART 14
OFFSET  21.6787 -1.2967 -6.2930
X  0.8833  0.4025 -0.2405
Y -0.2760  0.0318 -0.9606
Z -0.3790  0.9149  0.1392

PART 15
OFFSET  17.4663 -1.9998 -9.2186
X  0.7661 -0.6314 -0.1202
Y -0.3922 -0.6074  0.6908
Z -0.5092 -0.4821 -0.7129

PART 16
OFFSET  19.2136 -3.4227 -9.3003
X -0.0301 -0.3531  0.9351
Y -0.6701  0.7013  0.2433
Z -0.7417 -0.6193 -0.2577

PART 17
OFFSET  19.1710 -3.9227 -7.9764
X -0.3823  0.1214  0.9160
Y -0.5723  0.7472 -0.3379
Z -0.7255 -0.6534 -0.2162

PART 18
OFFSET  18.8320 -3.8150 -7.1642
X -0.5328  0.3565  0.7675
Y -0.3750  0.7135 -0.5918
Z -0.7586 -0.6031 -0.2465

PART 19
OFFSET  18.3259 -3.4763 -6.4351
X  0.7526 -0.6334 -0.1799
Y -0.0361  0.2330 -0.9718
Z  0.6574  0.7379  0.1525

PART 20
OFFSET  17.7711 -1.4954 -8.8159
X  0.8944 -0.4278 -0.1305
Y -0.2470 -0.7157  0.6533
Z -0.3728 -0.5521 -0.7457

PART 21
OFFSET  20.0022 -2.8153 -9.0123
X  0.0812 -0.7181  0.6912
Y -0.6175  0.5081  0.6004
Z -0.7824 -0.4755 -0.4022

PART 22
OFFSET  20.1404 -4.0379 -7.8356
X -0.4873  0.0792  0.8697
Y -0.4040  0.8624 -0.3049
Z -0.7742 -0.4999 -0.3883

PART 23
OFFSET  19.4650 -3.9281 -6.6303
X -0.6091  0.4011  0.6842
Y -0.1837  0.7678 -0.6137
Z -0.7715 -0.4995 -0.3940

PART 24
OFFSET  18.8044 -3.4931 -5.8883
X  0.5661 -0.7918 -0.2293
Y  0.2319  0.4199 -0.8774
Z  0.7911  0.4435  0.4213

PART 25
OFFSET  19.8031 -0.9013 -6.8704
X  0.8335 -0.5351  0.1375
Y  0.4991  0.6225 -0.6028
Z  0.2369  0.5711  0.7859

PART 26
OFFSET  20.7201 -1.0292 -8.0209
X  0.5738 -0.8182  0.0355
Y -0.5298 -0.3377  0.7780
Z -0.6246 -0.4652 -0.6273

PART 27
OFFSET  21.7304 -2.4698 -7.9584
X -0.1582 -0.7913  0.5906
Y -0.7913  0.4594  0.4036
Z -0.5907 -0.4034 -0.6988

PART 28
OFFSET  21.5739 -3.4073 -7.1980
X -0.5790 -0.2445  0.7778
Y -0.5282  0.8392 -0.1294
Z -0.6211 -0.4858 -0.6150

PART 29
OFFSET  20.9199 -3.6835 -6.3194
X  0.4906 -0.8146 -0.3094
Y  0.4721  0.5469 -0.6913
Z  0.7324  0.1931  0.6529

PART 30
OFFSET  20.4783 -1.8753 -8.6887
X  0.2846 -0.8257  0.4871
Y -0.7038  0.1651  0.6910
Z -0.6509 -0.5395 -0.5341

PART 31
OFFSET  21.0342 -3.4883 -7.7371
X -0.4587 -0.2889  0.8403
Y -0.5747  0.8177 -0.0326
Z -0.6777 -0.4979 -0.5412

PART 32
OFFSET  20.3642 -3.9103 -6.5097
X -0.7077  0.2623  0.6560
Y -0.1489  0.8523 -0.5014
Z -0.6906 -0.4525 -0.5642

PART 33
OFFSET  19.5578 -3.6171 -5.7704
X  0.6819 -0.7166 -0.1467
Y  0.2892  0.4484 -0.8458
Z  0.6718  0.5343  0.5130

PART 34
OFFSET  19.0292 -2.9634 -7.7568
X -0.4293 -0.5636 -0.7057
Y  0.2234  0.6909 -0.6876
Z  0.8751 -0.4528 -0.1707

PART 35
OFFSET  8.2786 -2.6885 -4.4833
X  1.0000  0.0034 -0.0086
Y -0.0032  0.9998  0.0216
Z  0.0087 -0.0216  0.9997

PART 36
OFFSET  8.2786 -2.6885 -4.4833
X  1.0000  0.0034 -0.0086
Y -0.0032  0.9998  0.0216
Z  0.0087 -0.0216  0.9997

PART 37
OFFSET  13.6003 -3.0029 -2.1782
X  0.9999  0.0030  0.0118
Y -0.0032  0.9998  0.0216
Z -0.0118 -0.0216  0.9997

PART 38
OFFSET  17.4878 -2.6056 -6.9808
X  1.0000  0.0034 -0.0086
Y -0.0032  0.9998  0.0216
Z  0.0087 -0.0216  0.9997

PART 39
OFFSET  22.6855 -2.9625 -5.2672
X  0.9153  0.3364 -0.2216
Y -0.0054 -0.5397 -0.8418
Z -0.4028  0.7717 -0.4922

PART 40
OFFSET -4.5437 -2.6876 -5.7699
X  0.9191 -0.0056  0.3939
Y -0.0032  0.9998  0.0216
Z -0.3940 -0.0211  0.9189

PART 41
OFFSET  27.5914 -2.5268 -9.1237
X  0.0032 -0.9998 -0.0216
Y  1.0000  0.0034 -0.0086
Z  0.0087 -0.0216  0.9997

PART 42
OFFSET  12.4926 -2.6651 -4.2402
X  1.0000  0.0034 -0.0086
Y -0.0032  0.9998  0.0216
Z  0.0087 -0.0216  0.9997

PART 43
OFFSET  31.8979 -2.6151 -3.6315
X  1.0000  0.0034 -0.0086
Y -0.0032  0.9998  0.0216
Z  0.0087 -0.0216  0.9997

PART 44
OFFSET -17.6076 -4.8127 -7.0611
X -0.8950  0.0562  0.4426
Y -0.2125 -0.9260 -0.3120
Z  0.3923 -0.3733  0.8407

PART 45
OFFSET -6.7839 -5.4929 -12.4135
X -0.8806 -0.0907 -0.4651
Y  0.4736 -0.1330 -0.8707
Z  0.0171 -0.9870  0.1601

PART 46
OFFSET  0.7059 -4.7218 -8.4574
X -0.8806 -0.0907 -0.4651
Y  0.4737 -0.1396 -0.8696
Z  0.0139 -0.9860  0.1659

PART 47
OFFSET  1.6299 -3.3194 -7.3878
X -0.8834 -0.0869 -0.4605
Y -0.0214  0.9891 -0.1457
Z  0.4681 -0.1189 -0.8756

PART 48
OFFSET  1.5432 -3.8536 -6.2946
X -0.8834 -0.0869 -0.4605
Y -0.0214  0.9891 -0.1457
Z  0.4681 -0.1189 -0.8756

PART 49
OFFSET  1.7209 -5.2034 -6.1557
X -0.8834 -0.0869 -0.4605
Y -0.0214  0.9891 -0.1457
Z  0.4681 -0.1189 -0.8756

PART 50
OFFSET  3.4055 -4.4438 -7.0315
X -0.9563 -0.1394 -0.2569
Y  0.2774 -0.1561 -0.9480
Z  0.0920 -0.9779  0.1880

PART 51
OFFSET  3.5302 -3.8290 -6.0783
X -0.5011 -0.6682 -0.5499
Y  0.5708  0.2225 -0.7904
Z  0.6505 -0.7099  0.2699

PART 52
OFFSET  4.5184 -2.3697 -4.8278
X -0.8995 -0.3567  0.2523
Y -0.0671 -0.4579 -0.8865
Z  0.4318 -0.8143  0.3879

PART 53
OFFSET  5.9181 -1.7299 -5.3314
X -0.5262 -0.0414  0.8494
Y -0.6574 -0.6138 -0.4372
Z  0.5394 -0.7884  0.2957

PART 54
OFFSET  6.4736 -1.6386 -6.2560
X -0.8704  0.3494  0.3470
Y  0.0908  0.8065 -0.5843
Z -0.4839 -0.4770 -0.7337

PART 55
OFFSET  4.4932 -4.2955 -7.8673
X -0.9309 -0.2797  0.2350
Y  0.3260 -0.9263  0.1889
Z  0.1649  0.2524  0.9535

PART 56
OFFSET  6.5687 -3.5166 -8.2796
X -0.1026 -0.9936  0.0475
Y  0.9448 -0.1123 -0.3079
Z  0.3113  0.0133  0.9502

PART 57
OFFSET  6.7140 -2.1099 -8.3468
X  0.7703 -0.5875 -0.2478
Y  0.5717  0.8085 -0.1398
Z  0.2825 -0.0340  0.9587

PART 58
OFFSET  6.0310 -1.5890 -8.1270
X  0.9006  0.3094 -0.3052
Y -0.3014  0.9506  0.0740
Z  0.3130  0.0253  0.9494

PART 59
OFFSET  5.1754 -1.8829 -7.8371
X -0.5449 -0.8370  0.0497
Y -0.7676  0.5218  0.3723
Z -0.3375  0.1647 -0.9268

PART 60
OFFSET  4.5320 -4.2976 -7.1545
X -0.9679 -0.2480  0.0419
Y  0.2510 -0.9416  0.2245
Z -0.0162  0.2278  0.9736

PART 61
OFFSET  7.0519 -3.7086 -7.4028
X -0.1281 -0.9783  0.1629
Y  0.9385 -0.1726 -0.2989
Z  0.3206  0.1146  0.9403

PART 62
OFFSET  7.2700 -2.0430 -7.6801
X  0.8805 -0.4033 -0.2491
Y  0.3594  0.9106 -0.2039
Z  0.3091  0.0900  0.9468

PART 63
OFFSET  6.0497 -1.4841 -7.3348
X  0.8261  0.4705 -0.3101
Y -0.4747  0.8776  0.0667
Z  0.3035  0.0921  0.9484

PART 64
OFFSET  5.1537 -1.9943 -6.9985
X -0.3908 -0.8822  0.2626
Y -0.8750  0.4446  0.1915
Z -0.2857 -0.1550 -0.9457

PART 65
OFFSET -0.7600 -5.4159 -7.1982
X -0.9279 -0.3728 -0.0061
Y -0.3550  0.8883 -0.2914
Z  0.1140 -0.2682 -0.9566

PART 66
OFFSET  6.9569 -4.1465 -5.2458
X -0.9883 -0.0150 -0.1521
Y  0.0024 -0.9966  0.0825
Z -0.1528  0.0812  0.9849

PART 67
OFFSET  8.6969 -4.1201 -4.9780
X -0.3626 -0.9291  0.0730
Y  0.9201 -0.3444  0.1866
Z -0.1482  0.1349  0.9797

PART 68
OFFSET  9.1287 -2.9824 -5.0073
X  0.0529 -0.9960  0.0717
Y  0.9866  0.0632  0.1505
Z -0.1545  0.0628  0.9860

PART 69
OFFSET  9.0690 -1.8574 -5.0883
X -0.9513  0.2848  0.1181
Y  0.2657  0.9516 -0.1546
Z -0.1564 -0.1157 -0.9809

PART 70
OFFSET  7.1393 -4.1553 -6.3354
X -0.2578 -0.9459  0.1969
Y  0.9573 -0.2777 -0.0806
Z  0.1309  0.1677  0.9771

PART 71
OFFSET  7.6430 -2.3074 -6.7200
X  0.8305 -0.5566 -0.0201
Y  0.5343  0.8063 -0.2537
Z  0.1574  0.2000  0.9671

PART 72
OFFSET  6.4299 -1.4944 -6.6906
X  0.8816  0.3956 -0.2576
Y -0.4430  0.8818 -0.1618
Z  0.1632  0.2567  0.9526

PART 73
OFFSET  5.4300 -1.9436 -6.4057
X -0.4035 -0.8830  0.2399
Y -0.8918  0.4382  0.1129
Z -0.2048 -0.1684 -0.9642

PART 74
OFFSET  0.0000 -0.0000 -0.0000
X  1.0000 -0.0000  0.0000
Y  0.0000  1.0000  0.0000
Z  0.0000 -0.0000  1.0000

PART 75
OFFSET -0.0000 -0.0000 -0.0000
X  1.0000 -0.0004 -0.0006
Y  0.0004  1.0000 -0.0006
Z  0.0006  0.0006  1.0000

PART 76
OFFSET  1.5429  0.0020  4.1348
X  1.0000 -0.0004 -0.0006
Y  0.0004  1.0000 -0.0006
Z  0.0006  0.0006  1.0000


FRAME 1002
PART 0
OFFSET  0.0000 -0.0000 -0.0000
X  1.0000 -0.0000  0.0000
Y  0.0000  1.0000  0.0000
Z  0.0000 -0.0000  1.0000

PART 1
OFFSET -4.6318 -0.0000 -1.3770
X  1.0000 -0.0000  0.0000
Y  0.0000  1.0000  0.0000
Z  0.0000 -0.0000  1.0000

PART 2
OFFSET -3.4407  6.2810 -6.7203
X  0.8591 -0.1343 -0.4940
Y -0.0836 -0.9888  0.1234
Z -0.5050 -0.0648 -0.8607

PART 3
OFFSET  6.9486  4.6570 -12.6942
X  0.8306 -0.4386  0.3431
Y -0.4490 -0.1632  0.8785
Z -0.3293 -0.8838 -0.3325

PART 4
OFFSET  14.0134  0.9269 -9.7758
X  0.8306 -0.4386  0.3431
Y  0.0482  0.6705  0.7403
Z -0.5547 -0.5984  0.5781

PART 5
OFFSET  16.1103  2.0137 -9.3935
X  0.8341 -0.4352  0.3388
Y  0.3334  0.8872  0.3188
Z -0.4394 -0.1530  0.8852

PART 6
OFFSET  15.1791  0.0417 -10.7736
X  0.8341 -0.4352  0.3388
Y  0.3334  0.8872  0.3188
Z -0.4394 -0.1530  0.8852

PART 7
OFFSET  15.4198  1.0860 -7.3813
X  0.8341 -0.4352  0.3388
Y  0.3334  0.8872  0.3188
Z -0.4394 -0.1530  0.8852

PART 8
OFFSET  14.8295 -0.2555 -7.9598
X  0.8341 -0.4352  0.3388
Y  0.3334  0.8872  0.3188
Z -0.4394 -0.1530  0.8852

PART 9
OFFSET  14.3749 -1.0155 -8.9421
X  0.8341 -0.4352  0.3388
Y  0.3334  0.8872  0.3188
Z -0.4394 -0.1530  0.8852

PART 10
OFFSET  16.5598 -0.4176 -8.7239
X  0.9779 -0.2061  0.0347
Y  0.1173  0.6788  0.7249
Z -0.1729 -0.7048  0.6880

PART 11
OFFSET  17.0419 -0.1446 -7.7263
X  0.9110  0.0238  0.4117
Y -0.1502  0.9489  0.2775
Z -0.3840 -0.3146  0.8681

PART 12
OFFSET  18.9715 -0.0161 -6.7620
X  0.9701 -0.2422 -0.0166
Y  0.2068  0.7885  0.5792
Z -0.1272 -0.5653  0.8150

PART 13
OFFSET  20.5110 -0.5175 -6.7321
X  0.9464  0.0318  0.3215
Y -0.1614  0.9085  0.3853
Z -0.2799 -0.4166  0.8649

PART 14
OFFSET  21.5188 -0.4867 -6.3382
X  0.8451  0.4783 -0.2388
Y -0.2856  0.0262 -0.9580
Z -0.4519  0.8778  0.1587

PART 15
OFFSET  17.2268 -1.4612 -9.3317
X  0.7579 -0.6263 -0.1825
Y -0.3469 -0.6239  0.7003
Z -0.5525 -0.4674 -0.6901

PART 16
OFFSET  18.9676 -2.8769 -9.5554
X  0.1645 -0.4957  0.8528
Y -0.6492  0.5965  0.4719
Z -0.7426 -0.6313 -0.2237

PART 17
OFFSET  19.2005 -3.5786 -8.3481
X -0.2015 -0.0644  0.9774
Y -0.6672  0.7396 -0.0888
Z -0.7171 -0.6700 -0.1920

PART 18
OFFSET  19.0219 -3.6358 -7.4815
X -0.4002  0.1918  0.8962
Y -0.5147  0.7620 -0.3929
Z -0.7582 -0.6185 -0.2062

PART 19
OFFSET  18.6417 -3.4536 -6.6301
X  0.7388 -0.5356 -0.4090
Y -0.2269  0.3737 -0.8994
Z  0.6345  0.7573  0.1546

PART 20
OFFSET  17.5440 -0.9570 -8.9384
X  0.8936 -0.4088 -0.1854
Y -0.1979 -0.7296  0.6547
Z -0.4029 -0.5483 -0.7328

PART 21
OFFSET  19.7817 -2.2354 -9.2798
X  0.2462 -0.7858  0.5673
Y -0.5773  0.3513  0.7371
Z -0.7785 -0.5090 -0.3672

PART 22
OFFSET  20.2009 -3.5733 -8.3139
X -0.3355 -0.1431  0.9311
Y -0.5483  0.8334 -0.0695
Z -0.7660 -0.5338 -0.3581

PART 23
OFFSET  19.7359 -3.7716 -7.0235
X -0.5344  0.2073  0.8194
Y -0.3605  0.8209 -0.4429
Z -0.7645 -0.5321 -0.3640

PART 24
OFFSET  19.1563 -3.5467 -6.1348
X  0.6062 -0.6650 -0.4363
Y  0.0441  0.5758 -0.8164
Z  0.7941  0.4757  0.3784

PART 25
OFFSET  19.6680 -0.3528 -7.0972
X  0.8493 -0.5211  0.0838
Y  0.4541  0.6405 -0.6193
Z  0.2691  0.5641  0.7806

PART 26
OFFSET  20.5231 -0.4466 -8.2976
X  0.6394 -0.7688 -0.0045
Y -0.4631 -0.3898  0.7960
Z -0.6138 -0.5069 -0.6053

PART 27
OFFSET  21.6489 -1.8003 -8.3057
X  0.0094 -0.8415  0.5402
Y -0.8058  0.3135  0.5024
Z -0.5921 -0.4401 -0.6751

PART 28
OFFSET  21.6963 -2.7965 -7.6079
X -0.3994 -0.4453  0.8014
Y -0.6907  0.7209  0.0563
Z -0.6028 -0.5311 -0.5955

PART 29
OFFSET  21.2451 -3.2994 -6.7027
X  0.5840 -0.6552 -0.4792
Y  0.2514  0.7073 -0.6607
Z  0.7718  0.2654  0.5778

PART 30
OFFSET  20.2605 -1.2875 -8.9643
X  0.4126 -0.8275  0.3808
Y -0.6360  0.0376  0.7707
Z -0.6521 -0.5603 -0.5108

PART 31
OFFSET  21.0666 -2.9040 -8.2204
X -0.2693 -0.4702  0.8405
Y -0.6785  0.7120  0.1809
Z -0.6834 -0.5215 -0.5108

PART 32
OFFSET  20.6732 -3.5908 -6.9928
X -0.6083  0.0288  0.7932
Y -0.3625  0.8789 -0.3099
Z -0.7061 -0.4761 -0.5242

PART 33
OFFSET  19.9796 -3.5622 -6.0979
X  0.7431 -0.5530 -0.3768
Y  0.0611  0.6168 -0.7847
Z  0.6664  0.5601  0.4922

PART 34
OFFSET  18.8844 -2.4161 -7.9721
X -0.4569 -0.5614 -0.6900
Y  0.1729  0.7048 -0.6880
Z  0.8725 -0.4337 -0.2250

PART 35
OFFSET  8.3337 -2.7350 -4.3183
X  0.9995  0.0120 -0.0309
Y -0.0096  0.9970  0.0762
Z  0.0317 -0.0759  0.9966

PART 36
OFFSET  8.3337 -2.7350 -4.3183
X  0.9995  0.0120 -0.0309
Y -0.0096  0.9970  0.0762
Z  0.0317 -0.0759  0.9966

PART 37
OFFSET  13.7089 -3.1312 -2.1540
X  0.9999  0.0104 -0.0105
Y -0.0096  0.9970  0.0762
Z  0.0113 -0.0761  0.9970

PART 38
OFFSET  17.4826 -2.4416 -7.0139
X  0.9995  0.0120 -0.0309
Y -0.0096  0.9970  0.0762
Z  0.0317 -0.0759  0.9966

PART 39
OFFSET  22.7204 -2.8490 -5.4397
X  0.9076  0.3554 -0.2234
Y -0.0210 -0.4931 -0.8697
Z -0.4192  0.7941 -0.4401

PART 40
OFFSET -4.5144 -2.7681 -5.3143
X  0.9279 -0.0195  0.3723
Y -0.0096  0.9970  0.0762
Z -0.3727 -0.0743  0.9250

PART 41
OFFSET  27.5337 -2.1643 -9.3760
X  0.0096 -0.9970 -0.0762
Y  0.9995  0.0120 -0.0309
Z  0.0317 -0.0759  0.9966

PART 42
OFFSET  12.5519 -2.6908 -4.1691
X  0.9995  0.0120 -0.0309
Y -0.0096  0.9970  0.0762
Z  0.0317 -0.0759  0.9966

PART 43
OFFSET  31.9610 -2.5153 -4.0116
X  0.9995  0.0120 -0.0309
Y -0.0096  0.9970  0.0762
Z  0.0317 -0.0759  0.9966

PART 44
OFFSET -17.6076 -4.8127 -7.0611
X -0.8994  0.0543  0.4337
Y -0.2068 -0.9270 -0.3130
Z  0.3850 -0.3712  0.8450

PART 45
OFFSET -6.7300 -5.4690 -12.3061
X -0.8768 -0.0934 -0.4717
Y  0.4805 -0.1329 -0.8669
Z  0.0182 -0.9867  0.1614

PART 46
OFFSET  0.7277 -4.6748 -8.2944
X -0.8768 -0.0934 -0.4717
Y  0.4791 -0.0856 -0.8736
Z  0.0412 -0.9919  0.1198

PART 47
OFFSET  1.6402 -3.2689 -7.2195
X -0.8797 -0.0896 -0.4670
Y -0.0226  0.9889 -0.1471
Z  0.4750 -0.1188 -0.8719

PART 48
OFFSET  1.5465 -3.8019 -6.1264
X -0.8797 -0.0896 -0.4670
Y -0.0226  0.9889 -0.1471
Z  0.4750 -0.1188 -0.8719

PART 49
OFFSET  1.7264 -5.1512 -5.9844
X -0.8797 -0.0896 -0.4670
Y -0.0226  0.9889 -0.1471
Z  0.4750 -0.1188 -0.8719

PART 50
OFFSET  3.4158 -4.3886 -6.8484
X -0.9610 -0.1329 -0.2425
Y  0.2567 -0.1021 -0.9611
Z  0.1030 -0.9859  0.1322

PART 51
OFFSET  3.5581 -3.8255 -5.8661
X -0.5089 -0.6413 -0.5742
Y  0.5510  0.2698 -0.7897
Z  0.6614 -0.7183  0.2160

PART 52
OFFSET  4.5645 -2.4285 -4.5603
X -0.8910 -0.3772  0.2526
Y -0.0842 -0.4095 -0.9084
Z  0.4461 -0.8307  0.3331

PART 53
OFFSET  5.9479 -1.7509 -5.0596
X -0.5063 -0.0919  0.8575
Y -0.6630 -0.5944 -0.4551
Z  0.5515 -0.7989  0.2400

PART 54
OFFSET  6.4815 -1.6049 -5.9901
X -0.8646  0.3229  0.3850
Y  0.0719  0.8378 -0.5412
Z -0.4973 -0.4403 -0.7475

PART 55
OFFSET  4.4830 -4.1861 -7.6990
X -0.9233 -0.2997  0.2403
Y  0.3366 -0.9325  0.1306
Z  0.1849  0.2015  0.9619

PART 56
OFFSET  6.5431 -3.3692 -8.1147
X -0.0947 -0.9955 -0.0045
Y  0.9382 -0.0877 -0.3347
Z  0.3328 -0.0359  0.9423

PART 57
OFFSET  6.6772 -1.9598 -8.1083
X  0.7685 -0.5669 -0.2968
Y  0.5628  0.8195 -0.1082
Z  0.3046 -0.0838  0.9488

PART 58
OFFSET  5.9958 -1.4571 -7.8452
X  0.8913  0.3328 -0.3080
Y -0.3062  0.9427  0.1326
Z  0.3345 -0.0238  0.9421

PART 59
OFFSET  5.1491 -1.7733 -7.5525
X -0.5379 -0.8429  0.0161
Y -0.7624  0.4945  0.4174
Z -0.3598  0.2122 -0.9086

PART 60
OFFSET  4.5381 -4.2267 -6.9885
X -0.9649 -0.2577  0.0500
Y  0.2625 -0.9504  0.1671
Z  0.0045  0.1743  0.9847

PART 61
OFFSET  7.0476 -3.6047 -7.2608
X -0.1176 -0.9867  0.1121
Y  0.9326 -0.1485 -0.3289
Z  0.3412  0.0658  0.9377

PART 62
OFFSET  7.2478 -1.9248 -7.4516
X  0.8773 -0.3820 -0.2905
Y  0.3484  0.9233 -0.1620
Z  0.3301  0.0409  0.9431

PART 63
OFFSET  6.0319 -1.3954 -7.0490
X  0.8156  0.4933 -0.3024
Y -0.4791  0.8688  0.1251
Z  0.3245  0.0429  0.9449

PART 64
OFFSET  5.1474 -1.9304 -6.7210
X -0.3786 -0.8984  0.2228
Y -0.8734  0.4264  0.2351
Z -0.3062 -0.1056 -0.9461

PART 65
OFFSET -0.7457 -5.3839 -6.9742
X -0.9252 -0.3795 -0.0056
Y -0.3677  0.8999 -0.2344
Z  0.0939 -0.2148 -0.9721

PART 66
OFFSET  7.0050 -4.1600 -5.1294
X -0.9913 -0.0147 -0.1304
Y  0.0112 -0.9995  0.0279
Z -0.1308  0.0262  0.9911

PART 67
OFFSET  8.7504 -4.1341 -4.8998
X -0.3545 -0.9346  0.0303
Y  0.9264 -0.3466  0.1468
Z -0.1267  0.0801  0.9887

PART 68
OFFSET  9.1737 -2.9931 -4.8766
X  0.0614 -0.9980  0.0160
Y  0.9893  0.0630  0.1315
Z -0.1323  0.0077  0.9912

PART 69
OFFSET  9.1043 -1.8658 -4.8946
X -0.9503  0.2702  0.1548
Y  0.2555  0.9607 -0.1083
Z -0.1780 -0.0634 -0.9820

PART 70
OFFSET  7.1625 -4.1081 -6.2216
X -0.2467 -0.9573  0.1507
Y  0.9571 -0.2651 -0.1172
Z  0.1521  0.1153  0.9816

PART 71
OFFSET  7.6445 -2.2380 -6.5160
X  0.8337 -0.5479 -0.0691
Y  0.5228  0.8233 -0.2213
Z  0.1782  0.1483  0.9728

PART 72
OFFSET  6.4268 -1.4376 -6.4151
X  0.8727  0.4162 -0.2554
Y -0.4526  0.8857 -0.1034
Z  0.1831  0.2058  0.9613

PART 73
OFFSET  5.4368 -1.9098 -6.1327
X -0.3918 -0.8980  0.2004
Y -0.8919  0.4241  0.1567
Z -0.2257 -0.1174 -0.9671

PART 74
OFFSET  0.0000 -0.0000 -0.0000
X  1.0000 -0.0000  0.0000
Y  0.0000  1.0000  0.0000
Z  0.0000 -0.0000  1.0000

PART 75
OFFSET -0.0000 -0.0000 -0.0000
X  1.0000 -0.0016 -0.0023
Y  0.0016  1.0000 -0.0024
Z  0.0023  0.0024  1.0000

PART 76
OFFSET  1.5499  0.0077  4.1322
X  1.0000 -0.0016 -0.0023
Y  0.0016  1.0000 -0.0024
Z  0.0023  0.0024  1.0000


FRAME 1003
PART 0
OFFSET  0.0000 -0.0000 -0.0000
X  1.0000 -0.0000  0.0000
Y  0.0000  1.0000  0.0000
Z  0.0000 -0.0000  1.0000

PART 1
OFFSET -4.6318 -0.0000 -1.3770
X  1.0000 -0.0000  0.0000
Y  0.0000  1.0000  0.0000
Z  0.0000 -0.0000  1.0000

PART 2
OFFSET -3.3626  6.2094 -6.7297
X  0.8274 -0.1143 -0.5498
Y -0.0208 -0.9846  0.1733
Z -0.5612 -0.1320 -0.8171

PART 3
OFFSET  6.6444  4.8272 -13.3788
X  0.8306 -0.3918  0.3956
Y -0.4665 -0.1018  0.8786
Z -0.3039 -0.9144 -0.2674

PART 4
OFFSET  13.7094  1.4948 -10.0137
X  0.8306 -0.3918  0.3956
Y -0.0420  0.6644  0.7462
Z -0.5552 -0.6365  0.5354

PART 5
OFFSET  15.7749  2.6534 -9.6739
X  0.8342 -0.3887  0.3912
Y  0.3083  0.9169  0.2536
Z -0.4572 -0.0909  0.8847

PART 6
OFFSET  14.9156  0.5576 -10.9108
X  0.8342 -0.3887  0.3912
Y  0.3083  0.9169  0.2536
Z -0.4572 -0.0909  0.8847

PART 7
OFFSET  15.0551  1.8753 -7.6092
X  0.8342 -0.3887  0.3912
Y  0.3083  0.9169  0.2536
Z -0.4572 -0.0909  0.8847

PART 8
OFFSET  14.5017  0.4759 -8.0872
X  0.8342 -0.3887  0.3912
Y  0.3083  0.9169  0.2536
Z -0.4572 -0.0909  0.8847

PART 9
OFFSET  14.0855 -0.3700 -9.0149
X  0.8342 -0.3887  0.3912
Y  0.3083  0.9169  0.2536
Z -0.4572 -0.0909  0.8847

PART 10
OFFSET  16.2558  0.2937 -8.8008
X  0.9823 -0.1825 -0.0430
Y  0.1556  0.6656  0.7299
Z -0.1046 -0.7236  0.6822

PART 11
OFFSET  16.8049  0.5569 -7.8356
X  0.8944  0.0934  0.4373
Y -0.2435  0.9219  0.3013
Z -0.3751 -0.3760  0.8473

PART 12
OFFSET  18.6899  0.8294 -6.8147
X  0.9861 -0.1661 -0.0031
Y  0.1351  0.7912  0.5965
Z -0.0967 -0.5886  0.8026

PART 13
OFFSET  20.2629  0.4481 -6.7653
X  0.9406  0.1207  0.3174
Y -0.2509  0.8769  0.4099
Z -0.2289 -0.4652  0.8551

PART 14
OFFSET  21.2653  0.5723 -6.3759
X  0.7896  0.5686 -0.2305
Y -0.2942  0.0212 -0.9555
Z -0.5385  0.8223  0.1841

PART 15
OFFSET  16.8993 -0.7197 -9.4808
X  0.7391 -0.6181 -0.2678
Y -0.2842 -0.6466  0.7079
Z -0.6107 -0.4472 -0.6536

PART 16
OFFSET  18.6141 -2.1225 -9.9004
X  0.4050 -0.6444  0.6486
Y -0.5360  0.4074  0.7394
Z -0.7407 -0.6471 -0.1804

PART 17
OFFSET  19.1875 -3.0349 -8.9821
X  0.0736 -0.3039  0.9498
Y -0.7045  0.6583  0.2653
Z -0.7059 -0.6887 -0.1656

PART 18
OFFSET  19.2528 -3.3043 -8.1399
X -0.1689 -0.0417  0.9848
Y -0.6371  0.7669 -0.0768
Z -0.7520 -0.6404 -0.1561

PART 19
OFFSET  19.0924 -3.3440 -7.2043
X  0.6379 -0.3569 -0.6824
Y -0.4674  0.5249 -0.7114
Z  0.6121  0.7727  0.1680

PART 20
OFFSET  17.2334 -0.2164 -9.1004
X  0.8864 -0.3824 -0.2610
Y -0.1314 -0.7483  0.6503
Z -0.4439 -0.5421 -0.7135

PART 21
OFFSET  19.4641 -1.4365 -9.6423
X  0.4436 -0.8260  0.3477
Y -0.4611  0.1222  0.8789
Z -0.7685 -0.5502 -0.3267

PART 22
OFFSET  20.2194 -2.8428 -9.0504
X -0.0728 -0.4176  0.9057
Y -0.6556  0.7044  0.2721
Z -0.7516 -0.5740 -0.3251

PART 23
OFFSET  20.1184 -3.4216 -7.7952
X -0.3597 -0.0651  0.9308
Y -0.5527  0.8186 -0.1563
Z -0.7518 -0.5706 -0.3305

PART 24
OFFSET  19.7283 -3.4922 -6.7857
X  0.5735 -0.4423 -0.6895
Y -0.2138  0.7317 -0.6472
Z  0.7908  0.5186  0.3251

PART 25
OFFSET  19.4749  0.4002 -7.4087
X  0.8650 -0.5016  0.0081
Y  0.3915  0.6648 -0.6362
Z  0.3138  0.5535  0.7715

PART 26
OFFSET  20.2395  0.3537 -8.6713
X  0.7186 -0.6920 -0.0685
Y -0.3620 -0.4564  0.8128
Z -0.5937 -0.5593 -0.5785

PART 27
OFFSET  21.5048 -0.8647 -8.7918
X  0.2384 -0.8665  0.4386
Y -0.7719  0.1050  0.6270
Z -0.5893 -0.4880 -0.6439

PART 28
OFFSET  21.8304 -1.8885 -8.2196
X -0.0901 -0.6508  0.7539
Y -0.8153  0.4829  0.3195
Z -0.5720 -0.5858 -0.5741

PART 29
OFFSET  21.7286 -2.6236 -7.3681
X  0.6044 -0.3889 -0.6953
Y -0.0822  0.8377 -0.5399
Z  0.7924  0.3835  0.4744

PART 30
OFFSET  19.9472 -0.4788 -9.3362
X  0.5629 -0.7991  0.2112
Y -0.5088 -0.1336  0.8504
Z -0.6513 -0.5862 -0.4818

PART 31
OFFSET  21.0469 -2.0398 -8.9235
X  0.0198 -0.6630  0.7483
Y -0.7266  0.5046  0.4663
Z -0.6868 -0.5530 -0.4718

PART 32
OFFSET  21.0759 -3.0082 -7.8305
X -0.3772 -0.2802  0.8827
Y -0.5834  0.8121  0.0085
Z -0.7193 -0.5118 -0.4698

PART 33
OFFSET  20.6440 -3.3298 -6.8340
X  0.7079 -0.2711 -0.6522
Y -0.2567  0.7615 -0.5952
Z  0.6581  0.5887  0.4694

PART 34
OFFSET  18.6758 -1.6624 -8.2710
X -0.4943 -0.5575 -0.6670
Y  0.1046  0.7236 -0.6822
Z  0.8630 -0.4069 -0.2994

PART 35
OFFSET  8.4022 -2.7974 -4.0851
X  0.9979  0.0234 -0.0607
Y -0.0141  0.9886  0.1497
Z  0.0635 -0.1486  0.9869

PART 36
OFFSET  8.4022 -2.7974 -4.0851
X  0.9979  0.0234 -0.0607
Y -0.0141  0.9886  0.1497
Z  0.0635 -0.1486  0.9869

PART 37
OFFSET  13.8452 -3.3021 -2.1224
X  0.9990  0.0204 -0.0405
Y -0.0141  0.9886  0.1497
Z  0.0431 -0.1490  0.9879

PART 38
OFFSET  17.4597 -2.2227 -7.0322
X  0.9979  0.0234 -0.0607
Y -0.0141  0.9886  0.1497
Z  0.0635 -0.1486  0.9869

PART 39
OFFSET  22.7471 -2.6965 -5.6543
X  0.8977  0.3792 -0.2244
Y -0.0448 -0.4281 -0.9026
Z -0.4383  0.8204 -0.3673

PART 40
OFFSET -4.4703 -2.8755 -4.6848
X  0.9392 -0.0383  0.3411
Y -0.0141  0.9886  0.1497
Z -0.3429 -0.1454  0.9280

PART 41
OFFSET  27.4296 -1.6803 -9.6757
X  0.0141 -0.9886 -0.1497
Y  0.9979  0.0234 -0.0607
Z  0.0635 -0.1486  0.9869

PART 42
OFFSET  12.6226 -2.7255 -4.0630
X  0.9979  0.0234 -0.0607
Y -0.0141  0.9886  0.1497
Z  0.0635 -0.1486  0.9869

PART 43
OFFSET  32.0176 -2.3797 -4.5169
X  0.9979  0.0234 -0.0607
Y -0.0141  0.9886  0.1497
Z  0.0635 -0.1486  0.9869

PART 44
OFFSET -17.6076 -4.8127 -7.0611
X -0.9055  0.0514  0.4212
Y -0.1988 -0.9283 -0.3141
Z  0.3749 -0.3682  0.8508

PART 45
OFFSET -6.6564 -5.4342 -12.1550
X -0.8707 -0.0975 -0.4820
Y  0.4914 -0.1327 -0.8608
Z  0.0200 -0.9864  0.1634

PART 46
OFFSET  0.7495 -4.6048 -8.0553
X -0.8707 -0.0975 -0.4820
Y  0.4855 -0.0144 -0.8741
Z  0.0783 -0.9951  0.0599

PART 47
OFFSET  1.6437 -3.1935 -6.9721
X -0.8737 -0.0938 -0.4774
Y -0.0246  0.9885 -0.1492
Z  0.4859 -0.1186 -0.8659

PART 48
OFFSET  1.5388 -3.7250 -5.8792
X -0.8737 -0.0938 -0.4774
Y -0.0246  0.9885 -0.1492
Z  0.4859 -0.1186 -0.8659

PART 49
OFFSET  1.7221 -5.0733 -5.7326
X -0.8737 -0.0938 -0.4774
Y -0.0246  0.9885 -0.1492
Z  0.4859 -0.1186 -0.8659

PART 50
OFFSET  3.4188 -4.3059 -6.5776
X -0.9672 -0.1236 -0.2220
Y  0.2271 -0.0288 -0.9734
Z  0.1139 -0.9919  0.0559

PART 51
OFFSET  3.5880 -3.8152 -5.5613
X -0.5223 -0.6021 -0.6039
Y  0.5240  0.3321 -0.7843
Z  0.6728 -0.7261  0.1421

PART 52
OFFSET  4.6253 -2.5087 -4.1877
X -0.8800 -0.4029  0.2514
Y -0.1098 -0.3424 -0.9331
Z  0.4621 -0.8488  0.2571

PART 53
OFFSET  5.9876 -1.7836 -4.6780
X -0.4785 -0.1593  0.8635
Y -0.6728 -0.5654 -0.4771
Z  0.5642 -0.8093  0.1634

PART 54
OFFSET  6.4907 -1.5647 -5.6112
X -0.8543  0.2858  0.4342
Y  0.0491  0.8759 -0.4800
Z -0.5175 -0.3887 -0.7623

PART 55
OFFSET  4.4574 -4.0317 -7.4434
X -0.9132 -0.3250  0.2458
Y  0.3470 -0.9365  0.0511
Z  0.2136  0.1320  0.9680

PART 56
OFFSET  6.4978 -3.1675 -7.8610
X -0.0879 -0.9933 -0.0750
Y  0.9278 -0.0542 -0.3690
Z  0.3625 -0.1020  0.9264

PART 57
OFFSET  6.6223 -1.7612 -7.7549
X  0.7627 -0.5365 -0.3613
Y  0.5534  0.8304 -0.0648
Z  0.3348 -0.1505  0.9302

PART 58
OFFSET  5.9460 -1.2855 -7.4345
X  0.8788  0.3627 -0.3100
Y -0.3084  0.9276  0.2111
Z  0.3641 -0.0899  0.9270

PART 59
OFFSET  5.1111 -1.6301 -7.1401
X -0.5313 -0.8467 -0.0295
Y -0.7523  0.4555  0.4760
Z -0.3896  0.2750 -0.8790

PART 60
OFFSET  4.5351 -4.1239 -6.7398
X -0.9611 -0.2696  0.0606
Y  0.2742 -0.9576  0.0884
Z  0.0342  0.1016  0.9942

PART 61
OFFSET  7.0304 -3.4604 -7.0428
X -0.1072 -0.9933  0.0426
Y  0.9228 -0.1153 -0.3675
Z  0.3700 -0.0001  0.9290

PART 62
OFFSET  7.2129 -1.7693 -7.1153
X  0.8704 -0.3515 -0.3447
Y  0.3367  0.9358 -0.1041
Z  0.3592 -0.0255  0.9329

PART 63
OFFSET  6.0066 -1.2821 -6.6375
X  0.8023  0.5217 -0.2902
Y -0.4809  0.8528  0.2035
Z  0.3537 -0.0237  0.9351

PART 64
OFFSET  5.1365 -1.8479 -6.3227
X -0.3652 -0.9157  0.1675
Y -0.8686  0.3999  0.2927
Z -0.3350 -0.0386 -0.9414

PART 65
OFFSET -0.7375 -5.3275 -6.6482
X -0.9223 -0.3865 -0.0050
Y -0.3811  0.9113 -0.1560
Z  0.0649 -0.1420 -0.9877

PART 66
OFFSET  7.0586 -4.1712 -4.9577
X -0.9948 -0.0142 -0.1006
Y  0.0189 -0.9988 -0.0462
Z -0.0998 -0.0479  0.9939

PART 67
OFFSET  8.8101 -4.1462 -4.7807
X -0.3469 -0.9375 -0.0277
Y  0.9330 -0.3479  0.0923
Z -0.0962  0.0061  0.9953

PART 68
OFFSET  9.2260 -3.0061 -4.6865
X  0.0687 -0.9959 -0.0595
Y  0.9925  0.0622  0.1053
Z -0.1012 -0.0663  0.9927

PART 69
OFFSET  9.1483 -1.8812 -4.6193
X -0.9468  0.2494  0.2035
Y  0.2454  0.9684 -0.0451
Z -0.2083  0.0073 -0.9780

PART 70
OFFSET  7.1814 -4.0377 -6.0475
X -0.2352 -0.9680  0.0873
Y  0.9547 -0.2470 -0.1658
Z  0.1820  0.0443  0.9823

PART 71
OFFSET  7.6409 -2.1467 -6.2180
X  0.8348 -0.5337 -0.1350
Y  0.5099  0.8421 -0.1760
Z  0.2076  0.0781  0.9751

PART 72
OFFSET  6.4215 -1.3671 -6.0208
X  0.8614  0.4418 -0.2507
Y -0.4617  0.8867 -0.0238
Z  0.2118  0.1363  0.9678

PART 73
OFFSET  5.4442 -1.8679 -5.7437
X -0.3791 -0.9138  0.1456
Y -0.8895  0.4033  0.2149
Z -0.2551 -0.0481 -0.9657

PART 74
OFFSET  0.0000 -0.0000 -0.0000
X  1.0000 -0.0000  0.0000
Y  0.0000  1.0000  0.0000
Z  0.0000 -0.0000  1.0000

PART 75
OFFSET -0.0000 -0.0000 -0.0000
X  1.0000 -0.0033 -0.0048
Y  0.0033  1.0000 -0.0052
Z  0.0049  0.0052  1.0000

PART 76
OFFSET  1.5605  0.0162  4.1282
X  1.0000 -0.0033 -0.0048
Y  0.0033  1.0000 -0.0052
Z  0.0049  0.0052  1.0000


FRAME 1004
PART 0
OFFSET  0.0000 -0.0000 -0.0000
X  1.0000 -0.0000  0.0000
Y  0.0000  1.0000  0.0000
Z  0.0000 -0.0000  1.0000

PART 1
OFFSET -4.6318 -0.0000 -1.3770
X  1.0000 -0.0000  0.0000
Y  0.0000  1.0000  0.0000
Z  0.0000 -0.0000  1.0000

PART 2
OFFSET -3.2571  6.1128 -6.7423
X  0.7892 -0.1078 -0.6047
Y  0.0506 -0.9697  0.2389
Z -0.6121 -0.2191 -0.7598

PART 3
OFFSET  6.2870  4.8096 -14.0549
X  0.8339 -0.3227  0.4477
Y -0.4822 -0.0314  0.8755
Z -0.2685 -0.9460 -0.1818

PART 4
OFFSET  13.3797  2.0648 -10.2466
X  0.8339 -0.3227  0.4477
Y -0.1609  0.6338  0.7565
Z -0.5279 -0.7029  0.4766

PART 5
OFFSET  15.3990  3.3208 -9.9838
X  0.8375 -0.3200  0.4430
Y  0.2731  0.9472  0.1679
Z -0.4734 -0.0196  0.8806

PART 6
OFFSET  14.6348  1.0862 -11.0245
X  0.8375 -0.3200  0.4430
Y  0.2731  0.9472  0.1679
Z -0.4734 -0.0196  0.8806

PART 7
OFFSET  14.6593  2.7240 -7.8665
X  0.8375 -0.3200  0.4430
Y  0.2731  0.9472  0.1679
Z -0.4734 -0.0196  0.8806

PART 8
OFFSET  14.1574  1.2620 -8.2098
X  0.8375 -0.3200  0.4430
Y  0.2731  0.9472  0.1679
Z -0.4734 -0.0196  0.8806

PART 9
OFFSET  13.7891  0.3159 -9.0574
X  0.8375 -0.3200  0.4430
Y  0.2731  0.9472  0.1679
Z -0.4734 -0.0196  0.8806

PART 10
OFFSET  15.9361  1.0755 -8.8740
X  0.9794 -0.1565 -0.1278
Y  0.1996  0.6498  0.7334
Z -0.0317 -0.7438  0.6677

PART 11
