// Export filename: `C:\projects\cod\t5\xanim_export\t5_viewmodels\ak47\ak47_masterkey_sprint_loop.XANIM_EXPORT`
// Source filename: `D:\projects\devanim\t5\animation_assets\viewmodels/ak47/ViewModel_AK47_MasterKey_animated.fbx`
// Export time: Wed Jul 07 18:24:12 2010

ANIMATION
VERSION 3

NUMPARTS 77
PART 0 "tag_ads"
PART 1 "tag_torso"
PART 2 "J_Shoulder_LE"
PART 3 "J_Elbow_LE"
PART 4 "J_WristTwist_LE"
PART 5 "J_Sleave_Reshape_Bottom_LE_1"
PART 6 "J_Sleave_Reshape_Bottom_LE_2"
PART 7 "J_Sleave_Reshape_Top_LE_1"
PART 8 "J_Sleave_Reshape_Top_LE_2"
PART 9 "J_Sleave_Reshape_Top_LE_3"
PART 10 "J_Wrist_LE"
PART 11 "J_Thumb_LE_0"
PART 12 "J_Thumb_LE_1"
PART 13 "J_Thumb_LE_2"
PART 14 "J_Thumb_LE_3"
PART 15 "J_PinkyPalm_LE"
PART 16 "J_Pinky_LE_0"
PART 17 "J_Pinky_LE_1"
PART 18 "J_Pinky_LE_2"
PART 19 "J_Pinky_LE_3"
PART 20 "J_RingPalm_LE"
PART 21 "J_Ring_LE_0"
PART 22 "J_Ring_LE_1"
PART 23 "J_Ring_LE_2"
PART 24 "J_Ring_LE_3"
PART 25 "J_Webbing_LE"
PART 26 "J_Index_LE_0"
PART 27 "J_Index_LE_1"
PART 28 "J_Index_LE_2"
PART 29 "J_Index_LE_3"
PART 30 "J_Mid_LE_0"
PART 31 "J_Mid_LE_1"
PART 32 "J_Mid_LE_2"
PART 33 "J_Mid_LE_3"
PART 34 "tag_knife_attach"
PART 35 "tag_weapon"
PART 36 "J_Gun"
PART 37 "J_bolt"
PART 38 "tag_masterkey"
PART 39 "tag_brass2"
PART 40 "tag_ammo2"
PART 41 "tag_pump2"
PART 42 "TAG_CLIP"
PART 43 "TAG_FLASH"
PART 44 "J_Shoulder_RI"
PART 45 "J_Elbow_RI"
PART 46 "J_WristTwist_RI"
PART 47 "J_Sleave_Reshape_Top_RI_3"
PART 48 "J_Sleave_Reshape_Top_RI_2"
PART 49 "J_Sleave_Reshape_Top_RI_1"
PART 50 "J_Wrist_RI"
PART 51 "J_Thumb_RI_0"
PART 52 "J_Thumb_RI_1"
PART 53 "J_Thumb_RI_2"
PART 54 "J_Thumb_RI_3"
PART 55 "J_PinkyPalm_RI"
PART 56 "J_Pinky_RI_0"
PART 57 "J_Pinky_RI_1"
PART 58 "J_Pinky_RI_2"
PART 59 "J_Pinky_RI_3"
PART 60 "J_RingPalm_RI"
PART 61 "J_Ring_RI_0"
PART 62 "J_Ring_RI_1"
PART 63 "J_Ring_RI_2"
PART 64 "J_Ring_RI_3"
PART 65 "J_Webbing_RI"
PART 66 "J_Index_RI_0"
PART 67 "J_Index_RI_1"
PART 68 "J_Index_RI_2"
PART 69 "J_Index_RI_3"
PART 70 "J_Mid_RI_0"
PART 71 "J_Mid_RI_1"
PART 72 "J_Mid_RI_2"
PART 73 "J_Mid_RI_3"
PART 74 "tag_cambone"
PART 75 "tag_camera"
PART 76 "tag_gasmask"

FRAMERATE 30
NUMFRAMES 31

FRAME 2010
PART 0
OFFSET  0.0000 -0.0000 -0.0000
X  1.0000 -0.0000  0.0000
Y  0.0000  1.0000  0.0000
Z  0.0000 -0.0000  1.0000

PART 1
OFFSET -4.6318 -0.0000 -1.3770
X  1.0000 -0.0000  0.0000
Y  0.0000  1.0000  0.0000
Z  0.0000 -0.0000  1.0000

PART 2
OFFSET -3.5060  6.3408 -6.7125
X  0.6947 -0.2774 -0.6637
Y  0.1496 -0.8468  0.5105
Z -0.7036 -0.4539 -0.5468

PART 3
OFFSET  4.8955  2.9859 -14.7388
X  0.9732 -0.2269  0.0362
Y  0.0017  0.1645  0.9864
Z -0.2298 -0.9599  0.1605

PART 4
OFFSET  13.1733  1.0556 -14.4308
X  0.9732 -0.2269  0.0362
Y  0.2284  0.9727 -0.0413
Z -0.0259  0.0484  0.9985

PART 5
OFFSET  14.9395  2.3167 -15.4381
X  0.9738 -0.2253  0.0299
Y  0.2271  0.9581 -0.1748
Z  0.0107  0.1770  0.9841

PART 6
OFFSET  13.9903 -0.0820 -15.5154
X  0.9738 -0.2253  0.0299
Y  0.2271  0.9581 -0.1748
Z  0.0107  0.1770  0.9841

PART 7
OFFSET  15.3660  2.2015 -13.1597
X  0.9738 -0.2253  0.0299
Y  0.2271  0.9581 -0.1748
Z  0.0107  0.1770  0.9841

PART 8
OFFSET  14.9074  0.7132 -12.9394
X  0.9738 -0.2253  0.0299
Y  0.2271  0.9581 -0.1748
Z  0.0107  0.1770  0.9841

PART 9
OFFSET  14.2716 -0.3903 -13.2964
X  0.9738 -0.2253  0.0299
Y  0.2271  0.9581 -0.1748
Z  0.0107  0.1770  0.9841

PART 10
OFFSET  16.1569  0.3599 -14.3198
X  0.8700  0.4589 -0.1803
Y -0.4526  0.8884  0.0775
Z  0.1957  0.0142  0.9806

PART 11
OFFSET  16.1918  1.4295 -13.9236
X  0.7019  0.7087 -0.0720
Y -0.6792  0.6353 -0.3675
Z -0.2147  0.3068  0.9272

PART 12
OFFSET  17.6267  3.0392 -14.0640
X  0.9268  0.3043 -0.2199
Y -0.3442  0.9227 -0.1739
Z  0.1500  0.2368  0.9599

PART 13
OFFSET  19.1603  3.5019 -14.3011
X  0.6960  0.7064 -0.1288
Y -0.7112  0.6536 -0.2587
Z -0.0986  0.2717  0.9573

PART 14
OFFSET  19.8963  4.2894 -14.4010
X  0.4305  0.4816 -0.7633
Y -0.1142 -0.8099 -0.5754
Z -0.8953  0.3349 -0.2937

PART 15
OFFSET  17.4172 -0.2001 -14.3572
X  0.9999  0.0107 -0.0130
Y  0.0133 -0.0347  0.9993
Z  0.0102 -0.9993 -0.0348

PART 16
OFFSET  19.6639 -0.0349 -14.2587
X  0.0087  0.4670  0.8842
Y -0.9892  0.1335 -0.0607
Z -0.1464 -0.8741  0.4631

PART 17
OFFSET  19.6762  0.6263 -13.0068
X -0.5320  0.4883  0.6918
Y -0.8380 -0.1866 -0.5127
Z -0.1213 -0.8525  0.5085

PART 18
OFFSET  19.2046  1.0592 -12.3934
X -0.7576  0.4195  0.5000
Y -0.6295 -0.2676 -0.7294
Z -0.1722 -0.8674  0.4669

PART 19
OFFSET  18.4848  1.4577 -11.9184
X  0.9996 -0.0274  0.0080
Y -0.0095 -0.5816 -0.8134
Z  0.0269  0.8130 -0.5816

PART 20
OFFSET  17.2805  0.4892 -14.4823
X  0.9681  0.1640 -0.1895
Y  0.1975 -0.0342  0.9797
Z  0.1542 -0.9859 -0.0655

PART 21
OFFSET  19.8427  0.8643 -14.7117
X  0.3807  0.1744  0.9081
Y -0.8868  0.3472  0.3051
Z -0.2621 -0.9214  0.2868

PART 22
OFFSET  20.4908  1.1612 -13.1656
X -0.5818  0.3934  0.7119
Y -0.7761 -0.0066 -0.6306
Z -0.2434 -0.9193  0.3092

PART 23
OFFSET  19.6845  1.7064 -12.1790
X -0.8229  0.3598  0.4398
Y -0.5148 -0.1444 -0.8450
Z -0.2405 -0.9218  0.3041

PART 24
OFFSET  18.7921  2.0966 -11.7020
X  0.9564 -0.2576  0.1373
Y  0.0606 -0.2848 -0.9567
Z  0.2855  0.9233 -0.2568

PART 25
OFFSET  18.2251  3.1928 -14.2271
X  0.9605  0.2640  0.0880
Y  0.0480  0.1545 -0.9868
Z -0.2741  0.9521  0.1357

PART 26
OFFSET  19.1327  2.8129 -15.3284
X  0.9466 -0.1069  0.3042
Y -0.2936  0.1042  0.9502
Z -0.1333 -0.9888  0.0672

PART 27
OFFSET  20.7993  2.6246 -14.7928
X  0.2468 -0.0665  0.9668
Y -0.9597  0.1214  0.2534
Z -0.1342 -0.9904 -0.0339

PART 28
OFFSET  21.1075  2.6039 -13.6154
X -0.4782  0.1358  0.8677
Y -0.8696  0.0651 -0.4894
Z -0.1230 -0.9886  0.0870

PART 29
OFFSET  20.5674  2.7573 -12.6353
X  0.9061 -0.3811  0.1838
Y  0.2082  0.0234 -0.9778
Z  0.3683  0.9243  0.1005

PART 30
OFFSET  19.5660  1.8028 -15.2173
X  0.6566  0.0764  0.7504
Y -0.7478  0.1964  0.6343
Z -0.0989 -0.9775  0.1861

PART 31
OFFSET  20.8486  1.9520 -13.7514
X -0.3227  0.2038  0.9243
Y -0.9355  0.0800 -0.3442
Z -0.1441 -0.9757  0.1649

PART 32
OFFSET  20.3773  2.2498 -12.4014
X -0.8211  0.2168  0.5280
Y -0.5424 -0.0084 -0.8401
Z -0.1777 -0.9762  0.1245

PART 33
OFFSET  19.4465  2.4885 -11.8019
X  0.9874 -0.0985  0.1237
Y  0.0998 -0.2184 -0.9707
Z  0.1226  0.9709 -0.2058

PART 34
OFFSET  19.0577  1.1471 -13.3562
X  0.1141 -0.9934 -0.0084
Y -0.1957 -0.0142 -0.9806
Z  0.9740  0.1136 -0.1961

PART 35
OFFSET  10.2443 -1.9509 -7.0301
X  0.7570  0.5117 -0.4063
Y -0.6468  0.4986 -0.5771
Z -0.0927  0.6997  0.7084

PART 36
OFFSET  10.2443 -1.9509 -7.0301
X  0.7570  0.5117 -0.4063
Y -0.6468  0.4986 -0.5771
Z -0.0927  0.6997  0.7084

PART 37
OFFSET  14.2205  2.2705 -7.3512
X  0.7550  0.5259 -0.3917
Y -0.6468  0.4986 -0.5771
Z -0.1082  0.6891  0.7166

PART 38
OFFSET  17.4567  1.0798 -12.4936
X  0.7570  0.5117 -0.4063
Y -0.6468  0.4986 -0.5771
Z -0.0927  0.6997  0.7084

PART 39
OFFSET  21.4331  4.7990 -13.1537
X  0.5031  0.4792 -0.7192
Y  0.4377 -0.8588 -0.2661
Z -0.7452 -0.1809 -0.6419

PART 40
OFFSET  0.6667 -9.4769 -2.8233
X  0.6559  0.7498 -0.0873
Y -0.6468  0.4986 -0.5771
Z -0.3892  0.4350  0.8120

PART 41
OFFSET  25.3098  4.8205 -18.0630
X  0.6468 -0.4986  0.5771
Y  0.7570  0.5117 -0.4063
Z -0.0927  0.6997  0.7084

PART 42
OFFSET  13.3971  0.4071 -8.5523
X  0.7570  0.5117 -0.4063
Y -0.6468  0.4986 -0.5771
Z -0.0927  0.6997  0.7084

PART 43
OFFSET  28.0107  10.8819 -15.8817
X  0.7570  0.5117 -0.4063
Y -0.6468  0.4986 -0.5771
Z -0.0927  0.6997  0.7084

PART 44
OFFSET -10.8444 -11.7139 -5.9426
X -0.9335  0.3392 -0.1162
Y -0.2261 -0.3051  0.9251
Z  0.2783  0.8899  0.3615

PART 45
OFFSET  0.4454 -15.8159 -4.5369
X -0.6498 -0.7518  0.1117
Y  0.7582 -0.6311  0.1637
Z -0.0526  0.1911  0.9802

PART 46
OFFSET  5.9725 -9.4213 -5.4867
X -0.6498 -0.7518  0.1117
Y  0.4908 -0.5273 -0.6936
Z  0.5803 -0.3959  0.7117

PART 47
OFFSET  6.4545 -8.1393 -6.9321
X -0.6541 -0.7487  0.1078
Y  0.0434 -0.1794 -0.9828
Z  0.7551 -0.6382  0.1498

PART 48
OFFSET  5.9679 -7.1353 -6.4390
X -0.6541 -0.7487  0.1078
Y  0.0434 -0.1794 -0.9828
Z  0.7551 -0.6382  0.1498

PART 49
OFFSET  6.0689 -6.8918 -5.0961
X -0.6541 -0.7487  0.1078
Y  0.0434 -0.1794 -0.9828
Z  0.7551 -0.6382  0.1498

PART 50
OFFSET  7.9647 -7.1164 -5.8291
X -0.6066 -0.7425  0.2840
Y  0.4179 -0.6017 -0.6807
Z  0.6763 -0.2942  0.6753

PART 51
OFFSET  7.5567 -6.0810 -5.5772
X  0.1113 -0.9710  0.2117
Y  0.3794 -0.1554 -0.9121
Z  0.9185  0.1819  0.3511

PART 52
OFFSET  7.2275 -3.9803 -5.9626
X -0.4816 -0.4593  0.7464
Y  0.3435 -0.8825 -0.3214
Z  0.8063  0.1016  0.5827

PART 53
OFFSET  7.9351 -3.3029 -7.2521
X -0.4685  0.3079  0.8281
Y -0.0549 -0.9457  0.3205
Z  0.8818  0.1047  0.4599

PART 54
OFFSET  8.4023 -3.6245 -8.1740
X -0.9236 -0.0349  0.3819
Y -0.3828  0.0257 -0.9235
Z  0.0224 -0.9991 -0.0371

PART 55
OFFSET  8.7888 -7.0730 -6.9347
X -0.5528 -0.4503  0.7011
Y  0.8206 -0.1478  0.5521
Z -0.1450  0.8806  0.4512

PART 56
OFFSET  9.9092 -5.9148 -8.5121
X  0.5548 -0.5015  0.6639
Y  0.8233  0.2158 -0.5249
Z  0.1199  0.8378  0.5326

PART 57
OFFSET  9.1238 -5.2048 -9.4520
X  0.9894 -0.0624 -0.1313
Y -0.0698  0.5886 -0.8054
Z  0.1275  0.8060  0.5780

PART 58
OFFSET  8.2466 -5.1495 -9.3356
X  0.5188  0.3995 -0.7558
Y -0.8473  0.3579 -0.3925
Z  0.1137  0.8440  0.5242

PART 59
OFFSET  7.7537 -5.5291 -8.6175
X  0.1186 -0.6523  0.7487
Y -0.9592  0.1197  0.2563
Z -0.2568 -0.7485 -0.6114

PART 60
OFFSET  8.7390 -6.5508 -6.4505
X -0.5794 -0.5903  0.5620
Y  0.7695 -0.1688  0.6160
Z -0.2688  0.7893  0.5520

PART 61
OFFSET  10.2996 -5.1397 -7.9774
X  0.5126 -0.4258  0.7457
Y  0.8563  0.1897 -0.4803
Z  0.0631  0.8847  0.4618

PART 62
OFFSET  9.4270 -4.4148 -9.2469
X  0.9548  0.0830 -0.2855
Y -0.2891  0.4833 -0.8263
Z  0.0694  0.8715  0.4855

PART 63
OFFSET  8.1037 -4.5298 -8.8513
X  0.3595  0.4358 -0.8252
Y -0.9310  0.2278 -0.2853
Z  0.0636  0.8708  0.4876

PART 64
OFFSET  7.7138 -5.0024 -7.9564
X  0.2404 -0.4443  0.8630
Y -0.9706 -0.1008  0.2185
Z -0.0101 -0.8902 -0.4555

PART 65
OFFSET  5.4492 -9.8557 -3.7095
X -0.4635 -0.6641  0.5866
Y -0.8065  0.0420 -0.5897
Z  0.3670 -0.7465 -0.5551

PART 66
OFFSET  10.2646 -3.8786 -6.1714
X -0.7225 -0.6247  0.2962
Y  0.6324 -0.4240  0.6483
Z -0.2795  0.6557  0.7014

PART 67
OFFSET  11.5367 -2.7787 -6.6928
X  0.3133 -0.5863  0.7470
Y  0.8977  0.4395 -0.0315
Z -0.3099  0.6804  0.6640

PART 68
OFFSET  11.1370 -2.0246 -7.5607
X  0.6715 -0.4053  0.6203
Y  0.6904  0.6462 -0.3252
Z -0.2690  0.6467  0.7137

PART 69
OFFSET  10.3785 -1.5668 -8.2613
X -0.9175 -0.2695  0.2924
Y -0.3920  0.4897 -0.7788
Z  0.0667 -0.8292 -0.5549

PART 70
OFFSET  10.5319 -4.5578 -7.0007
X  0.3896 -0.4530  0.8019
Y  0.9133  0.3025 -0.2728
Z -0.1190  0.8386  0.5315

PART 71
OFFSET  9.7709 -3.6729 -8.5672
X  0.9894  0.1445 -0.0144
Y -0.0839  0.4879 -0.8689
Z -0.1185  0.8609  0.4948

PART 72
OFFSET  8.3257 -3.8839 -8.5462
X  0.4436  0.4651 -0.7661
Y -0.8838  0.0850 -0.4602
Z -0.1489  0.8812  0.4488

PART 73
OFFSET  7.8237 -4.4168 -7.6820
X  0.2338 -0.4672  0.8526
Y -0.9703 -0.1680  0.1740
Z  0.0619 -0.8680 -0.4927

PART 74
OFFSET  0.0000 -0.0000 -0.0000
X  1.0000 -0.0000  0.0000
Y  0.0000  1.0000  0.0000
Z  0.0000 -0.0000  1.0000

PART 75
OFFSET  0.0000 -0.0000 -0.0000
X  1.0000 -0.0000  0.0000
Y  0.0000  1.0000  0.0000
Z  0.0000 -0.0000  1.0000

PART 76
OFFSET  1.5404 -0.0000  4.1357
X  1.0000 -0.0000  0.0000
Y  0.0000  1.0000  0.0000
Z  0.0000 -0.0000  1.0000


FRAME 2011
PART 0
OFFSET  0.0000 -0.0000 -0.0000
X  1.0000 -0.0000  0.0000
Y  0.0000  1.0000  0.0000
Z  0.0000 -0.0000  1.0000

PART 1
OFFSET -4.6318 -0.0000 -1.3770
X  1.0000 -0.0000  0.0000
Y  0.0000  1.0000  0.0000
Z  0.0000 -0.0000  1.0000

PART 2
OFFSET -3.5060  6.3408 -6.7125
X  0.7031 -0.2813 -0.6531
Y  0.1367 -0.8478  0.5123
Z -0.6979 -0.4495 -0.5576

PART 3
OFFSET  4.9968  2.9389 -14.6114
X  0.9713 -0.2353  0.0354
Y  0.0029  0.1605  0.9870
Z -0.2379 -0.9586  0.1565

PART 4
OFFSET  13.2580  0.9378 -14.3102
X  0.9713 -0.2353  0.0354
Y  0.2367  0.9706 -0.0445
Z -0.0239  0.0516  0.9984

PART 5
OFFSET  15.0349  2.1881 -15.3120
X  0.9719 -0.2337  0.0291
Y  0.2352  0.9568 -0.1709
Z  0.0120  0.1729  0.9849

PART 6
OFFSET  14.0656 -0.2022 -15.3992
X  0.9719 -0.2337  0.0291
Y  0.2352  0.9568 -0.1709
Z  0.0120  0.1729  0.9849

PART 7
OFFSET  15.4601  2.0600 -13.0341
X  0.9719 -0.2337  0.0291
Y  0.2352  0.9568 -0.1709
Z  0.0120  0.1729  0.9849

PART 8
OFFSET  14.9890  0.5747 -12.8199
X  0.9719 -0.2337  0.0291
Y  0.2352  0.9568 -0.1709
Z  0.0120  0.1729  0.9849

PART 9
OFFSET  14.3439 -0.5219 -13.1815
X  0.9719 -0.2337  0.0291
Y  0.2352  0.9568 -0.1709
Z  0.0120  0.1729  0.9849

PART 10
OFFSET  16.2356  0.2165 -14.2016
X  0.8547  0.4909 -0.1688
Y -0.4857  0.8710  0.0735
Z  0.1831  0.0191  0.9829

PART 11
OFFSET  16.2265  1.2858 -13.8030
X  0.6769  0.7333 -0.0641
Y -0.6971  0.6106 -0.3759
Z -0.2365  0.2991  0.9245

PART 12
OFFSET  17.6045  2.9458 -13.9274
X  0.9171  0.3391 -0.2096
Y -0.3769  0.9090 -0.1783
Z  0.1300  0.2425  0.9614

PART 13
OFFSET  19.1220  3.4662 -14.1474
X  0.6655  0.7362 -0.1230
Y -0.7368  0.6215 -0.2663
Z -0.1196  0.2679  0.9560

PART 14
OFFSET  19.8237  4.2851 -14.2412
X  0.4163  0.4995 -0.7598
Y -0.0729 -0.8146 -0.5754
Z -0.9063  0.2949 -0.3027

PART 15
OFFSET  17.5160 -0.2968 -14.2245
X  0.9989  0.0474 -0.0003
Y  0.0021 -0.0375  0.9993
Z  0.0473 -0.9982 -0.0375

PART 16
OFFSET  19.7537 -0.0496 -14.0973
X -0.0213  0.4652  0.8849
Y -0.9924  0.0977 -0.0752
Z -0.1214 -0.8798  0.4596

PART 17
OFFSET  19.7236  0.6091 -12.8444
X -0.5561  0.4682  0.6867
Y -0.8253 -0.2139 -0.5225
Z -0.0978 -0.8574  0.5054

PART 18
OFFSET  19.2305  1.0242 -12.2356
X -0.7765  0.3924  0.4929
Y -0.6125 -0.2869 -0.7366
Z -0.1477 -0.8739  0.4631

PART 19
OFFSET  18.4928  1.3970 -11.7673
X  0.9998  0.0063  0.0184
Y  0.0186 -0.5795 -0.8147
Z  0.0056  0.8149 -0.5795

PART 20
OFFSET  17.3556  0.3873 -14.3501
X  0.9637  0.1998 -0.1773
Y  0.1867 -0.0292  0.9820
Z  0.1910 -0.9794 -0.0654

PART 21
OFFSET  19.9050  0.8566 -14.5466
X  0.3621  0.1856  0.9135
Y -0.9026  0.3147  0.2938
Z -0.2329 -0.9309  0.2814

PART 22
OFFSET  20.5214  1.1725 -12.9914
X -0.6033  0.3707  0.7061
Y -0.7681 -0.0320 -0.6395
Z -0.2145 -0.9282  0.3040

PART 23
OFFSET  19.6852  1.6863 -12.0128
X -0.8385  0.3299  0.4336
Y -0.5021 -0.1590 -0.8500
Z -0.2115 -0.9305  0.2990

PART 24
OFFSET  18.7758  2.0441 -11.5425
X  0.9634 -0.2253  0.1450
Y  0.0788 -0.2792 -0.9570
Z  0.2561  0.9334 -0.2513

PART 25
OFFSET  18.1974  3.1230 -14.0784
X  0.9491  0.2987  0.1003
Y  0.0543  0.1584 -0.9859
Z -0.3104  0.9411  0.1341

PART 26
OFFSET  19.1317  2.7791 -15.1691
X  0.9455 -0.0737  0.3172
Y -0.3103  0.0924  0.9461
Z -0.0991 -0.9930  0.0645

PART 27
OFFSET  20.7963  2.6493 -14.6106
X  0.2329 -0.0588  0.9707
Y -0.9675  0.0869  0.2374
Z -0.0984 -0.9945 -0.0367

PART 28
OFFSET  21.0854  2.6382 -13.4282
X -0.4988  0.1178  0.8587
Y -0.8621  0.0345 -0.5056
Z -0.0892 -0.9924  0.0844

PART 29
OFFSET  20.5220  2.7713 -12.4584
X  0.9155 -0.3487  0.2006
Y  0.2254  0.0317 -0.9737
Z  0.3332  0.9367  0.1077

PART 30
OFFSET  19.6003  1.7853 -15.0546
X  0.6440  0.0987  0.7586
Y -0.7622  0.1676  0.6253
Z -0.0654 -0.9809  0.1832

PART 31
OFFSET  20.8584  1.9781 -13.5726
X -0.3389  0.1898  0.9215
Y -0.9343  0.0470 -0.3533
Z -0.1104 -0.9807  0.1614

PART 32
OFFSET  20.3634  2.2554 -12.2267
X -0.8329  0.1858  0.5213
Y -0.5344 -0.0257 -0.8448
Z -0.1436 -0.9822  0.1207

PART 33
OFFSET  19.4194  2.4589 -11.6348
X  0.9892 -0.0633  0.1322
Y  0.1161 -0.2121 -0.9703
Z  0.0894  0.9752 -0.2025

PART 34
OFFSET  19.0937  1.1072 -13.2010
X  0.1505 -0.9886 -0.0088
Y -0.1831 -0.0191 -0.9829
Z  0.9715  0.1496 -0.1839

PART 35
OFFSET  10.3232 -2.3257 -6.9893
X  0.7427  0.5400 -0.3960
Y -0.6575  0.4759 -0.5841
Z -0.1269  0.6942  0.7085

PART 36
OFFSET  10.3232 -2.3257 -6.9893
X  0.7427  0.5400 -0.3960
Y -0.6575  0.4759 -0.5841
Z -0.1269  0.6942  0.7085

PART 37
OFFSET  14.1457  2.0391 -7.2538
X  0.7399  0.5541 -0.3815
Y -0.6575  0.4759 -0.5841
Z -0.1421  0.6830  0.7165

PART 38
OFFSET  17.4858  0.9794 -12.3583
X  0.7427  0.5400 -0.3960
Y -0.6575  0.4759 -0.5841
Z -0.1269  0.6942  0.7085

PART 39
OFFSET  21.3311  4.8431 -12.9627
X  0.4940  0.4990 -0.7121
Y  0.4721 -0.8416 -0.2623
Z -0.7302 -0.2066 -0.6513

PART 40
OFFSET  0.9771 -10.2069 -2.9142
X  0.6290  0.7735 -0.0779
Y -0.6575  0.4759 -0.5841
Z -0.4147  0.4186  0.8079

PART 41
OFFSET  25.2640  5.0177 -17.8240
X  0.6575 -0.4759  0.5841
Y  0.7427  0.5400 -0.3960
Z -0.1269  0.6942  0.7085

PART 42
OFFSET  13.4058  0.1495 -8.4684
X  0.7427  0.5400 -0.3960
Y -0.6575  0.4759 -0.5841
Z -0.1269  0.6942  0.7085

PART 43
OFFSET  27.7143  11.1689 -15.5986
X  0.7427  0.5400 -0.3960
Y -0.6575  0.4759 -0.5841
Z -0.1269  0.6942  0.7085

PART 44
OFFSET -10.8444 -11.7139 -5.9426
X -0.9281  0.3530 -0.1181
Y -0.2303 -0.2953  0.9272
Z  0.2924  0.8878  0.3554

PART 45
OFFSET  0.3803 -15.9829 -4.5137
X -0.6775 -0.7267  0.1134
Y  0.7339 -0.6576  0.1702
Z -0.0491  0.1985  0.9789

PART 46
OFFSET  6.1428 -9.8019 -5.4782
X -0.6775 -0.7267  0.1134
Y  0.4837 -0.5563 -0.6757
Z  0.5541 -0.4029  0.7284

PART 47
OFFSET  6.6769 -8.5469 -6.9289
X -0.6817 -0.7234  0.1094
Y  0.0403 -0.1865 -0.9816
Z  0.7305 -0.6647  0.1563

PART 48
OFFSET  6.2260 -7.5228 -6.4433
X -0.6817 -0.7234  0.1094
Y  0.0403 -0.1865 -0.9816
Z  0.7305 -0.6647  0.1563

PART 49
OFFSET  6.3310 -7.2755 -5.1014
X -0.6817 -0.7234  0.1094
Y  0.0403 -0.1865 -0.9816
Z  0.7305 -0.6647  0.1563

PART 50
OFFSET  8.2199 -7.5740 -5.8258
X -0.5824 -0.7649  0.2752
Y  0.4479 -0.5845 -0.6766
Z  0.6784 -0.2708  0.6830

PART 51
OFFSET  7.7711 -6.5547 -5.5771
X  0.1442 -0.9667  0.2113
Y  0.3959 -0.1393 -0.9077
Z  0.9069  0.2145  0.3627

PART 52
OFFSET  7.3699 -4.4666 -5.9626
X -0.4735 -0.4783  0.7396
Y  0.3794 -0.8686 -0.3188
Z  0.7949  0.1297  0.5927

PART 53
OFFSET  8.0679 -3.7608 -7.2421
X -0.4895  0.2886  0.8228
Y -0.0242 -0.9478  0.3180
Z  0.8717  0.1358  0.4709

PART 54
OFFSET  8.5578 -4.0630 -8.1588
X -0.9262 -0.0695  0.3705
Y -0.3722  0.0138 -0.9280
Z  0.0594 -0.9975 -0.0387

PART 55
OFFSET  9.0552 -7.4978 -6.9212
X -0.5445 -0.4718  0.6935
Y  0.8187 -0.1189  0.5618
Z -0.1826  0.8736  0.4510

PART 56
OFFSET  10.1516 -6.2959 -8.4825
X  0.5646 -0.4824  0.6697
Y  0.8212  0.2470 -0.5144
Z  0.0827  0.8404  0.5356

PART 57
OFFSET  9.3522 -5.6129 -9.4307
X  0.9925 -0.0258 -0.1193
Y -0.0815  0.5875 -0.8051
Z  0.0909  0.8088  0.5810

PART 58
OFFSET  8.4722 -5.5901 -9.3250
X  0.5130  0.4200 -0.7486
Y -0.8550  0.3275 -0.4022
Z  0.0763  0.8464  0.5271

PART 59
OFFSET  7.9848 -5.9891 -8.6137
X  0.1333 -0.6492  0.7489
Y -0.9660  0.0840  0.2447
Z -0.2217 -0.7560 -0.6159

PART 60
OFFSET  8.9804 -6.9790 -6.4367
X -0.5642 -0.6124  0.5537
Y  0.7675 -0.1419  0.6251
Z -0.3042  0.7777  0.5501

PART 61
OFFSET  10.5068 -5.5082 -7.9417
X  0.5187 -0.4084  0.7511
Y  0.8546  0.2220 -0.4695
Z  0.0250  0.8854  0.4642

PART 62
OFFSET  9.6237 -4.8129 -9.2205
X  0.9545  0.1185 -0.2736
Y -0.2965  0.4743 -0.8289
Z  0.0315  0.8723  0.4879

PART 63
OFFSET  8.3009 -4.9771 -8.8413
X  0.3533  0.4505 -0.8199
Y -0.9352  0.1942 -0.2963
Z  0.0257  0.8714  0.4899

PART 64
OFFSET  7.9177 -5.4657 -7.9521
X  0.2460 -0.4372  0.8651
Y -0.9689 -0.1367  0.2064
Z  0.0280 -0.8889 -0.4572

PART 65
OFFSET  5.7807 -10.4083 -3.7423
X -0.4460 -0.6819  0.5797
Y -0.8003  0.0138 -0.5995
Z  0.4008 -0.7313 -0.5519

PART 66
OFFSET  10.4036 -4.2534 -6.1339
X -0.7027 -0.6514  0.2861
Y  0.6395 -0.4020  0.6553
Z -0.3118  0.6434  0.6991

PART 67
OFFSET  11.6408 -3.1065 -6.6377
X  0.3254 -0.5762  0.7497
Y  0.8813  0.4722 -0.0196
Z -0.3427  0.6671  0.6614

PART 68
OFFSET  11.2244 -2.3655 -7.5090
X  0.6783 -0.3819  0.6278
Y  0.6702  0.6717 -0.3155
Z -0.3012  0.6348  0.7116

PART 69
OFFSET  10.4582 -1.9342 -8.2181
X -0.9106 -0.3035  0.2806
Y -0.4001  0.4768 -0.7827
Z  0.1038 -0.8249 -0.5556

PART 70
OFFSET  10.7057 -4.9205 -6.9611
X  0.3961 -0.4403  0.8058
Y  0.9048  0.3363 -0.2610
Z -0.1561  0.8325  0.5316

PART 71
OFFSET  9.9319 -4.0604 -8.5352
X  0.9836  0.1806 -0.0020
Y -0.0911  0.4865 -0.8689
Z -0.1559  0.8548  0.4949

PART 72
OFFSET  8.4953 -4.3242 -8.5323
X  0.4356  0.4828 -0.7597
Y -0.8806  0.0536 -0.4708
Z -0.1866  0.8741  0.4485

PART 73
OFFSET  8.0027 -4.8771 -7.6754
X  0.2404 -0.4603  0.8546
Y -0.9655 -0.2038  0.1618
Z  0.0997 -0.8640 -0.4935

PART 74
OFFSET  0.0000 -0.0000 -0.0000
X  1.0000 -0.0000  0.0000
Y  0.0000  1.0000  0.0000
Z  0.0000 -0.0000  1.0000

PART 75
OFFSET  0.0000 -0.0000 -0.0000
X  1.0000 -0.0000  0.0000
Y  0.0000  1.0000  0.0000
Z  0.0000 -0.0000  1.0000

PART 76
OFFSET  1.5404 -0.0000  4.1357
X  1.0000 -0.0000  0.0000
Y  0.0000  1.0000  0.0000
Z  0.0000 -0.0000  1.0000


FRAME 2012
PART 0
OFFSET  0.0000 -0.0000 -0.0000
X  1.0000 -0.0000  0.0000
Y  0.0000  1.0000  0.0000
Z  0.0000 -0.0000  1.0000

PART 1
OFFSET -4.6318 -0.0000 -1.3770
X  1.0000 -0.0000  0.0000
Y  0.0000  1.0000  0.0000
Z  0.0000 -0.0000  1.0000

PART 2
OFFSET -3.5060  6.3408 -6.7125
X  0.7145 -0.2896 -0.6369
Y  0.1125 -0.8509  0.5131
Z -0.6905 -0.4382 -0.5754

PART 3
OFFSET  5.1350  2.8385 -14.4150
X  0.9669 -0.2525  0.0361
Y  0.0029  0.1524  0.9883
Z -0.2550 -0.9555  0.1481

PART 4
OFFSET  13.3591  0.6909 -14.1084
X  0.9669 -0.2525  0.0361
Y  0.2539  0.9663 -0.0417
Z -0.0243  0.0495  0.9985

PART 5
OFFSET  15.1604  1.9180 -15.0953
X  0.9676 -0.2508  0.0298
Y  0.2523  0.9539 -0.1625
Z  0.0123  0.1647  0.9863

PART 6
OFFSET  14.1498 -0.4542 -15.2045
X  0.9676 -0.2508  0.0298
Y  0.2523  0.9539 -0.1625
Z  0.0123  0.1647  0.9863

PART 7
OFFSET  15.5770  1.7641 -12.8174
X  0.9676 -0.2508  0.0298
Y  0.2523  0.9539 -0.1625
Z  0.0123  0.1647  0.9863

PART 8
OFFSET  15.0794  0.2856 -12.6165
X  0.9676 -0.2508  0.0298
Y  0.2523  0.9539 -0.1625
Z  0.0123  0.1647  0.9863

PART 9
OFFSET  14.4163 -0.7966 -12.9887
X  0.9676 -0.2508  0.0298
Y  0.2523  0.9539 -0.1625
Z  0.0123  0.1647  0.9863

PART 10
OFFSET  16.3234 -0.0831 -13.9978
X  0.8373  0.5252 -0.1519
Y -0.5203  0.8508  0.0736
Z  0.1679  0.0174  0.9856

PART 11
OFFSET  16.2669  0.9813 -13.5904
X  0.6493  0.7589 -0.0499
Y -0.7144  0.5861 -0.3823
Z -0.2609  0.2839  0.9227

PART 12
OFFSET  17.5822  2.6932 -13.6850
X  0.9055  0.3770 -0.1948
Y -0.4106  0.8942 -0.1782
Z  0.1070  0.2414  0.9645

PART 13
OFFSET  19.0805  3.2755 -13.8808
X  0.6318  0.7671 -0.1113
Y -0.7617  0.5879 -0.2722
Z -0.1434  0.2567  0.9558

PART 14
OFFSET  19.7443  4.1267 -13.9620
X  0.4016  0.5225 -0.7522
Y -0.0280 -0.8139 -0.5803
Z -0.9154  0.2541 -0.3122

PART 15
OFFSET  17.6230 -0.5461 -14.0060
X  0.9962  0.0863  0.0153
Y -0.0112 -0.0474  0.9988
Z  0.0869 -0.9951 -0.0463

PART 16
OFFSET  19.8472 -0.2131 -13.8425
X -0.0544  0.4562  0.8882
Y -0.9940  0.0601 -0.0918
Z -0.0953 -0.8878  0.4502

PART 17
OFFSET  19.7701  0.4328 -12.5850
X -0.5820  0.4414  0.6829
Y -0.8099 -0.2389 -0.5358
Z -0.0733 -0.8649  0.4965

PART 18
OFFSET  19.2541  0.8242 -11.9795
X -0.7964  0.3598  0.4862
Y -0.5924 -0.3018 -0.7470
Z -0.1220 -0.8829  0.4535

PART 19
OFFSET  18.4975  1.1660 -11.5176
X  0.9986  0.0420  0.0315
Y  0.0498 -0.5710 -0.8195
Z -0.0164  0.8199 -0.5723

PART 20
OFFSET  17.4379  0.1324 -14.1281
X  0.9576  0.2387 -0.1613
Y  0.1734 -0.0307  0.9844
Z  0.2300 -0.9706 -0.0708

PART 21
OFFSET  19.9697  0.7023 -14.2821
X  0.3403  0.1907  0.9208
Y -0.9184  0.2775  0.2820
Z -0.2018 -0.9416  0.2696

PART 22
OFFSET  20.5491  1.0269 -12.7145
X -0.6264  0.3412  0.7009
Y -0.7575 -0.0543 -0.6505
Z -0.1839 -0.9384  0.2925

PART 23
OFFSET  19.6810  1.4997 -11.7431
X -0.8547  0.2948  0.4273
Y -0.4867 -0.1685 -0.8572
Z -0.1807 -0.9406  0.2874

PART 24
OFFSET  18.7540  1.8194 -11.2796
X  0.9694 -0.1916  0.1537
Y  0.0993 -0.2664 -0.9587
Z  0.2246  0.9446 -0.2392

PART 25
OFFSET  18.1683  2.8962 -13.8209
X  0.9351  0.3345  0.1169
Y  0.0624  0.1692 -0.9836
Z -0.3488  0.9271  0.1374

PART 26
OFFSET  19.1311  2.5987 -14.9006
X  0.9423 -0.0406  0.3323
Y -0.3289  0.0729  0.9415
Z -0.0625 -0.9965  0.0553

PART 27
OFFSET  20.7901  2.5271 -14.3154
X  0.2162 -0.0578  0.9746
Y -0.9745  0.0485  0.2191
Z -0.0600 -0.9971 -0.0458

PART 28
OFFSET  21.0566  2.5175 -13.1278
X -0.5212  0.0921  0.8485
Y -0.8518  0.0059 -0.5238
Z -0.0532 -0.9957  0.0754

PART 29
OFFSET  20.4679  2.6215 -12.1694
X  0.9236 -0.3154  0.2179
Y  0.2448  0.0479 -0.9684
Z  0.2950  0.9478  0.1214

PART 30
OFFSET  19.6364  1.6228 -14.7874
X  0.6285  0.1169  0.7690
Y -0.7773  0.1324  0.6151
Z -0.0299 -0.9843  0.1740

PART 31
OFFSET  20.8641  1.8512 -13.2851
X -0.3570  0.1684  0.9188
Y -0.9311  0.0143 -0.3644
Z -0.0745 -0.9856  0.1516

PART 32
OFFSET  20.3427  2.0971 -11.9431
X -0.8450  0.1491  0.5135
Y -0.5239 -0.0384 -0.8509
Z -0.1071 -0.9881  0.1105

PART 33
OFFSET  19.3852  2.2589 -11.3601
X  0.9894 -0.0266  0.1427
Y  0.1346 -0.1986 -0.9708
Z  0.0542  0.9797 -0.1929

PART 34
OFFSET  19.1298  0.9089 -12.9474
X  0.1891 -0.9818 -0.0149
Y -0.1679 -0.0174 -0.9856
Z  0.9675  0.1889 -0.1682

PART 35
OFFSET  10.4105 -2.9181 -6.8958
X  0.7267  0.5720 -0.3804
Y -0.6670  0.4552 -0.5898
Z -0.1642  0.6823  0.7124

PART 36
OFFSET  10.4105 -2.9181 -6.8958
X  0.7267  0.5720 -0.3804
Y -0.6670  0.4552 -0.5898
Z -0.1642  0.6823  0.7124

PART 37
OFFSET  14.0633  1.5942 -7.0667
X  0.7232  0.5858 -0.3658
Y -0.6670  0.4552 -0.5898
Z -0.1790  0.6705  0.7200

PART 38
OFFSET  17.5160  0.7112 -12.1297
X  0.7267  0.5720 -0.3804
Y -0.6670  0.4552 -0.5898
Z -0.1642  0.6823  0.7124

PART 39
OFFSET  21.2160  4.7267 -12.6444
X  0.4844  0.5242 -0.7004
Y  0.5083 -0.8202 -0.2623
Z -0.7120 -0.2290 -0.6638

PART 40
OFFSET  1.3208 -11.1930 -3.0266
X  0.5994  0.7980 -0.0620
Y -0.6670  0.4552 -0.5898
Z -0.4424  0.3949  0.8052

PART 41
OFFSET  25.2093  5.0978 -17.4450
X  0.6670 -0.4552  0.5898
Y  0.7267  0.5720 -0.3804
Z -0.1642  0.6823  0.7124

PART 42
OFFSET  13.4154 -0.3117 -8.3080
X  0.7267  0.5720 -0.3804
Y -0.6670  0.4552 -0.5898
Z -0.1642  0.6823  0.7124

PART 43
OFFSET  27.3852  11.3193 -15.1318
X  0.7267  0.5720 -0.3804
Y -0.6670  0.4552 -0.5898
Z -0.1642  0.6823  0.7124

PART 44
OFFSET -10.8444 -11.7139 -5.9426
X -0.9182  0.3768 -0.1221
Y -0.2386 -0.2803  0.9298
Z  0.3161  0.8829  0.3472

PART 45
OFFSET  0.2606 -16.2702 -4.4660
X -0.7118 -0.6927  0.1160
Y  0.7010 -0.6903  0.1793
Z -0.0442  0.2089  0.9769

PART 46
OFFSET  6.3147 -10.3782 -5.4524
X -0.7118 -0.6927  0.1160
Y  0.4702 -0.5926 -0.6540
Z  0.5218 -0.4110  0.7475

PART 47
OFFSET  6.9146 -9.1623 -6.9107
X -0.7158 -0.6893  0.1120
Y  0.0360 -0.1966 -0.9798
Z  0.6974 -0.6973  0.1655

PART 48
OFFSET  6.5105 -8.1139 -6.4359
X -0.7158 -0.6893  0.1120
Y  0.0360 -0.1966 -0.9798
Z  0.6974 -0.6973  0.1655

PART 49
OFFSET  6.6209 -7.8604 -5.0956
X -0.7158 -0.6893  0.1120
Y  0.0360 -0.1966 -0.9798
Z  0.6974 -0.6973  0.1655

PART 50
OFFSET  8.4968 -8.2544 -5.8079
X -0.5561 -0.7894  0.2600
Y  0.4801 -0.5605 -0.6748
Z  0.6784 -0.2504  0.6907

PART 51
OFFSET  8.0051 -7.2556 -5.5574
X  0.1787 -0.9622  0.2053
Y  0.4142 -0.1156 -0.9028
Z  0.8925  0.2464  0.3779

PART 52
OFFSET  7.5284 -5.1813 -5.9312
X -0.4652 -0.5030  0.7285
Y  0.4176 -0.8503 -0.3204
Z  0.7805  0.1552  0.6056

PART 53
OFFSET  8.2168 -4.4375 -7.1941
X -0.5123  0.2619  0.8179
Y  0.0082 -0.9508  0.3097
Z  0.8588  0.1654  0.4850

PART 54
OFFSET  8.7314 -4.7121 -8.1060
X -0.9281 -0.1088  0.3560
Y -0.3589  0.0077 -0.9333
Z  0.0988 -0.9940 -0.0462

PART 55
OFFSET  9.3444 -8.1360 -6.8901
X -0.5357 -0.4989  0.6813
Y  0.8144 -0.0920  0.5729
Z -0.2231  0.8618  0.4556

PART 56
OFFSET  10.4156 -6.8783 -8.4248
X  0.5732 -0.4660  0.6740
Y  0.8183  0.2834 -0.5000
Z  0.0420  0.8382  0.5438

PART 57
OFFSET  9.6041 -6.2185 -9.3790
X  0.9944  0.0139 -0.1047
Y -0.0926  0.5911 -0.8012
Z  0.0508  0.8065  0.5891

PART 58
OFFSET  8.7224 -6.2308 -9.2861
X  0.5071  0.4463 -0.7374
Y -0.8612  0.2976 -0.4121
Z  0.0355  0.8439  0.5352

PART 59
OFFSET  8.2407 -6.6548 -8.5856
X  0.1476 -0.6502  0.7453
Y -0.9719  0.0441  0.2310
Z -0.1831 -0.7585 -0.6255

PART 60
OFFSET  9.2424 -7.6248 -6.4024
X -0.5479 -0.6388  0.5401
Y  0.7633 -0.1176  0.6352
Z -0.3423  0.7603  0.5521

PART 61
OFFSET  10.7320 -6.0823 -7.8722
X  0.5233 -0.3947  0.7553
Y  0.8520  0.2593 -0.4548
Z -0.0163  0.8815  0.4719

PART 62
OFFSET  9.8411 -5.4104 -9.1580
X  0.9530  0.1580 -0.2584
Y -0.3027  0.4699 -0.8292
Z -0.0096  0.8685  0.4956

PART 63
OFFSET  8.5203 -5.6294 -8.8000
X  0.3473  0.4713 -0.8107
Y -0.9376  0.1603 -0.3085
Z -0.0154  0.8673  0.4976

PART 64
OFFSET  8.1436 -6.1405 -7.9207
X  0.2503 -0.4350  0.8649
Y -0.9657 -0.1761  0.1908
Z  0.0693 -0.8830 -0.4642

PART 65
OFFSET  6.1401 -11.2001 -3.7848
X -0.4274 -0.7040  0.5672
Y -0.7914 -0.0119 -0.6112
Z  0.4370 -0.7101 -0.5520

PART 66
OFFSET  10.5536 -4.8488 -6.0556
X -0.6808 -0.6808  0.2702
Y  0.6451 -0.3827  0.6613
Z -0.3468  0.6245  0.6998

PART 67
OFFSET  11.7523 -3.6501 -6.5313
X  0.3367 -0.5698  0.7496
Y  0.8624  0.5062 -0.0026
Z -0.3780  0.6473  0.6619

PART 68
OFFSET  11.3200 -2.9181 -7.4024
X  0.6835 -0.3608  0.6346
Y  0.6480  0.7001 -0.2999
Z -0.3361  0.6162  0.7123

PART 69
OFFSET  10.5480 -2.5105 -8.1191
X -0.9020 -0.3412  0.2645
Y -0.4070  0.4679 -0.7845
Z  0.1439 -0.8153 -0.5609

PART 70
OFFSET  10.8935 -5.4961 -6.8838
X  0.4012 -0.4317  0.8078
Y  0.8947  0.3736 -0.2447
Z -0.1962  0.8210  0.5362

PART 71
OFFSET  10.1097 -4.6527 -8.4620
X  0.9757  0.2187  0.0141
Y -0.0974  0.4903 -0.8661
Z -0.1963  0.8436  0.4997

PART 72
OFFSET  8.6846 -4.9722 -8.4826
X  0.4274  0.5062 -0.7491
Y -0.8751  0.0236 -0.4834
Z -0.2270  0.8621  0.4530

PART 73
OFFSET  8.2015 -5.5515 -7.6378
X  0.2457 -0.4583  0.8542
Y -0.9591 -0.2426  0.1457
Z  0.1405 -0.8550 -0.4992

PART 74
OFFSET  0.0000 -0.0000 -0.0000
X  1.0000 -0.0000  0.0000
Y  0.0000  1.0000  0.0000
Z  0.0000 -0.0000  1.0000

PART 75
OFFSET  0.0000 -0.0000 -0.0000
X  1.0000 -0.0000  0.0000
Y  0.0000  1.0000  0.0000
Z  0.0000 -0.0000  1.0000

PART 76
OFFSET  1.5404 -0.0000  4.1357
X  1.0000 -0.0000  0.0000
Y  0.0000  1.0000  0.0000
Z  0.0000 -0.0000  1.0000


FRAME 2013
PART 0
OFFSET  0.0000 -0.0000 -0.0000
X  1.0000 -0.0000  0.0000
Y  0.0000  1.0000  0.0000
Z  0.0000 -0.0000  1.0000

PART 1
OFFSET -4.6318 -0.0000 -1.3770
X  1.0000 -0.0000  0.0000
Y  0.0000  1.0000  0.0000
Z  0.0000 -0.0000  1.0000

PART 2
OFFSET -3.5060  6.3408 -6.7125
X  0.7214 -0.3000 -0.6241
Y  0.0856 -0.8557  0.5103
Z -0.6872 -0.4216 -0.5917

PART 3
OFFSET  5.2190  2.7125 -14.2605
X  0.9610 -0.2735  0.0400
Y -0.0005  0.1432  0.9897
Z -0.2764 -0.9512  0.1375

PART 4
OFFSET  13.3930  0.3862 -13.9199
X  0.9610 -0.2735  0.0400
Y  0.2747  0.9611 -0.0293
Z -0.0305  0.0392  0.9988

PART 5
OFFSET  15.2267  1.5834 -14.8834
X  0.9618 -0.2718  0.0338
Y  0.2737  0.9497 -0.1518
Z  0.0091  0.1553  0.9878

PART 6
OFFSET  14.1664 -0.7655 -15.0215
X  0.9618 -0.2718  0.0338
Y  0.2737  0.9497 -0.1518
Z  0.0091  0.1553  0.9878

PART 7
OFFSET  15.6245  1.3996 -12.6043
X  0.9618 -0.2718  0.0338
Y  0.2737  0.9497 -0.1518
Z  0.0091  0.1553  0.9878

PART 8
OFFSET  15.0940 -0.0697 -12.4206
X  0.9618 -0.2718  0.0338
Y  0.2737  0.9497 -0.1518
Z  0.0091  0.1553  0.9878

PART 9
OFFSET  14.4105 -1.1339 -12.8073
X  0.9618 -0.2718  0.0338
Y  0.2737  0.9497 -0.1518
Z  0.0091  0.1553  0.9878

PART 10
OFFSET  16.3392 -0.4523 -13.7971
X  0.8398  0.5241 -0.1418
Y -0.5171  0.8517  0.0851
Z  0.1653  0.0018  0.9862

PART 11
OFFSET  16.2859  0.6062 -13.3738
X  0.6533  0.7561 -0.0389
Y -0.7105  0.5944 -0.3767
Z -0.2617  0.2737  0.9255

PART 12
OFFSET  17.6101  2.3124 -13.4439
X  0.9069  0.3768 -0.1885
Y -0.4078  0.8975 -0.1679
Z  0.1059  0.2291  0.9676

PART 13
OFFSET  19.1103  2.8928 -13.6297
X  0.6288  0.7707 -0.1025
Y -0.7640  0.5880 -0.2656
Z -0.1445  0.2453  0.9586

PART 14
OFFSET  19.7708  3.7476 -13.7012
X  0.3996  0.5326 -0.7461
Y -0.0248 -0.8074 -0.5895
Z -0.9164  0.2540 -0.3094

PART 15
OFFSET  17.6370 -0.9204 -13.8088
X  0.9964  0.0821  0.0195
Y -0.0143 -0.0635  0.9979
Z  0.0832 -0.9946 -0.0621

PART 16
OFFSET  19.8619 -0.5987 -13.6335
X -0.0573  0.4432  0.8946
Y -0.9932  0.0660 -0.0963
Z -0.1017 -0.8940  0.4363

PART 17
OFFSET  19.7809  0.0287 -12.3669
X -0.5802  0.4348  0.6887
Y -0.8106 -0.2253 -0.5406
Z -0.0799 -0.8719  0.4832

PART 18
OFFSET  19.2665  0.4142 -11.7563
X -0.7941  0.3580  0.4912
Y -0.5940 -0.2860 -0.7519
Z -0.1287 -0.8888  0.4398

PART 19
OFFSET  18.5121  0.7543 -11.2897
X  0.9989  0.0343  0.0327
Y  0.0463 -0.5586 -0.8281
Z -0.0101  0.8287 -0.5596

PART 20
OFFSET  17.4550 -0.2394 -13.9212
X  0.9590  0.2372 -0.1551
Y  0.1706 -0.0463  0.9842
Z  0.2263 -0.9704 -0.0848

PART 21
OFFSET  19.9895  0.3226 -14.0591
X  0.3376  0.1747  0.9249
Y -0.9181  0.2779  0.2826
Z -0.2076 -0.9446  0.2542

PART 22
OFFSET  20.5642  0.6201 -12.4844
X -0.6257  0.3336  0.7051
Y -0.7566 -0.0397 -0.6526
Z -0.1898 -0.9419  0.2773

PART 23
OFFSET  19.6971  1.0825 -11.5072
X -0.8523  0.2934  0.4331
Y -0.4887 -0.1512 -0.8593
Z -0.1866 -0.9440  0.2722

PART 24
OFFSET  18.7728  1.4007 -11.0375
X  0.9682 -0.2005  0.1494
Y  0.0966 -0.2513 -0.9631
Z  0.2306  0.9469 -0.2240

PART 25
OFFSET  18.1957  2.5165 -13.5704
X  0.9361  0.3289  0.1244
Y  0.0658  0.1838 -0.9808
Z -0.3454  0.9263  0.1504

PART 26
OFFSET  19.1601  2.2314 -14.6518
X  0.9405 -0.0505  0.3359
Y -0.3328  0.0613  0.9410
Z -0.0681 -0.9968  0.0409

PART 27
OFFSET  20.8161  2.1426 -14.0604
X  0.2085 -0.0726  0.9753
Y -0.9759  0.0508  0.2124
Z -0.0649 -0.9961 -0.0603

PART 28
OFFSET  21.0735  2.1148 -12.8710
X -0.5289  0.0831  0.8446
Y -0.8466  0.0177 -0.5319
Z -0.0591 -0.9964  0.0610

PART 29
OFFSET  20.4760  2.2087 -11.9171
X  0.9198 -0.3233  0.2224
Y  0.2545  0.0601 -0.9652
Z  0.2987  0.9444  0.1375

PART 30
OFFSET  19.6612  1.2519 -14.5521
X  0.6267  0.1027  0.7724
Y -0.7785  0.1264  0.6148
Z -0.0345 -0.9866  0.1592

PART 31
OFFSET  20.8855  1.4526 -13.0431
X -0.3563  0.1560  0.9213
Y -0.9310  0.0241 -0.3642
Z -0.0791 -0.9875  0.1367

PART 32
OFFSET  20.3651  1.6805 -11.6975
X -0.8438  0.1452  0.5167
Y -0.5250 -0.0229 -0.8508
Z -0.1117 -0.9891  0.0955

PART 33
OFFSET  19.4091  1.8380 -11.1110
X  0.9894 -0.0335  0.1411
Y  0.1326 -0.1844 -0.9739
Z  0.0586  0.9823 -0.1780

PART 34
OFFSET  19.1467  0.5124 -12.7244
X  0.1852 -0.9823 -0.0292
Y -0.1653 -0.0018 -0.9862
Z  0.9687  0.1875 -0.1627

PART 35
OFFSET  10.3958 -3.3699 -6.7543
X  0.7300  0.5747 -0.3698
Y -0.6636  0.4668 -0.5846
Z -0.1634  0.6722  0.7221

PART 36
OFFSET  10.3958 -3.3699 -6.7543
X  0.7300  0.5747 -0.3698
Y -0.6636  0.4668 -0.5846
Z -0.1634  0.6722  0.7221

PART 37
OFFSET  14.0672  1.1296 -6.8474
X  0.7265  0.5883 -0.3550
Y -0.6636  0.4668 -0.5846
Z -0.1782  0.6603  0.7296

PART 38
OFFSET  17.5300  0.3089 -11.9141
X  0.7300  0.5747 -0.3698
Y -0.6636  0.4668 -0.5846
Z -0.1634  0.6722  0.7221

PART 39
OFFSET  21.2475  4.3167 -12.3583
X  0.4884  0.5327 -0.6911
Y  0.5057 -0.8183 -0.2733
Z -0.7111 -0.2160 -0.6690

PART 40
OFFSET  1.2622 -11.6651 -3.0345
X  0.6028  0.7964 -0.0484
Y -0.6636  0.4668 -0.5846
Z -0.4430  0.3845  0.8099

PART 41
OFFSET  25.2553  4.7438 -17.1422
X  0.6636 -0.4668  0.5846
Y  0.7300  0.5747 -0.3698
Z -0.1634  0.6722  0.7221

PART 42
OFFSET  13.4150 -0.7547 -8.1191
X  0.7300  0.5747 -0.3698
Y -0.6636  0.4668 -0.5846
Z -0.1634  0.6722  0.7221

PART 43
OFFSET  27.4500  10.9208 -14.7295
X  0.7300  0.5747 -0.3698
Y -0.6636  0.4668 -0.5846
Z -0.1634  0.6722  0.7221

PART 44
OFFSET -10.8444 -11.7139 -5.9426
X -0.9055  0.4047 -0.1275
Y -0.2519 -0.2708  0.9291
Z  0.3415  0.8734  0.3472

PART 45
OFFSET  0.1066 -16.6087 -4.4006
X -0.7217 -0.6823  0.1168
Y  0.6909 -0.6996  0.1822
Z -0.0426  0.2122  0.9763

PART 46
OFFSET  6.2451 -10.8058 -5.3941
X -0.7217 -0.6823  0.1168
Y  0.4593 -0.5983 -0.6566
Z  0.5179 -0.4202  0.7451

PART 47
OFFSET  6.8642 -9.6026 -6.8548
X -0.7256 -0.6788  0.1128
Y  0.0346 -0.1997 -0.9792
Z  0.6872 -0.7067  0.1684

PART 48
OFFSET  6.4744 -8.5472 -6.3835
X -0.7256 -0.6788  0.1128
Y  0.0346 -0.1997 -0.9792
Z  0.6872 -0.7067  0.1684

PART 49
OFFSET  6.5864 -8.2916 -5.0437
X -0.7256 -0.6788  0.1128
Y  0.0346 -0.1997 -0.9792
Z  0.6872 -0.7067  0.1684

PART 50
OFFSET  8.4576 -8.7142 -5.7522
X -0.5600 -0.7910  0.2466
Y  0.4797 -0.5522 -0.6819
Z  0.6755 -0.2635  0.6886

PART 51
OFFSET  7.9692 -7.7173 -5.4879
X  0.1743 -0.9660  0.1912
Y  0.4162 -0.1037 -0.9034
Z  0.8924  0.2370  0.3839

PART 52
OFFSET  7.5019 -5.6356 -5.8316
X -0.4691 -0.5120  0.7196
Y  0.4151 -0.8470 -0.3321
Z  0.7795  0.1429  0.6099

PART 53
OFFSET  8.1968 -4.8756 -7.0814
X -0.5135  0.2517  0.8204
Y  0.0035 -0.9554  0.2953
Z  0.8581  0.1545  0.4897

PART 54
OFFSET  8.7127 -5.1386 -7.9959
X -0.9295 -0.1104  0.3519
Y -0.3564  0.0232 -0.9340
Z  0.0949 -0.9936 -0.0609

PART 55
OFFSET  9.3086 -8.5829 -6.8302
X -0.5395 -0.5069  0.6723
Y  0.8125 -0.1040  0.5736
Z -0.2209  0.8557  0.4680

PART 56
OFFSET  10.3890 -7.3066 -8.3429
X  0.5695 -0.4785  0.6684
Y  0.8208  0.2876 -0.4935
Z  0.0440  0.8297  0.5565

PART 57
OFFSET  9.5827 -6.6291 -9.2892
X  0.9947  0.0114 -0.1019
Y -0.0881  0.6035 -0.7925
Z  0.0525  0.7973  0.6014

PART 58
OFFSET  8.7008 -6.6393 -9.1988
X  0.5109  0.4553 -0.7292
Y -0.8588  0.3073 -0.4098
Z  0.0375  0.8356  0.5480

PART 59
OFFSET  8.2154 -7.0718 -8.5061
X  0.1430 -0.6620  0.7357
Y -0.9724  0.0446  0.2291
Z -0.1845 -0.7482 -0.6373

PART 60
OFFSET  9.2073 -8.0787 -6.3351
X -0.5519 -0.6447  0.5290
Y  0.7611 -0.1303  0.6354
Z -0.3407  0.7533  0.5626

PART 61
OFFSET  10.7071 -6.5203 -7.7775
X  0.5196 -0.4082  0.7506
Y  0.8543  0.2626 -0.4486
Z -0.0140  0.8743  0.4851

PART 62
OFFSET  9.8224 -5.8254 -9.0554
X  0.9544  0.1580 -0.2534
Y -0.2985  0.4835 -0.8228
Z -0.0075  0.8609  0.5086

PART 63
OFFSET  8.4997 -6.0444 -8.7042
X  0.3514  0.4820 -0.8026
Y -0.9361  0.1688 -0.3085
Z -0.0132  0.8597  0.5106

PART 64
OFFSET  8.1186 -6.5672 -7.8337
X  0.2462 -0.4491  0.8589
Y -0.9669 -0.1751  0.1856
Z  0.0670 -0.8762 -0.4773

PART 65
OFFSET  6.0835 -11.6804 -3.7800
X -0.4318 -0.7107  0.5554
Y -0.7898  0.0005 -0.6134
Z  0.4356 -0.7035 -0.5615

PART 66
OFFSET  10.5288 -5.3136 -5.9430
X -0.6843 -0.6820  0.2581
Y  0.6418 -0.3953  0.6571
Z -0.3462  0.6153  0.7082

PART 67
OFFSET  11.7336 -4.1128 -6.3973
X  0.3324 -0.5824  0.7418
Y  0.8644  0.5027  0.0074
Z -0.3772  0.6388  0.6706

PART 68
OFFSET  11.3066 -3.3660 -7.2584
X  0.6803 -0.3732  0.6308
Y  0.6517  0.7019 -0.2876
Z -0.3355  0.6067  0.7207

PART 69
OFFSET  10.5382 -2.9445 -7.9710
X -0.9041 -0.3415  0.2569
Y -0.4030  0.4813 -0.7784
Z  0.1422 -0.8073 -0.5728

PART 70
OFFSET  10.8683 -5.9498 -6.7800
X  0.3973 -0.4455  0.8023
Y  0.8969  0.3736 -0.2367
Z -0.1943  0.8136  0.5480

PART 71
OFFSET  10.0922 -5.0794 -8.3473
X  0.9765  0.2145  0.0200
Y -0.0931  0.5037 -0.8588
Z -0.1943  0.8368  0.5119

PART 72
OFFSET  8.6658 -5.3927 -8.3765
X  0.4315  0.5157 -0.7402
Y -0.8737  0.0344 -0.4853
Z -0.2248  0.8561  0.4654

PART 73
OFFSET  8.1782 -5.9828 -7.5418
X  0.2415 -0.4721  0.8478
Y -0.9605 -0.2409  0.1395
Z  0.1384 -0.8480 -0.5117

PART 74
OFFSET  0.0000 -0.0000 -0.0000
X  1.0000 -0.0000  0.0000
Y  0.0000  1.0000  0.0000
Z  0.0000 -0.0000  1.0000

PART 75
OFFSET  0.0000 -0.0000 -0.0000
X  1.0000 -0.0000  0.0000
Y  0.0000  1.0000  0.0000
Z  0.0000 -0.0000  1.0000

PART 76
OFFSET  1.5404 -0.0000  4.1357
X  1.0000 -0.0000  0.0000
Y  0.0000  1.0000  0.0000
Z  0.0000 -0.0000  1.0000


FRAME 2014
PART 0
OFFSET  0.0000 -0.0000 -0.0000
X  1.0000 -0.0000  0.0000
Y  0.0000  1.0000  0.0000
Z  0.0000 -0.0000  1.0000

PART 1
OFFSET -4.6318 -0.0000 -1.3770
X  1.0000 -0.0000  0.0000
Y  0.0000  1.0000  0.0000
Z  0.0000 -0.0000  1.0000

PART 2
OFFSET -3.5060  6.3408 -6.7125
X  0.7284 -0.3129 -0.6095
Y  0.0541 -0.8606  0.5064
Z -0.6830 -0.4019 -0.6099

PART 3
OFFSET  5.3035  2.5568 -14.0838
X  0.9535 -0.2980  0.0455
Y -0.0058  0.1327  0.9911
Z -0.3014 -0.9453  0.1248

PART 4
OFFSET  13.4133  0.0223 -13.6966
X  0.9535 -0.2980  0.0455
Y  0.2988  0.9542 -0.0124
Z -0.0397  0.0255  0.9989

PART 5
OFFSET  15.2851  1.1831 -14.6311
X  0.9543 -0.2962  0.0393
Y  0.2988  0.9441 -0.1392
Z  0.0041  0.1446  0.9895

PART 6
OFFSET  14.1676 -1.1368 -14.8037
X  0.9543 -0.2962  0.0393
Y  0.2988  0.9441 -0.1392
Z  0.0041  0.1446  0.9895

PART 7
OFFSET  15.6575  0.9654 -12.3507
X  0.9543 -0.2962  0.0393
Y  0.2988  0.9441 -0.1392
Z  0.0041  0.1446  0.9895

PART 8
OFFSET  15.0888 -0.4920 -12.1875
X  0.9543 -0.2962  0.0393
Y  0.2988  0.9441 -0.1392
Z  0.0041  0.1446  0.9895

PART 9
OFFSET  14.3824 -1.5346 -12.5916
X  0.9543 -0.2962  0.0393
