// Export filename: `C:\projects\cod\t5\xanim_export\t5_viewmodels\ak47\ak47_flame_sprint_in.XANIM_EXPORT`
// Source filename: `D:\projects\devanim\t5\animation_assets\viewmodels\ak47\ViewModel_AK47_FlameThrower_animated.fbx`
// Export time: Sat Jun 05 16:32:55 2010

ANIMATION
VERSION 3

NUMPARTS 81
PART 0 "tag_ads"
PART 1 "tag_torso"
PART 2 "J_Shoulder_LE"
PART 3 "J_Elbow_LE"
PART 4 "J_WristTwist_LE"
PART 5 "J_Sleave_Reshape_Bottom_LE_1"
PART 6 "J_Sleave_Reshape_Bottom_LE_2"
PART 7 "J_Sleave_Reshape_Top_LE_1"
PART 8 "J_Sleave_Reshape_Top_LE_2"
PART 9 "J_Sleave_Reshape_Top_LE_3"
PART 10 "J_Wrist_LE"
PART 11 "J_Thumb_LE_0"
PART 12 "J_Thumb_LE_1"
PART 13 "J_Thumb_LE_2"
PART 14 "J_Thumb_LE_3"
PART 15 "J_PinkyPalm_LE"
PART 16 "J_Pinky_LE_0"
PART 17 "J_Pinky_LE_1"
PART 18 "J_Pinky_LE_2"
PART 19 "J_Pinky_LE_3"
PART 20 "J_RingPalm_LE"
PART 21 "J_Ring_LE_0"
PART 22 "J_Ring_LE_1"
PART 23 "J_Ring_LE_2"
PART 24 "J_Ring_LE_3"
PART 25 "J_Webbing_LE"
PART 26 "J_Index_LE_0"
PART 27 "J_Index_LE_1"
PART 28 "J_Index_LE_2"
PART 29 "J_Index_LE_3"
PART 30 "J_Mid_LE_0"
PART 31 "J_Mid_LE_1"
PART 32 "J_Mid_LE_2"
PART 33 "J_Mid_LE_3"
PART 34 "tag_knife_attach"
PART 35 "tag_weapon"
PART 36 "J_Gun"
PART 37 "J_bolt"
PART 38 "TAG_CLIP"
PART 39 "TAG_FLASH"
PART 40 "tag_flame_unit"
PART 41 "tag_flamer_big_nozel"
PART 42 "tag_flamer_bracket"
PART 43 "tag_flamer_bottle"
PART 44 "tag_flamer_button"
PART 45 "tag_flamer_ring"
PART 46 "tag_flamer_flame"
PART 47 "tag_flamer_pilot_light"
PART 48 "J_Shoulder_RI"
PART 49 "J_Elbow_RI"
PART 50 "J_WristTwist_RI"
PART 51 "J_Sleave_Reshape_Top_RI_3"
PART 52 "J_Sleave_Reshape_Top_RI_2"
PART 53 "J_Sleave_Reshape_Top_RI_1"
PART 54 "J_Wrist_RI"
PART 55 "J_Thumb_RI_0"
PART 56 "J_Thumb_RI_1"
PART 57 "J_Thumb_RI_2"
PART 58 "J_Thumb_RI_3"
PART 59 "J_PinkyPalm_RI"
PART 60 "J_Pinky_RI_0"
PART 61 "J_Pinky_RI_1"
PART 62 "J_Pinky_RI_2"
PART 63 "J_Pinky_RI_3"
PART 64 "J_RingPalm_RI"
PART 65 "J_Ring_RI_0"
PART 66 "J_Ring_RI_1"
PART 67 "J_Ring_RI_2"
PART 68 "J_Ring_RI_3"
PART 69 "J_Webbing_RI"
PART 70 "J_Index_RI_0"
PART 71 "J_Index_RI_1"
PART 72 "J_Index_RI_2"
PART 73 "J_Index_RI_3"
PART 74 "J_Mid_RI_0"
PART 75 "J_Mid_RI_1"
PART 76 "J_Mid_RI_2"
PART 77 "J_Mid_RI_3"
PART 78 "tag_cambone"
PART 79 "tag_camera"
PART 80 "tag_gasmask"

FRAMERATE 30
NUMFRAMES 11

FRAME 2000
PART 0
OFFSET -4.6318 -0.0000 -1.3770
X  1.0000 -0.0000  0.0000
Y  0.0000  1.0000  0.0000
Z  0.0000 -0.0000  1.0000

PART 1
OFFSET -4.6318 -0.0000 -1.3770
X  1.0000 -0.0000  0.0000
Y  0.0000  1.0000  0.0000
Z  0.0000 -0.0000  1.0000

PART 2
OFFSET -3.5060  6.3408 -6.7125
X  0.8925 -0.1858 -0.4109
Y -0.1421 -0.9806  0.1347
Z -0.4280 -0.0618 -0.9017

PART 3
OFFSET  7.2882  4.0942 -11.6824
X  0.8286 -0.4519  0.3304
Y -0.4445 -0.1724  0.8791
Z -0.3403 -0.8753 -0.3437

PART 4
OFFSET  14.3362  0.2506 -8.8724
X  0.8286 -0.4519  0.3304
Y  0.0730  0.6724  0.7366
Z -0.5550 -0.5863  0.5901

PART 5
OFFSET  16.4463  1.3108 -8.4884
X  0.8322 -0.4485  0.3261
Y  0.3444  0.8789  0.3301
Z -0.4346 -0.1624  0.8858

PART 6
OFFSET  15.4861 -0.6304 -9.8920
X  0.8322 -0.4485  0.3261
Y  0.3444  0.8789  0.3301
Z -0.4346 -0.1624  0.8858

PART 7
OFFSET  15.7608  0.3589 -6.4859
X  0.8322 -0.4485  0.3261
Y  0.3444  0.8789  0.3301
Z -0.4346 -0.1624  0.8858

PART 8
OFFSET  15.1560 -0.9644 -7.0834
X  0.8322 -0.4485  0.3261
Y  0.3444  0.8789  0.3301
Z -0.4346 -0.1624  0.8858

PART 9
OFFSET  14.6871 -1.7048 -8.0740
X  0.8322 -0.4485  0.3261
Y  0.3444  0.8789  0.3301
Z -0.4346 -0.1624  0.8858

PART 10
OFFSET  16.8765 -1.1348 -7.8596
X  0.9667 -0.2298  0.1127
Y  0.0805  0.6910  0.7184
Z -0.2430 -0.6854  0.6864

PART 11
OFFSET  17.2893 -0.8528 -6.8338
X  0.9184 -0.0615  0.3909
Y -0.0432  0.9664  0.2535
Z -0.3933 -0.2497  0.8848

PART 12
OFFSET  19.2449 -0.9030 -5.9157
X  0.9437 -0.3298 -0.0251
Y  0.2857  0.7745  0.5643
Z -0.1667 -0.5398  0.8252

PART 13
OFFSET  20.7327 -1.5421 -5.8976
X  0.9406 -0.0697  0.3324
Y -0.0586  0.9308  0.3609
Z -0.3345 -0.3589  0.8713

PART 14
OFFSET  21.7335 -1.6180 -5.4921
X  0.8971  0.3709 -0.2400
Y -0.2715  0.0344 -0.9618
Z -0.3485  0.9280  0.1315

PART 15
OFFSET  17.5592 -2.2076 -8.3948
X  0.7680 -0.6332 -0.0962
Y -0.4096 -0.6010  0.6863
Z -0.4924 -0.4877 -0.7209

PART 16
OFFSET  19.3063 -3.6330 -8.4217
X -0.1061 -0.2919  0.9505
Y -0.6634  0.7329  0.1510
Z -0.7407 -0.6146 -0.2714

PART 17
OFFSET  19.1561 -4.0463 -7.0760
X -0.4439  0.1933  0.8750
Y -0.5218  0.7381 -0.4278
Z -0.7285 -0.6464 -0.2268

PART 18
OFFSET  18.7625 -3.8749 -6.3002
X -0.5733  0.4170  0.7053
Y -0.3118  0.6850 -0.6584
Z -0.7577 -0.5974 -0.2627

PART 19
OFFSET  18.2178 -3.4787 -5.6301
X  0.7438 -0.6626 -0.0881
Y  0.0378  0.1733 -0.9841
Z  0.6673  0.7287  0.1539

PART 20
OFFSET  17.8593 -1.7033 -7.9884
X  0.8938 -0.4350 -0.1092
Y -0.2660 -0.7102  0.6518
Z -0.3611 -0.5535 -0.7505

PART 21
OFFSET  20.0851 -3.0391 -8.1291
X  0.0148 -0.6837  0.7296
Y -0.6220  0.5650  0.5421
Z -0.7829 -0.4618 -0.4169

PART 22
OFFSET  20.1103 -4.2031 -6.8869
X -0.5330  0.1666  0.8295
Y -0.3361  0.8580 -0.3883
Z -0.7765 -0.4858 -0.4014

PART 23
OFFSET  19.3716 -3.9722 -5.7373
X -0.6242  0.4724  0.6223
Y -0.1102  0.7353 -0.6687
Z -0.7735 -0.4860 -0.4069

PART 24
OFFSET  18.6946 -3.4599 -5.0624
X  0.5363 -0.8310 -0.1479
Y  0.3008  0.3519 -0.8864
Z  0.7886  0.4309  0.4387

PART 25
OFFSET  19.8541 -1.1135 -6.0036
X  0.8264 -0.5404  0.1580
Y  0.5163  0.6155 -0.5955
Z  0.2246  0.5737  0.7877

PART 26
OFFSET  20.7943 -1.2544 -7.1338
X  0.5468 -0.8358  0.0493
Y -0.5539 -0.3169  0.7699
Z -0.6279 -0.4483 -0.6362

PART 27
OFFSET  21.7570 -2.7259 -7.0470
X -0.2216 -0.7651  0.6046
Y -0.7769  0.5132  0.3647
Z -0.5893 -0.3889 -0.7081

PART 28
OFFSET  21.5234 -3.6324 -6.2689
X -0.6341 -0.1587  0.7568
Y -0.4525  0.8698 -0.1967
Z -0.6270 -0.4672 -0.6233

PART 29
OFFSET  20.8072 -3.8117 -5.4141
X  0.4385 -0.8649 -0.2441
Y  0.5477  0.4725 -0.6905
Z  0.7126  0.1691  0.6809

PART 30
OFFSET  20.5603 -2.1024 -7.8020
X  0.2318 -0.8198  0.5236
Y -0.7237  0.2144  0.6560
Z -0.6500 -0.5310 -0.5436

PART 31
OFFSET  21.0131 -3.7039 -6.7791
X -0.5233 -0.2120  0.8254
Y -0.5206  0.8464 -0.1127
Z -0.6747 -0.4886 -0.5532

PART 32
OFFSET  20.2488 -4.0136 -5.5735
X -0.7276  0.3501  0.5899
Y -0.0590  0.8248 -0.5623
Z -0.6834 -0.4440 -0.5795

PART 33
OFFSET  19.4199 -3.6208 -4.9091
X  0.6393 -0.7669 -0.0561
Y  0.3711  0.3716 -0.8510
Z  0.6735  0.5232  0.5222

PART 34
OFFSET  19.0838 -3.1747 -6.8952
X -0.4185 -0.5643 -0.7116
Y  0.2430  0.6854 -0.6864
Z  0.8751 -0.4602 -0.1498

PART 35
OFFSET  8.2563 -2.6698 -4.5431
X  1.0000 -0.0000  0.0000
Y  0.0000  1.0000  0.0000
Z  0.0000 -0.0000  1.0000

PART 36
OFFSET  8.2563 -2.6698 -4.5431
X  1.0000 -0.0000  0.0000
Y  0.0000  1.0000  0.0000
Z  0.0000 -0.0000  1.0000

PART 37
OFFSET  13.5569 -2.9515 -2.1857
X  0.9998 -0.0000  0.0204
Y  0.0000  1.0000 -0.0000
Z -0.0204  0.0000  0.9998

PART 38
OFFSET  12.4681 -2.6548 -4.2640
X  1.0000 -0.0000  0.0000
Y  0.0000  1.0000  0.0000
Z  0.0000 -0.0000  1.0000

PART 39
OFFSET  31.8688 -2.6540 -3.4824
X  1.0000 -0.0000  0.0000
Y  0.0000  1.0000  0.0000
Z  0.0000 -0.0000  1.0000

PART 40
OFFSET  7.5063 -2.6698 -6.8357
X  1.0000 -0.0000  0.0000
Y  0.0000  1.0000  0.0000
Z  0.0000 -0.0000  1.0000

PART 41
OFFSET  33.8969 -2.5276 -6.1996
X  0.0000  1.0000  0.0000
Y -1.0000  0.0000  0.0000
Z  0.0000 -0.0000  1.0000

PART 42
OFFSET  22.1140 -3.0231 -5.7976
X -0.3819 -0.0000  0.9242
Y -0.9242  0.0000 -0.3819
Z -0.0000 -1.0000 -0.0000

PART 43
OFFSET  22.1140 -3.0231 -5.7976
X  0.0000  1.0000  0.0000
Y -1.0000  0.0000  0.0000
Z  0.0000 -0.0000  1.0000

PART 44
OFFSET  21.7077 -2.7332 -6.2840
X  0.0000  1.0000  0.0000
Y -1.0000  0.0000  0.0000
Z  0.0000 -0.0000  1.0000

PART 45
OFFSET  21.7077 -1.3332 -6.2840
X  0.0000  0.8512 -0.5249
Y -1.0000  0.0000  0.0000
Z  0.0000  0.5249  0.8512

PART 46
OFFSET  31.5899 -2.5362 -6.0183
X  1.0000 -0.0000 -0.0000
Y  0.0000  1.0000  0.0000
Z  0.0000 -0.0000  1.0000

PART 47
OFFSET  30.9061 -1.1440 -6.7923
X  0.7965 -0.4529  0.4006
Y  0.6040  0.5638 -0.5634
Z  0.0293  0.6907  0.7226

PART 48
OFFSET -17.6076 -4.8127 -7.0611
X -0.8933  0.0570  0.4458
Y -0.2146 -0.9256 -0.3117
Z  0.3949 -0.3741  0.8391

PART 49
OFFSET -6.8040 -5.5017 -12.4528
X -0.8818 -0.0897 -0.4630
Y  0.4713 -0.1330 -0.8719
Z  0.0166 -0.9871  0.1595

PART 50
OFFSET  0.6961 -4.7390 -8.5146
X -0.8818 -0.0897 -0.4630
Y  0.4716 -0.1611 -0.8670
Z  0.0031 -0.9829  0.1844

PART 51
OFFSET  1.6239 -3.3379 -7.4464
X -0.8846 -0.0859 -0.4583
Y -0.0209  0.9892 -0.1452
Z  0.4659 -0.1189 -0.8768

PART 52
OFFSET  1.5393 -3.8724 -6.3533
X -0.8846 -0.0859 -0.4583
Y -0.0209  0.9892 -0.1452
Z  0.4659 -0.1189 -0.8768

PART 53
OFFSET  1.7163 -5.2227 -6.2157
X -0.8846 -0.0859 -0.4583
Y -0.0209  0.9892 -0.1452
Z  0.4659 -0.1189 -0.8768

PART 54
OFFSET  3.3994 -4.4641 -7.0951
X -0.9546 -0.1418 -0.2621
Y  0.2850 -0.1775 -0.9420
Z  0.0871 -0.9739  0.2098

PART 55
OFFSET  3.5180 -3.8292 -6.1544
X -0.4986 -0.6783 -0.5397
Y  0.5783  0.2035 -0.7900
Z  0.6457 -0.7060  0.2908

PART 56
OFFSET  4.5003 -2.3465 -4.9270
X -0.9028 -0.3483  0.2521
Y -0.0610 -0.4767 -0.8770
Z  0.4256 -0.8071  0.4091

PART 57
OFFSET  5.9065 -1.7222 -5.4322
X -0.5336 -0.0214  0.8455
Y -0.6557 -0.6209 -0.4295
Z  0.5342 -0.7836  0.3173

PART 58
OFFSET  6.4702 -1.6527 -6.3537
X -0.8721  0.3596  0.3318
Y  0.0986  0.7934 -0.6007
Z -0.4792 -0.4912 -0.7274

PART 59
OFFSET  4.4947 -4.3373 -7.9244
X -0.9338 -0.2716  0.2329
Y  0.3213 -0.9230  0.2116
Z  0.1575  0.2724  0.9492

PART 60
OFFSET  6.5764 -3.5742 -8.3354
X -0.1064 -0.9920  0.0680
Y  0.9470 -0.1219 -0.2972
Z  0.3031  0.0328  0.9524

PART 61
OFFSET  6.7270 -2.1698 -8.4316
X  0.7704 -0.5952 -0.2284
Y  0.5756  0.8034 -0.1522
Z  0.2741 -0.0142  0.9616

PART 62
OFFSET  6.0439 -1.6420 -8.2291
X  0.9043  0.2998 -0.3040
Y -0.2988  0.9530  0.0509
Z  0.3049  0.0448  0.9513

PART 63
OFFSET  5.1848 -1.9269 -7.9403
X -0.5482 -0.8340  0.0630
Y -0.7690  0.5322  0.3543
Z -0.3290  0.1458 -0.9330

PART 64
OFFSET  4.5274 -4.3242 -7.2114
X -0.9690 -0.2439  0.0388
Y  0.2458 -0.9373  0.2469
Z -0.0239  0.2488  0.9683

PART 65
OFFSET  7.0513 -3.7488 -7.4505
X -0.1328 -0.9741  0.1828
Y  0.9405 -0.1821 -0.2870
Z  0.3128  0.1338  0.9403

PART 66
OFFSET  7.2774 -2.0903 -7.7617
X  0.8812 -0.4114 -0.2327
Y  0.3642  0.9048 -0.2204
Z  0.3012  0.1095  0.9472

PART 67
OFFSET  6.0561 -1.5201 -7.4392
X  0.8304  0.4610 -0.3130
Y -0.4723  0.8804  0.0436
Z  0.2956  0.1116  0.9488

PART 68
OFFSET  5.1555 -2.0201 -7.0997
X -0.3960 -0.8751  0.2782
Y -0.8751  0.4514  0.1743
Z -0.2781 -0.1744 -0.9446

PART 69
OFFSET -0.7678 -5.4262 -7.2769
X -0.9291 -0.3699 -0.0061
Y -0.3495  0.8829 -0.3136
Z  0.1213 -0.2892 -0.9496

PART 70
OFFSET  6.9363 -4.1397 -5.2854
X -0.9870 -0.0151 -0.1603
Y -0.0017 -0.9946  0.1040
Z -0.1610  0.1029  0.9816

PART 71
OFFSET  8.6740 -4.1131 -5.0032
X -0.3664 -0.9261  0.0899
Y  0.9173 -0.3433  0.2020
Z -0.1562  0.1565  0.9753

PART 72
OFFSET  9.1099 -2.9777 -5.0533
X  0.0489 -0.9944  0.0936
Y  0.9855  0.0633  0.1577
Z -0.1627  0.0845  0.9830

PART 73
OFFSET  9.0547 -1.8545 -5.1590
X -0.9513  0.2903  0.1037
Y  0.2703  0.9472 -0.1728
Z -0.1484 -0.1363 -0.9795

PART 74
OFFSET  7.1281 -4.1726 -6.3729
X -0.2627 -0.9406  0.2150
Y  0.9570 -0.2824 -0.0663
Z  0.1231  0.1883  0.9744

PART 75
OFFSET  7.6413 -2.3351 -6.7929
X  0.8288 -0.5596 -0.0009
Y  0.5392  0.7990 -0.2664
Z  0.1498  0.2203  0.9639

PART 76
OFFSET  6.4307 -1.5177 -6.7917
X  0.8851  0.3871 -0.2584
Y -0.4386  0.8795 -0.1846
Z  0.1558  0.2767  0.9482

PART 77
OFFSET  5.4269 -1.9575 -6.5058
X -0.4085 -0.8763  0.2554
Y -0.8912  0.4434  0.0957
Z -0.1971 -0.1885 -0.9621

PART 78
OFFSET  0.0000 -0.0000 -0.0000
X  1.0000 -0.0000  0.0000
Y  0.0000  1.0000  0.0000
Z  0.0000 -0.0000  1.0000

PART 79
OFFSET  0.0000 -0.0000 -0.0000
X  1.0000 -0.0000  0.0000
Y  0.0000  1.0000  0.0000
Z  0.0000 -0.0000  1.0000

PART 80
OFFSET  1.5404 -0.0000  4.1357
X  1.0000 -0.0000  0.0000
Y  0.0000  1.0000  0.0000
Z  0.0000 -0.0000  1.0000


FRAME 2001
PART 0
OFFSET -4.6318 -0.0000 -1.3770
X  1.0000 -0.0000  0.0000
Y  0.0000  1.0000  0.0000
Z  0.0000 -0.0000  1.0000

PART 1
OFFSET -4.6318 -0.0000 -1.3770
X  1.0000 -0.0000  0.0000
Y  0.0000  1.0000  0.0000
Z  0.0000 -0.0000  1.0000

PART 2
OFFSET -3.5060  6.3408 -6.7125
X  0.8691 -0.1709 -0.4641
Y -0.1177 -0.9829  0.1416
Z -0.4804 -0.0684 -0.8744

PART 3
OFFSET  7.0049  4.2734 -12.3257
X  0.8360 -0.4460  0.3195
Y -0.4258 -0.1602  0.8905
Z -0.3460 -0.8806 -0.3238

PART 4
OFFSET  14.1158  0.4796 -9.6083
X  0.8360 -0.4460  0.3195
Y  0.1286  0.7254  0.6762
Z -0.5334 -0.5242  0.6639

PART 5
OFFSET  16.2318  1.5479 -9.2837
X  0.8395 -0.4427  0.3151
Y  0.3498  0.8840  0.3101
Z -0.4158 -0.1501  0.8970

PART 6
OFFSET  15.2456 -0.4146 -10.6388
X  0.8395 -0.4427  0.3151
Y  0.3498  0.8840  0.3101
Z -0.4158 -0.1501  0.8970

PART 7
OFFSET  15.5898  0.6242 -7.2538
X  0.8395 -0.4427  0.3151
Y  0.3498  0.8840  0.3101
Z -0.4158 -0.1501  0.8970

PART 8
OFFSET  14.9747 -0.7084 -7.8193
X  0.8395 -0.4427  0.3151
Y  0.3498  0.8840  0.3101
Z -0.4158 -0.1501  0.8970

PART 9
OFFSET  14.4863 -1.4636 -8.7892
X  0.8395 -0.4427  0.3151
Y  0.3498  0.8840  0.3101
Z -0.4158 -0.1501  0.8970

PART 10
OFFSET  16.6788 -0.8879 -8.6288
X  0.9835 -0.1615  0.0815
Y  0.0696  0.7537  0.6536
Z -0.1670 -0.6371  0.7525

PART 11
OFFSET  17.1199 -0.4948 -7.6525
X  0.9375  0.0269  0.3469
Y -0.0927  0.9803  0.1744
Z -0.3353 -0.1956  0.9216

PART 12
OFFSET  19.1151 -0.3498 -6.8353
X  0.9606 -0.2742 -0.0462
Y  0.2618  0.8357  0.4827
Z -0.0937 -0.4758  0.8745

PART 13
OFFSET  20.6397 -0.8956 -6.8408
X  0.9575  0.0150  0.2882
Y -0.1008  0.9532  0.2851
Z -0.2704 -0.3020  0.9142

PART 14
OFFSET  21.6610 -0.8769 -6.4825
X  0.8597  0.4015 -0.3157
Y -0.3173 -0.0645 -0.9461
Z -0.4002  0.9136  0.0719

PART 15
OFFSET  17.4028 -1.9603 -9.1076
X  0.8014 -0.5924 -0.0828
Y -0.3384 -0.5631  0.7539
Z -0.4933 -0.5761 -0.6517

PART 16
OFFSET  19.2337 -3.2765 -9.1062
X -0.0433 -0.2150  0.9757
Y -0.7009  0.7025  0.1237
Z -0.7120 -0.6785 -0.1811

PART 17
OFFSET  19.1724 -3.5809 -7.7249
X -0.4143  0.2411  0.8776
Y -0.5868  0.6664 -0.4600
Z -0.6957 -0.7056 -0.1346

PART 18
OFFSET  18.8050 -3.3671 -6.9467
X -0.5654  0.4413  0.6969
Y -0.3848  0.6062 -0.6960
Z -0.7296 -0.6617 -0.1729

PART 19
OFFSET  18.2679 -2.9479 -6.2847
X  0.7795 -0.6224 -0.0711
Y -0.0189  0.0901 -0.9958
Z  0.6261  0.7775  0.0585

PART 20
OFFSET  17.6887 -1.4060 -8.7604
X  0.9136 -0.3890 -0.1187
Y -0.1900 -0.6661  0.7212
Z -0.3596 -0.6364 -0.6824

PART 21
OFFSET  19.9859 -2.6145 -8.9042
X  0.0919 -0.6164  0.7820
Y -0.6309  0.5716  0.5247
Z -0.7704 -0.5416 -0.3363

PART 22
OFFSET  20.1424 -3.6640 -7.5728
X -0.5036  0.2053  0.8392
Y -0.4075  0.8001 -0.4403
Z -0.7618 -0.5637 -0.3192

PART 23
OFFSET  19.4444 -3.3794 -6.4098
X -0.6235  0.4862  0.6123
Y -0.1874  0.6673 -0.7208
Z -0.7591 -0.5642 -0.3249

PART 24
OFFSET  18.7683 -2.8521 -5.7457
X  0.5805 -0.8073 -0.1059
Y  0.2365  0.2917 -0.9268
Z  0.7791  0.5130  0.3603

PART 25
OFFSET  19.7318 -0.5306 -6.9366
X  0.8655 -0.4749  0.1595
Y  0.4481  0.5916 -0.6702
Z  0.2239  0.6515  0.7248

PART 26
OFFSET  20.6257 -0.7120 -8.0981
X  0.6004 -0.7946  0.0902
Y -0.4964 -0.2819  0.8210
Z -0.6269 -0.5378 -0.5637

PART 27
OFFSET  21.6828 -2.1109 -7.9393
X -0.1444 -0.7221  0.6766
Y -0.7902  0.4957  0.3604
Z -0.5956 -0.4826 -0.6422

PART 28
OFFSET  21.5435 -2.9595 -7.0778
X -0.5871 -0.1304  0.7990
Y -0.5154  0.8213 -0.2446
Z -0.6243 -0.5554 -0.5494

PART 29
OFFSET  20.8804 -3.1068 -6.1753
X  0.4808 -0.8552 -0.1938
Y  0.4840  0.4431 -0.7546
Z  0.7312  0.2689  0.6270

PART 30
OFFSET  20.4153 -1.6267 -8.6808
X  0.3073 -0.7566  0.5771
Y -0.7047  0.2266  0.6723
Z -0.6395 -0.6134 -0.4635

PART 31
OFFSET  21.0157 -3.1047 -7.5533
X -0.4700 -0.1710  0.8659
Y -0.5779  0.8012 -0.1555
Z -0.6672 -0.5735 -0.4754

PART 32
OFFSET  20.3292 -3.3545 -6.2885
X -0.7203  0.3557  0.5955
Y -0.1372  0.7685 -0.6250
Z -0.6800 -0.5319 -0.5048

PART 33
OFFSET  19.5086 -2.9559 -5.6172
X  0.6834 -0.7296 -0.0252
Y  0.3070  0.3185 -0.8968
Z  0.6624  0.6052  0.4416

PART 34
OFFSET  19.0534 -2.7028 -7.6134
X -0.4143 -0.6472 -0.6399
Y  0.1670  0.6371 -0.7525
Z  0.8947 -0.4186 -0.1559

PART 35
OFFSET  8.3361 -2.6410 -4.7573
X  0.9969  0.0593 -0.0515
Y -0.0635  0.9945 -0.0829
Z  0.0463  0.0859  0.9952

PART 36
OFFSET  8.3361 -2.6410 -4.7573
X  0.9969  0.0593 -0.0515
Y -0.0635  0.9945 -0.0829
Z  0.0463  0.0859  0.9952

PART 37
OFFSET  13.7472 -2.4041 -2.6605
X  0.9976  0.0611 -0.0311
Y -0.0635  0.9945 -0.0829
Z  0.0259  0.0847  0.9961

PART 38
OFFSET  12.5468 -2.3522 -4.6975
X  0.9969  0.0593 -0.0515
Y -0.0635  0.9945 -0.0829
Z  0.0463  0.0859  0.9952

PART 39
OFFSET  31.9237 -1.1333 -4.9180
X  0.9969  0.0593 -0.0515
Y -0.0635  0.9945 -0.0829
Z  0.0463  0.0859  0.9952

PART 40
OFFSET  7.4824 -2.8824 -7.0004
X  0.9969  0.0593 -0.0515
Y -0.0635  0.9945 -0.0829
Z  0.0463  0.0859  0.9952

PART 41
OFFSET  33.8119 -1.1207 -7.7371
X -0.0635  0.9945 -0.0829
Y -0.9969 -0.0593  0.0515
Z  0.0463  0.0859  0.9952

PART 42
OFFSET  22.1154 -2.2779 -6.6896
X -0.3380  0.0567  0.9394
Y -0.9390 -0.0876 -0.3325
Z  0.0635 -0.9945  0.0829

PART 43
OFFSET  22.1154 -2.2779 -6.6896
X -0.0635  0.9945 -0.0829
Y -0.9969 -0.0593  0.0515
Z  0.0463  0.0859  0.9952

PART 44
OFFSET  21.6695 -2.0555 -7.1768
X -0.0635  0.9945 -0.0829
Y -0.9969 -0.0593  0.0515
Z  0.0463  0.0859  0.9952

PART 45
OFFSET  21.5806 -0.6632 -7.2929
X -0.0783  0.8014 -0.5930
Y -0.9969 -0.0593  0.0515
Z  0.0061  0.5952  0.8036

PART 46
OFFSET  31.5209 -1.2505 -7.4372
X  0.9969  0.0593 -0.0515
Y -0.0635  0.9945 -0.0829
Z  0.0463  0.0859  0.9952

PART 47
OFFSET  30.7151  0.0270 -8.2877
X  0.8413 -0.3688  0.3953
Y  0.5403  0.5481 -0.6385
Z  0.0188  0.7507  0.6604

PART 48
OFFSET -16.9313 -5.5028 -6.9492
X -0.8739  0.0979  0.4761
Y -0.2247 -0.9500 -0.2170
Z  0.4311 -0.2966  0.8522

PART 49
OFFSET -6.3623 -6.6873 -12.7074
X -0.8515 -0.1516 -0.5020
Y  0.5238 -0.1977 -0.8286
Z  0.0264 -0.9685  0.2477

PART 50
OFFSET  0.8797 -5.3977 -8.4375
X -0.8515 -0.1516 -0.5020
Y  0.5231 -0.1772 -0.8337
Z  0.0374 -0.9724  0.2302

PART 51
OFFSET  1.7165 -3.8857 -7.4482
X -0.8546 -0.1475 -0.4979
Y -0.0315  0.9718 -0.2339
Z  0.5183 -0.1842 -0.8351

PART 52
OFFSET  1.5788 -4.3238 -6.3183
X -0.8546 -0.1475 -0.4979
Y -0.0315  0.9718 -0.2339
Z  0.5183 -0.1842 -0.8351

PART 53
OFFSET  1.7737 -5.6520 -6.0509
X -0.8546 -0.1475 -0.4979
Y -0.0315  0.9718 -0.2339
Z  0.5183 -0.1842 -0.8351

PART 54
OFFSET  3.4900 -4.9328 -6.8984
X -0.9547 -0.2202 -0.2000
Y  0.2518 -0.2405 -0.9374
Z  0.1583 -0.9453  0.2851

PART 55
OFFSET  3.6115 -4.2136 -6.0209
X -0.4790 -0.7505 -0.4553
Y  0.5270  0.1689 -0.8329
Z  0.7020 -0.6389  0.3147

PART 56
OFFSET  4.5535 -2.5752 -4.9729
X -0.8663 -0.3783  0.3262
Y -0.0711 -0.5530 -0.8301
Z  0.4945 -0.7423  0.4522

PART 57
OFFSET  5.8923 -1.9144 -5.5997
X -0.4915  0.0197  0.8707
Y -0.6341 -0.6933 -0.3423
Z  0.5969 -0.7203  0.3532

PART 58
OFFSET  6.4073 -1.8909 -6.5516
X -0.8769  0.3344  0.3453
Y  0.0201  0.7433 -0.6687
Z -0.4802 -0.5794 -0.6585

PART 59
OFFSET  4.5356 -4.8130 -7.7906
X -0.9029 -0.3055  0.3024
Y  0.3886 -0.8808  0.2706
Z  0.1836  0.3618  0.9140

PART 60
OFFSET  6.5433 -3.9659 -8.3700
X -0.0400 -0.9870  0.1554
Y  0.9381 -0.0906 -0.3344
Z  0.3442  0.1324  0.9295

PART 61
OFFSET  6.6000 -2.5684 -8.5900
X  0.7953 -0.5659 -0.2176
Y  0.5158  0.8201 -0.2477
Z  0.3186  0.0847  0.9441

PART 62
OFFSET  5.8948 -2.0667 -8.3970
X  0.8684  0.3257 -0.3739
Y -0.3560  0.9344 -0.0130
Z  0.3452  0.1444  0.9274

PART 63
OFFSET  5.0698 -2.3761 -8.0418
X -0.4906 -0.8566  0.1600
Y -0.7840  0.5141  0.3480
Z -0.3804  0.0453 -0.9237

PART 64
OFFSET  4.6003 -4.7368 -7.0838
X -0.9488 -0.2967  0.1087
Y  0.3160 -0.8964  0.3108
Z  0.0052  0.3292  0.9442

PART 65
OFFSET  7.0689 -4.0353 -7.4993
X -0.0621 -0.9610  0.2695
Y  0.9358 -0.1499 -0.3189
Z  0.3469  0.2324  0.9087

PART 66
OFFSET  7.1746 -2.3992 -7.9582
X  0.8939 -0.3769 -0.2428
Y  0.2955  0.9026 -0.3131
Z  0.3372  0.2081  0.9181

PART 67
OFFSET  5.9358 -1.8769 -7.6216
X  0.7841  0.4808 -0.3924
Y -0.5247  0.8513 -0.0053
Z  0.3315  0.2101  0.9198

PART 68
OFFSET  5.0854 -2.3984 -7.1960
X -0.3264 -0.8699  0.3698
Y -0.8930  0.4120  0.1811
Z -0.3099 -0.2711 -0.9113

PART 69
OFFSET -0.6117 -6.1525 -6.7852
X -0.9030 -0.4235  0.0724
Y -0.4189  0.8304 -0.3673
Z  0.0954 -0.3620 -0.9273

PART 70
OFFSET  7.0791 -4.2449 -5.3063
X -0.9904 -0.0873 -0.1075
Y  0.0663 -0.9803  0.1860
Z -0.1216  0.1771  0.9766

PART 71
OFFSET  8.8228 -4.0911 -5.1171
X -0.3023 -0.9351  0.1851
Y  0.9455 -0.2696  0.1823
Z -0.1205  0.2301  0.9657

PART 72
OFFSET  9.1830 -2.9404 -5.2834
X  0.1162 -0.9780  0.1731
Y  0.9857  0.1350  0.1010
Z -0.1221  0.1589  0.9797

PART 73
OFFSET  9.0518 -1.8357 -5.4789
X -0.9620  0.2412  0.1281
Y  0.2013  0.9432 -0.2643
Z -0.1846 -0.2285 -0.9559

PART 74
OFFSET  7.2221 -4.3597 -6.3958
X -0.1923 -0.9326  0.3055
Y  0.9689 -0.2298 -0.0918
Z  0.1558  0.2783  0.9478

PART 75
OFFSET  7.5977 -2.5378 -6.9925
X  0.8617 -0.5074  0.0028
Y  0.4745  0.8037 -0.3591
Z  0.1799  0.3108  0.9333

PART 76
OFFSET  6.3391 -1.7966 -6.9967
X  0.8458  0.4153 -0.3348
Y -0.5016  0.8329 -0.2340
Z  0.1816  0.3659  0.9128

PART 77
OFFSET  5.3795 -2.2690 -6.6241
X -0.3398 -0.8738  0.3479
Y -0.9122  0.3963  0.1043
Z -0.2290 -0.2818 -0.9317

PART 78
OFFSET  0.0000 -0.0000 -0.0000
X  1.0000 -0.0000  0.0000
Y  0.0000  1.0000  0.0000
Z  0.0000 -0.0000  1.0000

PART 79
OFFSET  0.0000 -0.0000 -0.0000
X  1.0000 -0.0000  0.0000
Y  0.0000  1.0000  0.0000
Z  0.0000 -0.0000  1.0000

PART 80
OFFSET  1.5404 -0.0000  4.1357
X  1.0000 -0.0000  0.0000
Y  0.0000  1.0000  0.0000
Z  0.0000 -0.0000  1.0000


FRAME 2002
PART 0
OFFSET -4.6318 -0.0000 -1.3770
X  1.0000 -0.0000  0.0000
Y  0.0000  1.0000  0.0000
Z  0.0000 -0.0000  1.0000

PART 1
OFFSET -4.6318 -0.0000 -1.3770
X  1.0000 -0.0000  0.0000
Y  0.0000  1.0000  0.0000
Z  0.0000 -0.0000  1.0000

PART 2
OFFSET -3.5060  6.3408 -6.7125
X  0.8317 -0.1827 -0.5243
Y -0.0788 -0.9736  0.2144
Z -0.5496 -0.1370 -0.8241

PART 3
OFFSET  6.5524  4.1308 -13.0533
X  0.8577 -0.4095  0.3109
Y -0.3786 -0.0939  0.9208
Z -0.3478 -0.9075 -0.2356

PART 4
OFFSET  13.8476  0.6481 -10.4088
X  0.8577 -0.4095  0.3109
Y  0.1577  0.7851  0.5989
Z -0.4894 -0.4647  0.7380

PART 5
OFFSET  15.9601  1.7634 -10.2768
X  0.8609 -0.4065  0.3061
Y  0.3509  0.9099  0.2214
Z -0.3685 -0.0832  0.9259

PART 6
OFFSET  14.9388 -0.3119 -11.4216
X  0.8609 -0.4065  0.3061
Y  0.3509  0.9099  0.2214
Z -0.3685 -0.0832  0.9259

PART 7
OFFSET  15.4339  0.9964 -8.1506
X  0.8609 -0.4065  0.3061
Y  0.3509  0.9099  0.2214
Z -0.3685 -0.0832  0.9259

PART 8
OFFSET  14.8125 -0.3840 -8.5776
X  0.8609 -0.4065  0.3061
Y  0.3509  0.9099  0.2214
Z -0.3685 -0.0832  0.9259

PART 9
OFFSET  14.2886 -1.2194 -9.4591
X  0.8609 -0.4065  0.3061
Y  0.3509  0.9099  0.2214
Z -0.3685 -0.0832  0.9259

PART 10
OFFSET  16.4771 -0.6072 -9.4556
X  0.9958 -0.0792  0.0469
Y  0.0377  0.8155  0.5775
Z -0.0840 -0.5733  0.8150

PART 11
OFFSET  16.9268 -0.0913 -8.5425
X  0.9464  0.1296  0.2959
Y -0.1622  0.9828  0.0883
Z -0.2794 -0.1316  0.9511

PART 12
OFFSET  18.9373  0.2792 -7.8422
X  0.9764 -0.2049 -0.0686
Y  0.2153  0.8950  0.3906
Z -0.0186 -0.3961  0.9180

PART 13
OFFSET  20.4986 -0.1494 -7.8735
X  0.9647  0.1137  0.2377
Y -0.1634  0.9658  0.2013
Z -0.2066 -0.2330  0.9503

PART 14
OFFSET  21.5295 -0.0206 -7.5696
X  0.8112  0.4326 -0.3935
Y -0.3512 -0.1777 -0.9193
Z -0.4677  0.8839  0.0078

PART 15
OFFSET  17.2624 -1.6633 -9.8696
X  0.8414 -0.5362 -0.0679
Y -0.2606 -0.5125  0.8182
Z -0.4735 -0.6707 -0.5709

PART 16
OFFSET  19.1898 -2.8332 -9.8387
X  0.0153 -0.1238  0.9922
Y -0.7482  0.6568  0.0935
Z -0.6632 -0.7438 -0.0826

PART 17
OFFSET  19.2115 -3.0085 -8.4340
X -0.3944  0.2919  0.8714
Y -0.6566  0.5739 -0.4894
Z -0.6430 -0.7651 -0.0347

PART 18
OFFSET  18.8619 -2.7497 -7.6614
X -0.5683  0.4622  0.6808
Y -0.4606  0.5069 -0.7286
Z -0.6818 -0.7277 -0.0751

PART 19
OFFSET  18.3220 -2.3107 -7.0146
X  0.8224 -0.5664 -0.0524
Y -0.0682 -0.0067 -0.9976
Z  0.5648  0.8241 -0.0442

PART 20
OFFSET  17.5182 -1.0587 -9.5893
X  0.9355 -0.3293 -0.1278
Y -0.1060 -0.6068  0.7877
Z -0.3369 -0.7234 -0.6026

PART 21
OFFSET  19.8954 -2.1007 -9.7358
X  0.1734 -0.5307  0.8297
Y -0.6511  0.5703  0.5008
Z -0.7389 -0.6271 -0.2466

PART 22
OFFSET  20.1906 -3.0042 -8.3234
X -0.4821  0.2461  0.8409
Y -0.4877  0.7219 -0.4909
Z -0.7278 -0.6467 -0.2280

PART 23
OFFSET  19.5225 -2.6631 -7.1580
X -0.6333  0.4944  0.5954
Y -0.2700  0.5799 -0.7687
Z -0.7253 -0.6475 -0.2338

PART 24
OFFSET  18.8357 -2.1270 -6.5122
X  0.6374 -0.7682 -0.0602
Y  0.1732  0.2190 -0.9602
Z  0.7508  0.6016  0.2726

PART 25
OFFSET  19.5614  0.1361 -7.9571
X  0.9062 -0.3917  0.1591
Y  0.3711  0.5570 -0.7430
Z  0.2024  0.7324  0.6501

PART 26
OFFSET  20.4167 -0.0878 -9.1401
X  0.6646 -0.7354  0.1326
Y -0.4373 -0.2388  0.8670
Z -0.6059 -0.6342 -0.4803

PART 27
OFFSET  21.5868 -1.3825 -8.9065
X -0.0581 -0.6632  0.7462
Y -0.8108  0.4674  0.3523
Z -0.5824 -0.5846 -0.5649

PART 28
OFFSET  21.5516 -2.1533 -7.9651
X -0.5404 -0.0973  0.8357
Y -0.5885  0.7536 -0.2928
Z -0.6013 -0.6501 -0.4645

PART 29
OFFSET  20.9411 -2.2632 -7.0211
X  0.5381 -0.8315 -0.1384
Y  0.4150  0.4042 -0.8151
Z  0.7336  0.3811  0.5626

PART 30
OFFSET  20.2546 -1.0668 -9.6254
X  0.3903 -0.6732  0.6280
Y -0.6912  0.2363  0.6830
Z -0.6082 -0.7006 -0.3731

PART 31
OFFSET  21.0171 -2.3821 -8.3986
X -0.4178 -0.1224  0.9002
Y -0.6454  0.7374 -0.1993
Z -0.6394 -0.6643 -0.3871

PART 32
OFFSET  20.4068 -2.5609 -7.0837
X -0.7202  0.3560  0.5955
Y -0.2238  0.6932 -0.6851
Z -0.6567 -0.6267 -0.4195

PART 33
OFFSET  19.5867 -2.1626 -6.4117
X  0.7372 -0.6757  0.0078
Y  0.2425  0.2538 -0.9364
Z  0.6307  0.6921  0.3509

PART 34
OFFSET  19.0284 -2.1352 -8.3976
X -0.3888 -0.7342 -0.5566
Y  0.0840  0.5733 -0.8150
Z  0.9175 -0.3636 -0.1612

PART 35
OFFSET  8.4708 -2.6016 -5.0300
X  0.9860  0.1284 -0.1062
Y -0.1452  0.9746 -0.1703
Z  0.0816  0.1834  0.9797

PART 36
OFFSET  8.4708 -2.6016 -5.0300
X  0.9860  0.1284 -0.1062
Y -0.1452  0.9746 -0.1703
Z  0.0816  0.1834  0.9797

PART 37
OFFSET  13.9306 -1.7634 -3.2353
X  0.9875  0.1321 -0.0861
Y -0.1452  0.9746 -0.1703
Z  0.0614  0.1807  0.9816

PART 38
OFFSET  12.6444 -1.9951 -5.2063
X  0.9860  0.1284 -0.1062
Y -0.1452  0.9746 -0.1703
Z  0.0816  0.1834  0.9797

PART 39
OFFSET  31.8377  0.6392 -6.5001
X  0.9860  0.1284 -0.1062
Y -0.1452  0.9746 -0.1703
Z  0.0816  0.1834  0.9797

PART 40
OFFSET  7.5443 -3.1182 -7.1964
X  0.9860  0.1284 -0.1062
Y -0.1452  0.9746 -0.1703
Z  0.0816  0.1834  0.9797

PART 41
OFFSET  33.5974  0.5244 -9.3989
X -0.1452  0.9746 -0.1703
Y -0.9860 -0.1284  0.1062
Z  0.0816  0.1834  0.9797

PART 42
OFFSET  22.0839 -1.3972 -7.6699
X -0.3012  0.1205  0.9459
Y -0.9424 -0.1887 -0.2760
Z  0.1452 -0.9746  0.1703

PART 43
OFFSET  22.0839 -1.3972 -7.6699
X -0.1452  0.9746 -0.1703
Y -0.9860 -0.1284  0.1062
Z  0.0816  0.1834  0.9797

PART 44
OFFSET  21.6015 -1.2560 -8.1527
X -0.1452  0.9746 -0.1703
Y -0.9860 -0.1284  0.1062
Z  0.0816  0.1834  0.9797

PART 45
OFFSET  21.3982  0.1085 -8.3911
X -0.1664  0.7333 -0.6592
Y -0.9860 -0.1284  0.1062
Z -0.0068  0.6677  0.7444

PART 46
OFFSET  31.3387  0.2532 -8.9749
X  0.9860  0.1284 -0.1062
Y -0.1452  0.9746 -0.1703
Z  0.0816  0.1834  0.9797

PART 47
OFFSET  30.3991  1.3804 -9.8977
X  0.8838 -0.2657  0.3851
Y  0.4677  0.5237 -0.7121
Z -0.0125  0.8094  0.5871

PART 48
OFFSET -16.1347 -6.3156 -6.8175
X -0.8586  0.1636  0.4857
Y -0.2273 -0.9709 -0.0748
Z  0.4594 -0.1747  0.8709

PART 49
OFFSET -5.7503 -8.2945 -12.6921
X -0.8197 -0.2465 -0.5171
Y  0.5715 -0.2912 -0.7672
Z  0.0386 -0.9244  0.3796

PART 50
OFFSET  1.2213 -6.1976 -8.2941
X -0.8197 -0.2465 -0.5171
Y  0.5634 -0.1835 -0.8056
Z  0.1037 -0.9516  0.2893

PART 51
OFFSET  1.9652 -4.5382 -7.4828
X -0.8231 -0.2420 -0.5137
Y -0.0445  0.9293 -0.3666
Z  0.5661 -0.2789 -0.7757

PART 52
OFFSET  1.7798 -4.8228 -6.3114
X -0.8231 -0.2420 -0.5137
Y -0.0445  0.9293 -0.3666
Z  0.5661 -0.2789 -0.7757

PART 53
OFFSET  1.9949 -6.0951 -5.8547
X -0.8231 -0.2420 -0.5137
Y -0.0445  0.9293 -0.3666
Z  0.5661 -0.2789 -0.7757

PART 54
OFFSET  3.7341 -5.4417 -6.7089
X -0.9420 -0.3088 -0.1313
Y  0.2299 -0.3091 -0.9228
Z  0.2444 -0.8995  0.3622

PART 55
OFFSET  3.8356 -4.6352 -5.9080
X -0.4372 -0.8241 -0.3603
Y  0.4762  0.1277 -0.8700
Z  0.7630 -0.5519  0.3366

PART 56
OFFSET  4.6891 -2.8390 -5.0625
X -0.8191 -0.4091  0.4022
Y -0.0625 -0.6332 -0.7714
Z  0.5703 -0.6570  0.4931

PART 57
OFFSET  5.9437 -2.1427 -5.8130
X -0.4540  0.0657  0.8886
Y -0.5914 -0.7681 -0.2454
Z  0.6664 -0.6369  0.3876

PART 58
OFFSET  6.4143 -2.1715 -6.7874
X -0.8851  0.2993  0.3564
Y -0.0670  0.6757 -0.7341
Z -0.4606 -0.6736 -0.5780

PART 59
OFFSET  4.7280 -5.3297 -7.6591
X -0.8623 -0.3419  0.3736
Y  0.4681 -0.8196  0.3304
Z  0.1932  0.4598  0.8668

PART 60
OFFSET  6.6363 -4.3941 -8.4127
X  0.0447 -0.9680  0.2469
Y  0.9272 -0.0518 -0.3709
Z  0.3718  0.2455  0.8953

PART 61
OFFSET  6.5730 -3.0236 -8.7623
X  0.8275 -0.5231 -0.2042
Y  0.4385  0.8290 -0.3471
Z  0.3508  0.1977  0.9153

PART 62
OFFSET  5.8394 -2.5598 -8.5812
X  0.8233  0.3525 -0.4449
Y -0.4289  0.8998 -0.0807
Z  0.3718  0.2573  0.8920

PART 63
OFFSET  5.0572 -2.8947 -8.1586
X -0.4143 -0.8716  0.2620
Y -0.8066  0.4849  0.3380
Z -0.4217 -0.0713 -0.9039

PART 64
OFFSET  4.8165 -5.1819 -6.9664
X -0.9169 -0.3550  0.1824
Y  0.3986 -0.8367  0.3755
Z  0.0194  0.4170  0.9087

PART 65
OFFSET  7.2022 -4.3410 -7.5665
X  0.0254 -0.9329  0.3591
Y  0.9304 -0.1094 -0.3500
Z  0.3658  0.3430  0.8652

PART 66
OFFSET  7.1589 -2.7527 -8.1779
X  0.9097 -0.3305 -0.2514
Y  0.2098  0.8882 -0.4087
Z  0.3584  0.3191  0.8773

PART 67
OFFSET  5.8981 -2.2946 -7.8295
X  0.7263  0.4985 -0.4733
Y -0.5900  0.8054 -0.0571
Z  0.3527  0.3207  0.8790

PART 68
OFFSET  5.1104 -2.8352 -7.3162
X -0.2407 -0.8527  0.4636
Y -0.9142  0.3596  0.1868
Z -0.3260 -0.3789 -0.8661

PART 69
OFFSET -0.2500 -6.9476 -6.2808
X -0.8629 -0.4809  0.1557
Y -0.4984  0.7582 -0.4205
Z  0.0842 -0.4404 -0.8938

PART 70
OFFSET  7.3221 -4.3397 -5.3668
X -0.9841 -0.1708 -0.0497
Y  0.1513 -0.9505  0.2715
Z -0.0936  0.2596  0.9612

PART 71
OFFSET  9.0547 -4.0390 -5.2793
X -0.2195 -0.9331  0.2847
Y  0.9708 -0.1798  0.1590
Z -0.0972  0.3113  0.9453

PART 72
OFFSET  9.3156 -2.8857 -5.5680
X  0.2003 -0.9457  0.2559
Y  0.9754  0.2171  0.0391
Z -0.0925  0.2418  0.9659

PART 73
OFFSET  9.0894 -1.8174 -5.8570
X -0.9717  0.1799  0.1531
Y  0.1148  0.9261 -0.3593
Z -0.2064 -0.3315 -0.9206

PART 74
OFFSET  7.4273 -4.5466 -6.4469
X -0.1049 -0.9110  0.3987
Y  0.9792 -0.1646 -0.1184
Z  0.1735  0.3780  0.9094

PART 75
OFFSET  7.6322 -2.7669 -7.2258
X  0.8984 -0.4392  0.0065
Y  0.3939  0.7990 -0.4543
Z  0.1944  0.4107  0.8908

PART 76
OFFSET  6.3200 -2.1254 -7.2353
X  0.7954  0.4435 -0.4130
Y -0.5752  0.7671 -0.2841
Z  0.1908  0.4636  0.8653

PART 77
OFFSET  5.4174 -2.6304 -6.7738
X -0.2547 -0.8596  0.4429
Y -0.9353  0.3353  0.1128
Z -0.2455 -0.3855 -0.8895

PART 78
OFFSET  0.0000 -0.0000 -0.0000
X  1.0000 -0.0000  0.0000
Y  0.0000  1.0000  0.0000
Z  0.0000 -0.0000  1.0000

PART 79
OFFSET  0.0000 -0.0000 -0.0000
X  1.0000 -0.0000  0.0000
Y  0.0000  1.0000  0.0000
Z  0.0000 -0.0000  1.0000

PART 80
OFFSET  1.5404 -0.0000  4.1357
X  1.0000 -0.0000  0.0000
Y  0.0000  1.0000  0.0000
Z  0.0000 -0.0000  1.0000


FRAME 2003
PART 0
OFFSET -4.6318 -0.0000 -1.3770
X  1.0000 -0.0000  0.0000
Y  0.0000  1.0000  0.0000
Z  0.0000 -0.0000  1.0000

PART 1
OFFSET -4.6318 -0.0000 -1.3770
X  1.0000 -0.0000  0.0000
Y  0.0000  1.0000  0.0000
Z  0.0000 -0.0000  1.0000

PART 2
OFFSET -3.5060  6.3408 -6.7125
X  0.7881 -0.2118 -0.5779
Y -0.0256 -0.9494  0.3131
Z -0.6150 -0.2320 -0.7536

PART 3
OFFSET  6.0254  3.7789 -13.7019
X  0.8874 -0.3545  0.2948
Y -0.3163 -0.0030  0.9487
Z -0.3354 -0.9351 -0.1147

PART 4
OFFSET  13.5730  0.7639 -11.1948
X  0.8874 -0.3545  0.2948
Y  0.1683  0.8443  0.5088
Z -0.4292 -0.4019  0.8089

PART 5
OFFSET  15.6561  1.9338 -11.3221
X  0.8901 -0.3520  0.2895
Y  0.3375  0.9360  0.1002
Z -0.3062  0.0085  0.9519

PART 6
OFFSET  14.6251 -0.2747 -12.1707
X  0.8901 -0.3520  0.2895
Y  0.3375  0.9360  0.1002
Z -0.3062  0.0085  0.9519

PART 7
OFFSET  15.2890  1.3880 -9.0964
X  0.8901 -0.3520  0.2895
Y  0.3375  0.9360  0.1002
Z -0.3062  0.0085  0.9519

PART 8
OFFSET  14.6823 -0.0438 -9.3330
X  0.8901 -0.3520  0.2895
Y  0.3375  0.9360  0.1002
Z -0.3062  0.0085  0.9519

PART 9
OFFSET  14.1280 -0.9805 -10.0845
X  0.8901 -0.3520  0.2895
Y  0.3375  0.9360  0.1002
Z -0.3062  0.0085  0.9519

PART 10
OFFSET  16.2934 -0.3228 -10.2911
X  0.9999  0.0124  0.0100
Y -0.0157  0.8695  0.4937
Z -0.0026 -0.4937  0.8696

PART 11
OFFSET  16.7270  0.3191 -9.4532
X  0.9407  0.2401  0.2396
Y -0.2473  0.9689 -0.0001
Z -0.2322 -0.0591  0.9709

PART 12
OFFSET  18.7194  0.9306 -8.8821
X  0.9878 -0.1255 -0.0918
Y  0.1472  0.9450  0.2922
Z  0.0501 -0.3021  0.9519

PART 13
OFFSET  20.3109  0.6378 -8.9412
X  0.9583  0.2201  0.1824
Y -0.2429  0.9633  0.1139
Z -0.1506 -0.1535  0.9766

PART 14
OFFSET  21.3362  0.8851 -8.6973
X  0.7541  0.4595 -0.4692
Y -0.3662 -0.2988 -0.8812
Z -0.5452  0.8364 -0.0570

PART 15
OFFSET  17.1558 -1.3432 -10.6355
X  0.8835 -0.4655 -0.0530
Y -0.1837 -0.4484  0.8747
Z -0.4309 -0.7631 -0.4817

PART 16
OFFSET  19.1811 -2.3329 -10.5772
X  0.0619 -0.0218  0.9978
Y -0.8008  0.5956  0.0627
Z -0.5957 -0.8030  0.0194

PART 17
OFFSET  19.2687 -2.3638 -9.1645
X -0.3878  0.3426  0.8557
Y -0.7229  0.4630 -0.5130
Z -0.5719 -0.8175  0.0681

PART 18
OFFSET  18.9249 -2.0600 -8.4058
X -0.5831  0.4772  0.6574
Y -0.5304  0.3894 -0.7531
Z -0.6154 -0.7878  0.0260

PART 19
OFFSET  18.3709 -1.6066 -7.7812
X  0.8679 -0.4955 -0.0339
Y -0.1029 -0.1127 -0.9883
Z  0.4859  0.8613 -0.1488

PART 20
OFFSET  17.3657 -0.6937 -10.4266
X  0.9563 -0.2582 -0.1368
Y -0.0224 -0.5316  0.8467
Z -0.2914 -0.8067 -0.5142

PART 21
OFFSET  19.8207 -1.5355 -10.5772
X  0.2502 -0.4277  0.8686
Y -0.6818  0.5591  0.4718
Z -0.6874 -0.7102 -0.1517

PART 22
OFFSET  20.2467 -2.2637 -9.0985
X -0.4720  0.2866  0.8337
Y -0.5683  0.6241 -0.5363
Z -0.6740 -0.7269 -0.1318

PART 23
OFFSET  19.5925 -1.8665 -7.9430
X -0.6538  0.4950  0.5723
Y -0.3486  0.4743 -0.8084
Z -0.6716 -0.7281 -0.1375

PART 24
OFFSET  18.8835 -1.3297 -7.3223
X  0.7018 -0.7123 -0.0139
Y  0.1182  0.1357 -0.9837
Z  0.7025  0.6887  0.1795

PART 25
OFFSET  19.3494  0.8313 -9.0103
X  0.9431 -0.2938  0.1558
Y  0.2924  0.5096 -0.8092
Z  0.1584  0.8087  0.5665

PART 26
OFFSET  20.1786  0.5647 -10.2029
X  0.7327 -0.6581  0.1735
Y -0.3826 -0.1875  0.9047
Z -0.5628 -0.7292 -0.3892

PART 27
OFFSET  21.4686 -0.5940 -9.8974
X  0.0289 -0.5875  0.8087
Y -0.8367  0.4284  0.3411
Z -0.5469 -0.6865 -0.4792

PART 28
OFFSET  21.5370 -1.2665 -8.8852
X -0.4992 -0.0593  0.8644
Y -0.6644  0.6666 -0.3379
Z -0.5562 -0.7430 -0.3722

PART 29
OFFSET  20.9731 -1.3335 -7.9088
X  0.6058 -0.7915 -0.0810
Y  0.3474  0.3548 -0.8680
Z  0.7157  0.4977  0.4899

PART 30
OFFSET  20.0885 -0.4685 -10.5835
X  0.4718 -0.5705  0.6722
Y -0.6849  0.2430  0.6869
Z -0.5552 -0.7845 -0.2761

PART 31
OFFSET  21.0103 -1.5830 -9.2703
X -0.3726 -0.0672  0.9255
Y -0.7162  0.6551 -0.2408
Z -0.5901 -0.7526 -0.2922

PART 32
OFFSET  20.4661 -1.6811 -7.9184
X -0.7277  0.3503  0.5897
Y -0.3100  0.5990 -0.7383
Z -0.6119 -0.7201 -0.3273

PART 33
OFFSET  19.6378 -1.2899 -7.2523
X  0.7951 -0.6051  0.0403
Y  0.1849  0.1786 -0.9664
Z  0.5776  0.7758  0.2539

PART 34
OFFSET  19.0087 -1.5103 -9.2048
X -0.3404 -0.8172 -0.4650
Y  0.0026  0.4937 -0.8696
Z  0.9403 -0.2972 -0.1659

PART 35
OFFSET  8.6638 -2.5484 -5.3416
X  0.9659  0.2019 -0.1618
Y -0.2388  0.9364 -0.2572
Z  0.0996  0.2871  0.9527

PART 36
OFFSET  8.6638 -2.5484 -5.3416
X  0.9659  0.2019 -0.1618
Y -0.2388  0.9364 -0.2572
Z  0.0996  0.2871  0.9527

PART 37
OFFSET  14.0859 -1.0650 -3.8810
X  0.9678  0.2077 -0.1423
Y -0.2388  0.9364 -0.2572
Z  0.0798  0.2829  0.9558

PART 38
OFFSET  12.7563 -1.6038 -5.7612
X  0.9659  0.2019 -0.1618
Y -0.2388  0.9364 -0.2572
Z  0.0996  0.2871  0.9527

PART 39
OFFSET  31.5740  2.5385 -8.1563
X  0.9659  0.2019 -0.1618
Y -0.2388  0.9364 -0.2572
Z  0.0996  0.2871  0.9527

PART 40
OFFSET  7.7110 -3.3581 -7.4044
X  0.9659  0.2019 -0.1618
Y -0.2388  0.9364 -0.2572
Z  0.0996  0.2871  0.9527

PART 41
OFFSET  33.2322  2.2862 -11.1057
X -0.2388  0.9364 -0.2572
Y -0.9659 -0.2019  0.1618
Z  0.0996  0.2871  0.9527

PART 42
OFFSET  22.0090 -0.4414 -8.6885
X -0.2769  0.1883  0.9423
Y -0.9308 -0.2963 -0.2143
Z  0.2388 -0.9364  0.2572

PART 43
OFFSET  22.0090 -0.4414 -8.6885
X -0.2388  0.9364 -0.2572
Y -0.9659 -0.2019  0.1618
Z  0.0996  0.2871  0.9527

PART 44
OFFSET  21.4988 -0.3916 -9.1607
X -0.2388  0.9364 -0.2572
Y -0.9659 -0.2019  0.1618
Z  0.0996  0.2871  0.9527

PART 45
OFFSET  21.1645  0.9192 -9.5209
X -0.2556  0.6463 -0.7190
Y -0.9659 -0.2019  0.1618
Z -0.0406  0.7359  0.6759

PART 46
OFFSET  31.0238  1.8644 -10.5575
X  0.9659  0.2019 -0.1618
Y -0.2388  0.9364 -0.2572
Z  0.0996  0.2871  0.9527

PART 47
OFFSET  29.9538  2.8077 -11.5423
X  0.9174 -0.1482  0.3693
Y  0.3926  0.4881 -0.7795
Z -0.0647  0.8601  0.5060

PART 48
OFFSET -15.2630 -7.2051 -6.6733
X -0.8524  0.2559  0.4560
Y -0.2226 -0.9667  0.1264
Z  0.4732  0.0062  0.8810

PART 49
OFFSET -4.9544 -10.3001 -12.1883
X -0.7865 -0.3766 -0.4894
Y  0.6156 -0.4144 -0.6703
Z  0.0497 -0.8285  0.5578

PART 50
OFFSET  1.7354 -7.0966 -8.0257
X -0.7865 -0.3766 -0.4894
Y  0.5830 -0.1915 -0.7896
Z  0.2036 -0.9063  0.3702

PART 51
OFFSET  2.3885 -5.2811 -7.5335
X -0.7903 -0.3717 -0.4871
Y -0.0563  0.8357 -0.5463
Z  0.6101 -0.4043 -0.6814

PART 52
OFFSET  2.1576 -5.3350 -6.3371
X -0.7903 -0.3717 -0.4871
Y -0.0563  0.8357 -0.5463
Z  0.6101 -0.4043 -0.6814

PART 53
OFFSET  2.3907 -6.4819 -5.6273
X -0.7903 -0.3717 -0.4871
Y -0.0563  0.8357 -0.5463
Z  0.6101 -0.4043 -0.6814

PART 54
OFFSET  4.1466 -5.9419 -6.5254
X -0.9143 -0.4008 -0.0587
Y  0.2239 -0.3791 -0.8979
Z  0.3376 -0.8341  0.4363

PART 55
OFFSET  4.2033 -5.0534 -5.8116
X -0.3734 -0.8908 -0.2590
Y  0.4313  0.0805 -0.8986
Z  0.8213 -0.4472  0.3542

PART 56
OFFSET  4.9203 -3.1142 -5.1827
X -0.7638 -0.4361  0.4759
Y -0.0324 -0.7105 -0.7030
Z  0.6446 -0.5524  0.5285

PART 57
OFFSET  6.0792 -2.3908 -6.0521
X -0.4261  0.1150  0.8973
Y -0.5278 -0.8372 -0.1434
Z  0.7347 -0.5347  0.4174

PART 58
OFFSET  6.5153 -2.4765 -7.0392
X -0.8953  0.2559  0.3647
Y -0.1541  0.5903 -0.7923
Z -0.4180 -0.7655 -0.4891

PART 59
OFFSET  5.0918 -5.8402 -7.5253
X -0.8139 -0.3760  0.4429
Y  0.5518 -0.7387  0.3871
Z  0.1816  0.5594  0.8087

PART 60
OFFSET  6.8794 -4.8233 -8.4500
X  0.1409 -0.9308  0.3372
Y  0.9143 -0.0083 -0.4050
Z  0.3798  0.3654  0.8499

PART 61
OFFSET  6.6799 -3.5055 -8.9274
X  0.8636 -0.4674 -0.1892
Y  0.3490  0.8248 -0.4448
Z  0.3639  0.3181  0.8754

PART 62
OFFSET  5.9142 -3.0911 -8.7596
X  0.7716  0.3760 -0.5131
Y -0.5112  0.8466 -0.1483
Z  0.3786  0.3767  0.8454

PART 63
OFFSET  5.1812 -3.4483 -8.2722
X -0.3240 -0.8735  0.3633
Y -0.8346  0.4448  0.3251
Z -0.4455 -0.1978 -0.8731

PART 64
OFFSET  5.1913 -5.6166 -6.8547
X -0.8739 -0.4129  0.2565
Y  0.4859 -0.7572  0.4366
Z  0.0140  0.5062  0.8623

PART 65
OFFSET  7.4680 -4.6368 -7.6389
X  0.1226 -0.8865  0.4462
Y  0.9233 -0.0630 -0.3788
Z  0.3639  0.4585  0.8108

PART 66
OFFSET  7.2593 -3.1276 -8.3987
X  0.9263 -0.2741 -0.2585
Y  0.1138  0.8575 -0.5017
Z  0.3592  0.4353  0.8255

PART 67
OFFSET  5.9755 -2.7477 -8.0404
X  0.6608  0.5094 -0.5512
Y -0.6621  0.7415 -0.1085
Z  0.3534  0.4366  0.8273

PART 68
OFFSET  5.2588 -3.3002 -7.4427
X -0.1458 -0.8195  0.5542
Y -0.9358  0.2961  0.1915
Z -0.3211 -0.4907 -0.8100

PART 69
OFFSET  0.3330 -7.7364 -5.7767
X -0.8097 -0.5357  0.2397
Y -0.5797  0.6662 -0.4693
Z  0.0917 -0.5189 -0.8499

PART 70
OFFSET  7.6659 -4.4044 -5.4571
X -0.9657 -0.2594  0.0109
Y  0.2463 -0.9018  0.3552
Z -0.0823  0.3457  0.9347

PART 71
OFFSET  9.3661 -3.9476 -5.4763
X -0.1238 -0.9153  0.3832
Y  0.9881 -0.0782  0.1323
Z -0.0911  0.3950  0.9141

PART 72
OFFSET  9.5111 -2.8109 -5.8866
X  0.2940 -0.8944  0.3371
Y  0.9525  0.3035 -0.0255
Z -0.0795  0.3286  0.9411

PART 73
OFFSET  9.1789 -1.8006 -6.2673
X -0.9779  0.1096  0.1780
Y  0.0176  0.8919 -0.4520
Z -0.2083 -0.4388 -0.8741

PART 74
OFFSET  7.7506 -4.7088 -6.5157
X -0.0077 -0.8721  0.4893
Y  0.9852 -0.0903 -0.1454
