// Export filename: `C:\projects\cod\t5\xanim_export\t5_viewmodels\ak47\ak47_masterkey_mk_d2p_loop.XANIM_EXPORT`
// Source filename: `D:\projects\devanim\t5\animation_assets\viewmodels/ak47/ViewModel_AK47_MasterKey_animated.fbx`
// Export time: Wed Jul 07 18:24:09 2010

ANIMATION
VERSION 3

NUMPARTS 77
PART 0 "tag_ads"
PART 1 "tag_torso"
PART 2 "J_Shoulder_LE"
PART 3 "J_Elbow_LE"
PART 4 "J_WristTwist_LE"
PART 5 "J_Sleave_Reshape_Bottom_LE_1"
PART 6 "J_Sleave_Reshape_Bottom_LE_2"
PART 7 "J_Sleave_Reshape_Top_LE_1"
PART 8 "J_Sleave_Reshape_Top_LE_2"
PART 9 "J_Sleave_Reshape_Top_LE_3"
PART 10 "J_Wrist_LE"
PART 11 "J_Thumb_LE_0"
PART 12 "J_Thumb_LE_1"
PART 13 "J_Thumb_LE_2"
PART 14 "J_Thumb_LE_3"
PART 15 "J_PinkyPalm_LE"
PART 16 "J_Pinky_LE_0"
PART 17 "J_Pinky_LE_1"
PART 18 "J_Pinky_LE_2"
PART 19 "J_Pinky_LE_3"
PART 20 "J_RingPalm_LE"
PART 21 "J_Ring_LE_0"
PART 22 "J_Ring_LE_1"
PART 23 "J_Ring_LE_2"
PART 24 "J_Ring_LE_3"
PART 25 "J_Webbing_LE"
PART 26 "J_Index_LE_0"
PART 27 "J_Index_LE_1"
PART 28 "J_Index_LE_2"
PART 29 "J_Index_LE_3"
PART 30 "J_Mid_LE_0"
PART 31 "J_Mid_LE_1"
PART 32 "J_Mid_LE_2"
PART 33 "J_Mid_LE_3"
PART 34 "tag_knife_attach"
PART 35 "tag_weapon"
PART 36 "J_Gun"
PART 37 "J_bolt"
PART 38 "tag_masterkey"
PART 39 "tag_brass2"
PART 40 "tag_ammo2"
PART 41 "tag_pump2"
PART 42 "TAG_CLIP"
PART 43 "TAG_FLASH"
PART 44 "J_Shoulder_RI"
PART 45 "J_Elbow_RI"
PART 46 "J_WristTwist_RI"
PART 47 "J_Sleave_Reshape_Top_RI_3"
PART 48 "J_Sleave_Reshape_Top_RI_2"
PART 49 "J_Sleave_Reshape_Top_RI_1"
PART 50 "J_Wrist_RI"
PART 51 "J_Thumb_RI_0"
PART 52 "J_Thumb_RI_1"
PART 53 "J_Thumb_RI_2"
PART 54 "J_Thumb_RI_3"
PART 55 "J_PinkyPalm_RI"
PART 56 "J_Pinky_RI_0"
PART 57 "J_Pinky_RI_1"
PART 58 "J_Pinky_RI_2"
PART 59 "J_Pinky_RI_3"
PART 60 "J_RingPalm_RI"
PART 61 "J_Ring_RI_0"
PART 62 "J_Ring_RI_1"
PART 63 "J_Ring_RI_2"
PART 64 "J_Ring_RI_3"
PART 65 "J_Webbing_RI"
PART 66 "J_Index_RI_0"
PART 67 "J_Index_RI_1"
PART 68 "J_Index_RI_2"
PART 69 "J_Index_RI_3"
PART 70 "J_Mid_RI_0"
PART 71 "J_Mid_RI_1"
PART 72 "J_Mid_RI_2"
PART 73 "J_Mid_RI_3"
PART 74 "tag_cambone"
PART 75 "tag_camera"
PART 76 "tag_gasmask"

FRAMERATE 30
NUMFRAMES 16

FRAME 1970
PART 0
OFFSET  0.0000 -0.0000 -0.0000
X  1.0000 -0.0000  0.0000
Y  0.0000  1.0000  0.0000
Z  0.0000 -0.0000  1.0000

PART 1
OFFSET -4.6318 -0.0000 -1.3770
X  1.0000 -0.0000  0.0000
Y  0.0000  1.0000  0.0000
Z  0.0000 -0.0000  1.0000

PART 2
OFFSET  2.8613  1.6487 -9.0607
X  0.4996  0.3916 -0.7727
Y  0.7274 -0.6741  0.1286
Z -0.4705 -0.6263 -0.6216

PART 3
OFFSET  8.9030  6.3851 -18.4056
X  0.8345  0.2450  0.4935
Y -0.3932 -0.3626  0.8449
Z  0.3860 -0.8992 -0.2062

PART 4
OFFSET  16.0009  8.4690 -14.2080
X  0.8345  0.2450  0.4935
Y -0.3926  0.8929  0.2205
Z -0.3866 -0.3778  0.8413

PART 5
OFFSET  16.7878  10.6938 -13.8139
X  0.8358  0.2496  0.4891
Y -0.3825  0.9036  0.1926
Z -0.3938 -0.3481  0.8507

PART 6
OFFSET  17.6227  8.5161 -14.9190
X  0.8358  0.2496  0.4891
Y -0.3825  0.9036  0.1926
Z -0.3938 -0.3481  0.8507

PART 7
OFFSET  16.4943  9.6739 -11.7500
X  0.8358  0.2496  0.4891
Y -0.3825  0.9036  0.1926
Z -0.3938 -0.3481  0.8507

PART 8
OFFSET  16.9965  7.8359 -11.8842
X  0.8358  0.2496  0.4891
Y -0.3825  0.9036  0.1926
Z -0.3938 -0.3481  0.8507

PART 9
OFFSET  17.3317  6.9041 -12.7610
X  0.8358  0.2496  0.4891
Y -0.3825  0.9036  0.1926
Z -0.3938 -0.3481  0.8507

PART 10
OFFSET  18.5592  9.2202 -12.6951
X  0.8557  0.5134 -0.0648
Y -0.4890  0.8432  0.2233
Z  0.1693 -0.1594  0.9726

PART 11
OFFSET  18.5418  10.1994 -12.1093
X  0.6576  0.7312  0.1817
Y -0.7180  0.6812 -0.1427
Z -0.2281 -0.0366  0.9730

PART 12
OFFSET  19.8764  11.8431 -11.6774
X  0.9012  0.4259 -0.0807
Y -0.4223  0.9046  0.0580
Z  0.0977 -0.0182  0.9951

PART 13
OFFSET  21.3674  12.4746 -11.6997
X  0.7222  0.6901 -0.0472
Y -0.6915  0.7218 -0.0277
Z  0.0150  0.0526  0.9985

PART 14
OFFSET  22.1373  13.2355 -11.7054
X  0.3810  0.6244 -0.6819
Y -0.2215 -0.6544 -0.7230
Z -0.8977  0.4265 -0.1111

PART 15
OFFSET  19.8411  8.7195 -12.7924
X  0.9043 -0.0946  0.4163
Y -0.4149  0.0347  0.9092
Z -0.1004 -0.9949 -0.0079

PART 16
OFFSET  21.8367  8.6562 -11.7445
X -0.0051  0.1280  0.9918
Y -0.9970 -0.0772  0.0048
Z  0.0772 -0.9888  0.1280

PART 17
OFFSET  21.8294  8.8374 -10.3404
X -0.7527  0.0414  0.6571
Y -0.6506 -0.2002 -0.7326
Z  0.1012 -0.9789  0.1776

PART 18
OFFSET  21.1621  8.8741 -9.7578
X -0.9978 -0.0618  0.0248
Y -0.0170 -0.1238 -0.9922
Z  0.0644 -0.9904  0.1225

PART 19
OFFSET  20.2142  8.8154 -9.7342
X  0.7645  0.2682  0.5861
Y  0.6374 -0.1789 -0.7495
Z -0.0962  0.9466 -0.3077

PART 20
OFFSET  19.6807  9.4150 -12.7941
X  0.9655  0.2286 -0.1244
Y  0.1730 -0.2068  0.9630
Z  0.1944 -0.9513 -0.2392

PART 21
OFFSET  22.2572  9.7392 -12.6704
X  0.3424  0.0004  0.9395
Y -0.9316 -0.1297  0.3396
Z  0.1220 -0.9916 -0.0440

PART 22
OFFSET  22.8401  9.7400 -11.0708
X -0.7024 -0.1139  0.7026
Y -0.6981 -0.0822 -0.7112
Z  0.1388 -0.9901 -0.0218

PART 23
OFFSET  21.8667  9.5821 -10.0971
X -0.9891 -0.1442  0.0285
Y -0.0319  0.0215 -0.9993
Z  0.1435 -0.9893 -0.0259

PART 24
OFFSET  20.7939  9.4257 -10.0662
X  0.8357  0.0572  0.5462
Y  0.5346  0.1428 -0.8329
Z -0.1256  0.9881  0.0887

PART 25
OFFSET  20.5115  12.0561 -12.0188
X  0.9468  0.2756  0.1663
Y  0.0677  0.3345 -0.9399
Z -0.3147  0.9012  0.2981

PART 26
OFFSET  21.4619  11.9158 -13.1405
X  0.9991  0.0262 -0.0326
Y  0.0381 -0.2514  0.9671
Z  0.0171 -0.9675 -0.2522

PART 27
OFFSET  23.2210  11.9618 -13.1978
X  0.7994 -0.1758  0.5745
Y -0.6006 -0.2595  0.7563
Z  0.0161 -0.9496 -0.3131

PART 28
OFFSET  24.1918  11.8058 -12.4804
X  0.0441 -0.1610  0.9860
Y -0.9942 -0.1040  0.0275
Z  0.0981 -0.9815 -0.1647

PART 29
OFFSET  24.2417  11.6239 -11.3667
X  0.9107 -0.1298 -0.3921
Y -0.3521  0.2523 -0.9013
Z  0.2159  0.9589  0.1841

PART 30
OFFSET  21.9314  10.9176 -13.2013
X  0.7658 -0.0859  0.6373
Y -0.6408 -0.1854  0.7450
Z  0.0541 -0.9789 -0.1970

PART 31
OFFSET  23.4275  10.7497 -11.9563
X -0.3589 -0.2022  0.9112
Y -0.9333  0.0637 -0.3535
Z  0.0134 -0.9773 -0.2116

PART 32
OFFSET  22.9032  10.4544 -10.6254
X -0.9680 -0.0391  0.2477
Y -0.2495  0.2522 -0.9350
Z -0.0260 -0.9669 -0.2539

PART 33
OFFSET  21.8068  10.4032 -10.3459
X  0.9033 -0.0694  0.4234
Y  0.4291  0.1455 -0.8915
Z  0.0002  0.9869  0.1612

PART 34
OFFSET  21.4007  9.9146 -11.5089
X  0.1532 -0.9706 -0.1858
Y -0.1693  0.1594 -0.9726
Z  0.9736  0.1805 -0.1398

PART 35
OFFSET  8.2002 -0.8802 -4.9912
X  0.6990  0.6712 -0.2467
Y -0.7068  0.5958 -0.3814
Z -0.1090  0.4410  0.8909

PART 36
OFFSET  8.2002 -0.8802 -4.9912
X  0.6990  0.6712 -0.2467
Y -0.7068  0.5958 -0.3814
Z -0.1090  0.4410  0.8909

PART 37
OFFSET  11.8474  3.5494 -4.0913
X  0.6966  0.6801 -0.2285
Y -0.7068  0.5958 -0.3814
Z -0.1233  0.4272  0.8957

PART 38
OFFSET  14.9166  4.2485 -9.4230
X  0.6990  0.6712 -0.2467
Y -0.7068  0.5958 -0.3814
Z -0.1090  0.4410  0.8909

PART 39
OFFSET  18.5838  8.3046 -8.9998
X  0.4337  0.7148 -0.5486
Y  0.4847 -0.6983 -0.5267
Z -0.7596 -0.0375 -0.6493

PART 40
OFFSET -0.6123 -10.0866 -3.0811
X  0.5962  0.7919  0.1322
Y -0.7068  0.5958 -0.3814
Z -0.3808  0.1340  0.9149

PART 41
OFFSET  22.2161  10.1355 -13.7522
X  0.7068 -0.5958  0.3814
Y  0.6990  0.6712 -0.2467
Z -0.1090  0.4410  0.8909

PART 42
OFFSET  11.1032  2.0789 -5.7874
X  0.6990  0.6712 -0.2467
Y -0.7068  0.5958 -0.3814
Z -0.1090  0.4410  0.8909

PART 43
OFFSET  24.4926  14.3968 -11.3572
X  0.6990  0.6712 -0.2467
Y -0.7068  0.5958 -0.3814
Z -0.1090  0.4410  0.8909

PART 44
OFFSET -10.8444 -11.7139 -5.9426
X -0.9219  0.3673 -0.1234
Y -0.2592 -0.3477  0.9011
Z  0.2880  0.8627  0.4157

PART 45
OFFSET  0.3046 -16.1559 -4.4496
X -0.5226 -0.8488  0.0806
Y  0.8492 -0.5097  0.1381
Z -0.0762  0.1406  0.9871

PART 46
OFFSET  4.7495 -8.9367 -5.1349
X -0.5226 -0.8488  0.0806
Y  0.4379 -0.3483 -0.8288
Z  0.7315 -0.3979  0.5537

PART 47
OFFSET  5.0147 -7.5375 -6.5266
X -0.5274 -0.8462  0.0768
Y  0.0652 -0.1304 -0.9893
Z  0.8471 -0.5167  0.1240

PART 48
OFFSET  4.3790 -6.6435 -5.9931
X -0.5274 -0.8462  0.0768
Y  0.0652 -0.1304 -0.9893
Z  0.8471 -0.5167  0.1240

PART 49
OFFSET  4.4485 -6.4416 -4.6412
X -0.5274 -0.8462  0.0768
Y  0.0652 -0.1304 -0.9893
Z  0.8471 -0.5167  0.1240

PART 50
OFFSET  6.3516 -6.3347 -5.3820
X -0.5385 -0.8408  0.0561
Y  0.4273 -0.3298 -0.8418
Z  0.7263 -0.4293  0.5369

PART 51
OFFSET  5.8832 -5.4619 -4.8153
X  0.1897 -0.9768 -0.0991
Y  0.3465  0.1610 -0.9241
Z  0.9187  0.1410  0.3690

PART 52
OFFSET  5.3881 -3.3779 -4.5299
X -0.4124 -0.7023  0.5802
Y  0.3899 -0.7117 -0.5844
Z  0.8234 -0.0148  0.5673

PART 53
OFFSET  5.9849 -2.2848 -5.5649
X -0.4500  0.0020  0.8930
Y  0.0273 -0.9995  0.0160
Z  0.8926  0.0316  0.4498

PART 54
OFFSET  6.4303 -2.2714 -6.5515
X -0.8999 -0.2248  0.3736
Y -0.4263  0.2740 -0.8621
Z  0.0915 -0.9351 -0.3424

PART 55
OFFSET  7.1180 -5.8896 -6.4393
X -0.4862 -0.6859  0.5415
Y  0.8539 -0.2410  0.4613
Z -0.1859  0.6866  0.7028

PART 56
OFFSET  8.0786 -4.2190 -7.6101
X  0.6193 -0.6325  0.4652
Y  0.7805  0.4319 -0.4519
Z  0.0849  0.6430  0.7612

PART 57
OFFSET  7.2018 -3.3235 -8.2687
X  0.9841  0.0617 -0.1665
Y -0.1489  0.7979 -0.5841
Z  0.0968  0.5996  0.7944

PART 58
OFFSET  6.3292 -3.3783 -8.1211
X  0.4534  0.6515 -0.6083
Y -0.8879  0.3897 -0.2444
Z  0.0778  0.6509  0.7552

PART 59
OFFSET  5.8985 -3.9972 -7.5432
X  0.1994 -0.8371  0.5095
Y -0.9522 -0.0428  0.3023
Z -0.2312 -0.5454 -0.8056

PART 60
OFFSET  7.0539 -5.5454 -5.8172
X -0.5092 -0.7786  0.3667
Y  0.8074 -0.2846  0.5169
Z -0.2981  0.5592  0.7736

PART 61
OFFSET  8.4375 -3.6140 -6.8724
X  0.5757 -0.5889  0.5672
Y  0.8174  0.3962 -0.4182
Z  0.0216  0.7044  0.7095

PART 62
OFFSET  7.4574 -2.6113 -7.8381
X  0.9321  0.2437 -0.2678
Y -0.3609  0.6864 -0.6314
Z  0.0299  0.6852  0.7278

PART 63
OFFSET  6.1655 -2.9491 -7.4669
X  0.2888  0.6940 -0.6595
Y -0.9571  0.2267 -0.1804
Z  0.0243  0.6833  0.7297

PART 64
OFFSET  5.8523 -3.7018 -6.7516
X  0.3113 -0.6645  0.6793
Y -0.9498 -0.2416  0.1990
Z  0.0319 -0.7072 -0.7063

PART 65
OFFSET  4.1384 -9.7851 -4.1489
X -0.3873 -0.8467  0.3649
Y -0.8341  0.1532 -0.5299
Z  0.3927 -0.5096 -0.7656

PART 66
OFFSET  8.3973 -2.9693 -4.7662
X -0.6617 -0.7421  0.1065
Y  0.6904 -0.5479  0.4724
Z -0.2923  0.3861  0.8749

PART 67
OFFSET  9.5624 -1.6626 -4.9536
X  0.3886 -0.7581  0.5237
Y  0.8618  0.5002  0.0846
Z -0.3261  0.4185  0.8477

PART 68
OFFSET  9.0702 -0.7156 -5.5388
X  0.7268 -0.5184  0.4506
Y  0.6269  0.7687 -0.1268
Z -0.2807  0.3746  0.8837

PART 69
OFFSET  8.2492 -0.1301 -6.0478
X -0.8815 -0.4198  0.2163
Y -0.4617  0.6696 -0.5819
Z  0.0994 -0.6128 -0.7840

PART 70
OFFSET  8.6732 -3.3398 -5.7697
X  0.4577 -0.6420  0.6151
Y  0.8758  0.4448 -0.1874
Z -0.1533  0.6245  0.7658

PART 71
OFFSET  7.7790 -2.0857 -6.9714
X  0.9749  0.2225  0.0082
Y -0.1587  0.7205 -0.6751
Z -0.1561  0.6568  0.7377

PART 72
OFFSET  6.3551 -2.4106 -6.9834
X  0.3733  0.7108 -0.5962
Y -0.9081  0.1483 -0.3917
Z -0.1900  0.6876  0.7008

PART 73
OFFSET  5.9330 -3.2204 -6.3133
X  0.3059 -0.6837  0.6626
Y -0.9468 -0.2918  0.1360
Z  0.1004 -0.6689 -0.7365

PART 74
OFFSET  0.0000 -0.0000 -0.0000
X  1.0000 -0.0000  0.0000
Y  0.0000  1.0000  0.0000
Z  0.0000 -0.0000  1.0000

PART 75
OFFSET -0.0000 -0.0000 -0.0000
X  0.9945 -0.0000 -0.1045
Y  0.0073  0.9976  0.0694
Z  0.1043 -0.0698  0.9921

PART 76
OFFSET  1.9633 -0.2885  3.9421
X  0.9945 -0.0000 -0.1045
Y  0.0073  0.9976  0.0694
Z  0.1043 -0.0698  0.9921


FRAME 1971
PART 0
OFFSET  0.0000 -0.0000 -0.0000
X  1.0000 -0.0000  0.0000
Y  0.0000  1.0000  0.0000
Z  0.0000 -0.0000  1.0000

PART 1
OFFSET -4.6318 -0.0000 -1.3770
X  1.0000 -0.0000  0.0000
Y  0.0000  1.0000  0.0000
Z  0.0000 -0.0000  1.0000

PART 2
OFFSET  2.9863  1.9766 -9.1736
X  0.5469  0.3814 -0.7453
Y  0.7156 -0.6750  0.1796
Z -0.4346 -0.6316 -0.6421

PART 3
OFFSET  9.5999  6.5891 -18.1873
X  0.7896  0.2364  0.5663
Y -0.4703 -0.3596  0.8059
Z  0.3941 -0.9027 -0.1727

PART 4
OFFSET  16.3156  8.5999 -13.3709
X  0.7896  0.2364  0.5663
Y -0.4647  0.8330  0.3003
Z -0.4007 -0.5003  0.7676

PART 5
OFFSET  17.0856  10.8165 -12.9042
X  0.7913  0.2409  0.5620
Y -0.3895  0.9071  0.1595
Z -0.4713 -0.3451  0.8116

PART 6
OFFSET  17.9947  8.6320 -13.9346
X  0.7913  0.2409  0.5620
Y -0.3895  0.9071  0.1595
Z -0.4713 -0.3451  0.8116

PART 7
OFFSET  16.5998  9.7974 -10.8764
X  0.7913  0.2409  0.5620
Y -0.3895  0.9071  0.1595
Z -0.4713 -0.3451  0.8116

PART 8
OFFSET  17.0951  7.9402 -10.9637
X  0.7913  0.2409  0.5620
Y -0.3895  0.9071  0.1595
Z -0.4713 -0.3451  0.8116

PART 9
OFFSET  17.4981  7.0061 -11.8089
X  0.7913  0.2409  0.5620
Y -0.3895  0.9071  0.1595
Z -0.4713 -0.3451  0.8116

PART 10
OFFSET  18.7362  9.3246 -11.6348
X  0.8745  0.4847 -0.0170
Y -0.4598  0.8397  0.2891
Z  0.1544 -0.2450  0.9572

PART 11
OFFSET  18.7493  10.2524 -10.9705
X  0.6822  0.6888  0.2454
Y -0.6913  0.7169 -0.0905
Z -0.2382 -0.1079  0.9652

PART 12
OFFSET  20.1391  11.8042 -10.3964
X  0.9169  0.3972 -0.0397
Y -0.3894  0.9119  0.1298
Z  0.0878 -0.1035  0.9907

PART 13
OFFSET  21.6524  12.3795 -10.3573
X  0.7474  0.6642  0.0143
Y -0.6643  0.7469  0.0277
Z  0.0077 -0.0302  0.9995

PART 14
OFFSET  22.4496  13.1091 -10.2956
X  0.4098  0.6637 -0.6258
Y -0.2386 -0.5841 -0.7758
Z -0.8804  0.4673 -0.0810

PART 15
OFFSET  19.9998  8.7862 -11.7652
X  0.8964 -0.1621  0.4126
Y -0.4217 -0.0247  0.9064
Z -0.1367 -0.9865 -0.0905

PART 16
OFFSET  21.9820  8.5628 -10.7139
X -0.0095  0.0462  0.9989
Y -0.9992 -0.0402 -0.0077
Z  0.0398 -0.9981  0.0465

PART 17
OFFSET  21.9685  8.6282 -9.2997
X -0.7566  0.0153  0.6537
Y -0.6507 -0.1150 -0.7506
Z  0.0637 -0.9933  0.0970

PART 18
OFFSET  21.2976  8.6417 -8.7201
X -0.9996 -0.0264  0.0135
Y -0.0124 -0.0411 -0.9991
Z  0.0269 -0.9988  0.0408

PART 19
OFFSET  20.3480  8.6167 -8.7073
X  0.7684  0.1904  0.6109
Y  0.6372 -0.1403 -0.7578
Z -0.0586  0.9716 -0.2292

PART 20
OFFSET  19.8650  9.4851 -11.7105
X  0.9744  0.2020 -0.0992
Y  0.1564 -0.2915  0.9437
Z  0.1617 -0.9350 -0.3156

PART 21
OFFSET  22.4503  9.7018 -11.5448
X  0.3336 -0.0895  0.9385
Y -0.9388 -0.1224  0.3220
Z  0.0860 -0.9884 -0.1249

PART 22
OFFSET  23.0182  9.5495 -9.9470
X -0.7125 -0.1450  0.6865
Y -0.6941  0.0025 -0.7199
Z  0.1027 -0.9894 -0.1025

PART 23
OFFSET  22.0307  9.3485 -8.9956
X -0.9940 -0.1091  0.0104
Y -0.0219  0.1047 -0.9943
Z  0.1074 -0.9885 -0.1065

PART 24
OFFSET  20.9527  9.2301 -8.9843
X  0.8322 -0.0190  0.5542
Y  0.5471  0.1907 -0.8150
Z -0.0902  0.9815  0.1691

PART 25
OFFSET  20.7847  12.0208 -10.7151
X  0.9547  0.2256  0.1943
Y  0.0886  0.4079 -0.9087
Z -0.2842  0.8847  0.3694

PART 26
OFFSET  21.7396  11.9377 -11.8387
X  0.9997 -0.0085 -0.0242
Y  0.0200 -0.3312  0.9433
Z -0.0160 -0.9435 -0.3309

PART 27
OFFSET  23.4997  11.9228 -11.8812
X  0.7871 -0.2521  0.5629
Y -0.6166 -0.2982  0.7286
Z -0.0158 -0.9206 -0.3902

PART 28
OFFSET  24.4575  11.6723 -11.1732
X  0.0291 -0.2430  0.9696
Y -0.9976 -0.0688  0.0127
Z  0.0636 -0.9676 -0.2444

PART 29
OFFSET  24.4904  11.3978 -10.0780
X  0.9089 -0.1310 -0.3959
Y -0.3343  0.3384 -0.8796
Z  0.2492  0.9318  0.2638

PART 30
OFFSET  22.1728  10.9312 -11.9787
X  0.7563 -0.1665  0.6328
Y -0.6540 -0.2220  0.7232
Z  0.0201 -0.9607 -0.2767

PART 31
OFFSET  23.6502  10.6060 -10.7426
X -0.3744 -0.2629  0.8892
Y -0.9270  0.1272 -0.3528
Z -0.0204 -0.9564 -0.2913

PART 32
OFFSET  23.1033  10.2221 -9.4438
X -0.9711 -0.0232  0.2377
Y -0.2315  0.3373 -0.9125
Z -0.0590 -0.9411 -0.3329

PART 33
OFFSET  22.0032  10.1889 -9.1763
X  0.8962 -0.1375  0.4218
Y  0.4423  0.2022 -0.8738
Z  0.0349  0.9697  0.2420

PART 34
OFFSET  21.5902  9.8130 -10.3780
X  0.1193 -0.9571 -0.2642
Y -0.1544  0.2450 -0.9572
Z  0.9808  0.1550 -0.1185

PART 35
OFFSET  7.9441 -0.9818 -4.8536
X  0.7253  0.6627 -0.1862
Y -0.6809  0.6510 -0.3353
Z -0.1010  0.3701  0.9235

PART 36
OFFSET  7.9441 -0.9818 -4.8536
X  0.7253  0.6627 -0.1862
Y -0.6809  0.6510 -0.3353
Z -0.1010  0.3701  0.9235

PART 37
OFFSET  11.7426  3.2201 -3.5692
X  0.7231  0.6701 -0.1673
Y -0.6809  0.6510 -0.3353
Z -0.1158  0.3564  0.9271

PART 38
OFFSET  14.8842  4.2400 -8.8062
X  0.7253  0.6627 -0.1862
Y -0.6809  0.6510 -0.3353
Z -0.1010  0.3701  0.9235

PART 39
OFFSET  18.6934  8.1082 -8.0276
X  0.4646  0.7408 -0.4851
Y  0.4636 -0.6703 -0.5795
Z -0.7544  0.0443 -0.6549

PART 40
OFFSET -1.2167 -9.9795 -3.7631
X  0.6236  0.7556  0.2006
Y -0.6809  0.6510 -0.3353
Z -0.3840  0.0725  0.9205

PART 41
OFFSET  22.4337  10.1869 -12.5904
X  0.6809 -0.6510  0.3353
Y  0.7253  0.6627 -0.1862
Z -0.1010  0.3701  0.9235

PART 42
OFFSET  10.9607  1.9225 -5.3853
X  0.7253  0.6627 -0.1862
Y -0.6809  0.6510 -0.3353
Z -0.1010  0.3701  0.9235

PART 43
OFFSET  24.8426  14.1493 -9.8383
X  0.7253  0.6627 -0.1862
Y -0.6809  0.6510 -0.3353
Z -0.1010  0.3701  0.9235

PART 44
OFFSET -10.8444 -11.7139 -5.9426
X -0.9161  0.3811 -0.1243
Y -0.2585 -0.3246  0.9098
Z  0.3064  0.8657  0.3959

PART 45
OFFSET  0.2353 -16.3227 -4.4388
X -0.4896 -0.8651  0.1093
Y  0.8694 -0.4748  0.1366
Z -0.0663  0.1620  0.9846

PART 46
OFFSET  4.3997 -8.9651 -5.3689
X -0.4896 -0.8651  0.1093
Y  0.4036 -0.3360 -0.8510
Z  0.7729 -0.3725  0.5137

PART 47
OFFSET  4.5919 -7.5917 -6.7978
X -0.4945 -0.8627  0.1056
Y  0.0549 -0.1522 -0.9868
Z  0.8674 -0.4822  0.1227

PART 48
OFFSET  3.9319 -6.7087 -6.2757
X -0.4945 -0.8627  0.1056
Y  0.0549 -0.1522 -0.9868
Z  0.8674 -0.4822  0.1227

PART 49
OFFSET  4.0144 -6.4712 -4.9304
X -0.4945 -0.8627  0.1056
Y  0.0549 -0.1522 -0.9868
Z  0.8674 -0.4822  0.1227

PART 50
OFFSET  5.9008 -6.3131 -5.7041
X -0.5694 -0.8219 -0.0167
Y  0.4227 -0.2753 -0.8635
Z  0.7051 -0.4987  0.5041

PART 51
OFFSET  5.4595 -5.4730 -5.0703
X  0.1547 -0.9718 -0.1781
Y  0.3607  0.2234 -0.9056
Z  0.9198  0.0759  0.3850

PART 52
OFFSET  5.0384 -3.4025 -4.6171
X -0.4431 -0.7318  0.5178
Y  0.3689 -0.6753 -0.6387
Z  0.8170 -0.0920  0.5692

PART 53
OFFSET  5.6843 -2.2511 -5.5548
X -0.4578 -0.0547  0.8874
Y -0.0094 -0.9978 -0.0663
Z  0.8890 -0.0387  0.4563

PART 54
OFFSET  6.1389 -2.1732 -6.5341
X -0.9110 -0.2211  0.3483
Y -0.4081  0.3596 -0.8392
Z  0.0603 -0.9065 -0.4178

PART 55
OFFSET  6.6927 -5.8115 -6.7164
X -0.5159 -0.7095  0.4801
Y  0.8402 -0.3097  0.4451
Z -0.1671  0.6330  0.7559

PART 56
OFFSET  7.7244 -4.0873 -7.7396
X  0.5914 -0.6912  0.4153
Y  0.7999  0.4382 -0.4099
Z  0.1014  0.5747  0.8121

PART 57
OFFSET  6.8871 -3.1087 -8.3275
X  0.9872  0.0385 -0.1548
Y -0.1142  0.8482 -0.5172
Z  0.1114  0.5283  0.8417

PART 58
OFFSET  6.0118 -3.1429 -8.1902
X  0.4825  0.6820 -0.5497
Y -0.8708  0.4412 -0.2169
Z  0.0946  0.5833  0.8067

PART 59
OFFSET  5.5535 -3.7907 -7.6680
X  0.1639 -0.8829  0.4399
Y -0.9559 -0.0320  0.2919
Z -0.2436 -0.4684 -0.8493

PART 60
OFFSET  6.6354 -5.5175 -6.0685
X -0.5407 -0.7866  0.2981
Y  0.7916 -0.3560  0.4966
Z -0.2845  0.5045  0.8152

PART 61
OFFSET  8.0985 -3.5587 -6.9523
X  0.5485 -0.6546  0.5202
Y  0.8351  0.3985 -0.3791
Z  0.0408  0.6424  0.7653

PART 62
OFFSET  7.1646 -2.4443 -7.8380
X  0.9429  0.2300 -0.2411
Y -0.3297  0.7489 -0.5748
Z  0.0483  0.6215  0.7820

PART 63
OFFSET  5.8579 -2.7631 -7.5039
X  0.3200  0.7346 -0.5983
Y -0.9465  0.2763 -0.1670
Z  0.0426  0.6197  0.7837

PART 64
OFFSET  5.5108 -3.5598 -6.8550
X  0.2806 -0.7292  0.6241
Y -0.9598 -0.2216  0.1726
Z  0.0124 -0.6474 -0.7620

PART 65
OFFSET  3.5516 -9.7684 -4.7733
X -0.4214 -0.8588  0.2915
Y -0.8230  0.2272 -0.5206
Z  0.3808 -0.4592 -0.8025

PART 66
OFFSET  8.0626 -3.0882 -4.8004
X -0.6894 -0.7232  0.0408
Y  0.6655 -0.6101  0.4299
Z -0.2860  0.3236  0.9020

PART 67
OFFSET  9.2764 -1.8149 -4.8723
X  0.3558 -0.8125  0.4618
Y  0.8787  0.4591  0.1308
Z -0.3183  0.3593  0.8773

PART 68
OFFSET  8.8245 -0.8053 -5.3805
X  0.7031 -0.5804  0.4108
Y  0.6558  0.7526 -0.0591
Z -0.2749  0.3110  0.9098

PART 69
OFFSET  8.0303 -0.1498 -5.8445
X -0.8982 -0.4030  0.1756
Y -0.4315  0.7318 -0.5275
Z  0.0841 -0.5495 -0.8312

PART 70
OFFSET  8.3339 -3.3850 -5.8294
X  0.4282 -0.7069  0.5629
Y  0.8932  0.4258 -0.1447
Z -0.1374  0.5648  0.8137

PART 71
OFFSET  7.4973 -2.0040 -6.9290
X  0.9823  0.1846  0.0325
Y -0.1261  0.7789 -0.6144
Z -0.1387  0.5994  0.7884

PART 72
OFFSET  6.0626 -2.2736 -6.9765
X  0.4045  0.7430 -0.5333
Y -0.8984  0.2137 -0.3837
Z -0.1712  0.6343  0.7539

PART 73
OFFSET  5.6051 -3.1194 -6.3781
X  0.2746 -0.7467  0.6058
Y -0.9580 -0.2665  0.1057
Z  0.0826 -0.6094 -0.7885

PART 74
OFFSET  0.0000 -0.0000 -0.0000
X  1.0000 -0.0000  0.0000
Y  0.0000  1.0000  0.0000
Z  0.0000 -0.0000  1.0000

PART 75
OFFSET -0.0000 -0.0000 -0.0000
X  0.9949  0.0000 -0.1011
Y  0.0066  0.9978  0.0653
Z  0.1009 -0.0657  0.9927

PART 76
OFFSET  1.9497 -0.2715  3.9500
X  0.9949  0.0000 -0.1011
Y  0.0066  0.9978  0.0653
Z  0.1009 -0.0657  0.9927


FRAME 1972
PART 0
OFFSET  0.0000 -0.0000 -0.0000
X  1.0000 -0.0000  0.0000
Y  0.0000  1.0000  0.0000
Z  0.0000 -0.0000  1.0000

PART 1
OFFSET -4.6318 -0.0000 -1.3770
X  1.0000 -0.0000  0.0000
Y  0.0000  1.0000  0.0000
Z  0.0000 -0.0000  1.0000

PART 2
OFFSET  3.3200  2.8552 -9.4743
X  0.6234  0.3451 -0.7017
Y  0.6708 -0.6972  0.2531
Z -0.4019 -0.6284 -0.6661

PART 3
OFFSET  10.8590  7.0284 -17.9602
X  0.7114  0.1985  0.6742
Y -0.5962 -0.3376  0.7284
Z  0.3722 -0.9201 -0.1218

PART 4
OFFSET  16.9094  8.7171 -12.2258
X  0.7114  0.1985  0.6742
Y -0.5640  0.7336  0.3791
Z -0.4193 -0.6499  0.6338

PART 5
OFFSET  17.7076  10.8947 -11.6383
X  0.7139  0.2030  0.6702
Y -0.3656  0.9243  0.1094
Z -0.5973 -0.3231  0.7341

PART 6
OFFSET  18.6511  8.6704 -12.5456
X  0.7139  0.2030  0.6702
Y -0.3656  0.9243  0.1094
Z -0.5973 -0.3231  0.7341

PART 7
OFFSET  16.8921  9.8981 -9.7075
X  0.7139  0.2030  0.6702
Y -0.3656  0.9243  0.1094
Z -0.5973 -0.3231  0.7341

PART 8
OFFSET  17.3072  8.0054 -9.7324
X  0.7139  0.2030  0.6702
Y -0.3656  0.9243  0.1094
Z -0.5973 -0.3231  0.7341

PART 9
OFFSET  17.7821  7.0540 -10.5189
X  0.7139  0.2030  0.6702
Y -0.3656  0.9243  0.1094
Z -0.5973 -0.3231  0.7341

PART 10
OFFSET  19.0902  9.3257 -10.1589
X  0.8961  0.4410  0.0504
Y -0.4266  0.8241  0.3727
Z  0.1228 -0.3555  0.9266

PART 11
OFFSET  19.1321  10.1735 -9.3961
X  0.7079  0.6241  0.3306
Y -0.6554  0.7549 -0.0217
Z -0.2631 -0.2013  0.9435

PART 12
OFFSET  20.5797  11.5844 -8.6324
X  0.9348  0.3546  0.0188
Y -0.3496  0.9099  0.2235
Z  0.0621 -0.2155  0.9745

PART 13
OFFSET  22.1167  12.0784 -8.5062
X  0.7768  0.6219  0.0993
Y -0.6296  0.7705  0.0995
Z -0.0147 -0.1398  0.9901

PART 14
OFFSET  22.9453  12.7577 -8.3518
X  0.4530  0.7077 -0.5422
Y -0.2490 -0.4835 -0.8392
Z -0.8560  0.5152 -0.0428

PART 15
OFFSET  20.3300  8.7447 -10.3280
X  0.8791 -0.2492  0.4063
Y -0.4413 -0.1035  0.8914
Z -0.1801 -0.9629 -0.2009

PART 16
OFFSET  22.2774  8.3123 -9.2766
X -0.0284 -0.0631  0.9976
Y -0.9996  0.0090 -0.0278
Z -0.0073 -0.9980 -0.0633

PART 17
OFFSET  22.2372  8.2230 -7.8642
X -0.7687 -0.0200  0.6393
Y -0.6395 -0.0006 -0.7688
Z  0.0158 -0.9998 -0.0123

PART 18
OFFSET  21.5557  8.2053 -7.2974
X -0.9998  0.0204 -0.0052
Y  0.0066  0.0692 -0.9976
Z -0.0200 -0.9974 -0.0693

PART 19
OFFSET  20.6059  8.2247 -7.3023
X  0.7634  0.0852  0.6403
Y  0.6458 -0.0870 -0.7585
Z -0.0089  0.9926 -0.1214

PART 20
OFFSET  20.2265  9.4390 -10.1986
X  0.9845  0.1645 -0.0609
Y  0.1230 -0.4002  0.9081
Z  0.1250 -0.9015 -0.4143

PART 21
OFFSET  22.8150  9.5116 -9.9692
X  0.3093 -0.2077  0.9280
Y -0.9500 -0.1116  0.2917
Z  0.0430 -0.9718 -0.2318

PART 22
OFFSET  23.3417  9.1580 -8.3893
X -0.7327 -0.1849  0.6550
Y -0.6780  0.1147 -0.7260
Z  0.0591 -0.9760 -0.2094

PART 23
OFFSET  22.3262  8.9018 -7.4815
X -0.9979 -0.0617 -0.0174
Y  0.0038  0.2139 -0.9769
Z  0.0639 -0.9749 -0.2132

PART 24
OFFSET  21.2439  8.8350 -7.5004
X  0.8186 -0.1196  0.5618
Y  0.5723  0.2522 -0.7803
Z -0.0484  0.9602  0.2749

PART 25
OFFSET  21.2411  11.8032 -8.9151
X  0.9598  0.1567  0.2330
Y  0.1263  0.5002 -0.8567
Z -0.2508  0.8516  0.4603

PART 26
OFFSET  22.2145  11.7978 -10.0257
X  0.9985 -0.0539 -0.0092
Y -0.0151 -0.4331  0.9012
Z -0.0525 -0.8997 -0.4333

PART 27
OFFSET  23.9725  11.7030 -10.0419
X  0.7627 -0.3498  0.5440
Y -0.6448 -0.3462  0.6814
Z -0.0500 -0.8705 -0.4896

PART 28
OFFSET  24.9027  11.3306 -9.3508
X -0.0024 -0.3488  0.9372
Y -0.9997 -0.0216 -0.0107
Z  0.0240 -0.9369 -0.3487

PART 29
OFFSET  24.8999  10.9366 -8.2922
X  0.9100 -0.1304 -0.3935
Y -0.2999  0.4484 -0.8420
Z  0.2863  0.8843  0.3690

PART 30
OFFSET  22.6037  10.7930 -10.2692
X  0.7343 -0.2710  0.6224
Y -0.6785 -0.2681  0.6839
Z -0.0185 -0.9245 -0.3807

PART 31
OFFSET  24.0383  10.2637 -9.0534
X -0.4047 -0.3403  0.8488
Y -0.9126  0.2096 -0.3511
Z -0.0584 -0.9167 -0.3954

PART 32
OFFSET  23.4471  9.7666 -7.8136
X -0.9759 -0.0023  0.2184
Y -0.1965  0.4460 -0.8732
Z -0.0954 -0.8951 -0.4356

PART 33
OFFSET  22.3413  9.7573 -7.5688
X  0.8799 -0.2258  0.4181
Y  0.4694  0.2751 -0.8391
Z  0.0745  0.9345  0.3480

PART 34
OFFSET  21.9367  9.5356 -8.8110
X  0.0806 -0.9270 -0.3663
Y -0.1228  0.3555 -0.9266
Z  0.9892  0.1196 -0.0852

PART 35
OFFSET  7.6945 -1.1296 -4.7276
X  0.7589  0.6434 -0.1005
Y -0.6430  0.7159 -0.2721
Z -0.1032  0.2712  0.9570

PART 36
OFFSET  7.6945 -1.1296 -4.7276
X  0.7589  0.6434 -0.1005
Y -0.6430  0.7159 -0.2721
Z -0.1032  0.2712  0.9570

PART 37
OFFSET  11.6549  2.7185 -2.9276
X  0.7566  0.6488 -0.0809
Y -0.6430  0.7159 -0.2721
Z -0.1186  0.2579  0.9588

PART 38
OFFSET  14.9493  4.1533 -7.9698
X  0.7589  0.6434 -0.1005
Y -0.6430  0.7159 -0.2721
Z -0.1032  0.2712  0.9570

PART 39
OFFSET  18.9156  7.7252 -6.7090
X  0.5084  0.7662 -0.3930
Y  0.4443 -0.6243 -0.6425
Z -0.7377  0.1520 -0.6578

PART 40
OFFSET -1.8923 -9.7412 -4.7814
X  0.6534  0.6982  0.2926
Y -0.6430  0.7159 -0.2721
Z -0.3995 -0.0103  0.9167

PART 41
OFFSET  22.8427  10.1085 -10.9550
X  0.6430 -0.7159  0.2721
Y  0.7589  0.6434 -0.1005
Z -0.1032  0.2712  0.9570

PART 42
OFFSET  10.8523  1.6668 -4.8879
X  0.7589  0.6434 -0.1005
Y -0.6430  0.7159 -0.2721
Z -0.1032  0.2712  0.9570

PART 43
OFFSET  25.3736  13.6251 -7.7448
X  0.7589  0.6434 -0.1005
Y -0.6430  0.7159 -0.2721
Z -0.1032  0.2712  0.9570

PART 44
OFFSET -10.8444 -11.7139 -5.9426
X -0.9133  0.3879 -0.1245
Y -0.2496 -0.2913  0.9235
Z  0.3219  0.8745  0.3628

PART 45
OFFSET  0.2005 -16.4047 -4.4363
X -0.4516 -0.8792  0.1518
Y  0.8908 -0.4346  0.1327
Z -0.0507  0.1952  0.9795

PART 46
OFFSET  4.0414 -8.9266 -5.7278
X -0.4516 -0.8792  0.1518
Y  0.3454 -0.3292 -0.8788
Z  0.8227 -0.3444  0.4523

PART 47
OFFSET  4.1456 -7.6000 -7.2091
X -0.4567 -0.8772  0.1481
Y  0.0389 -0.1860 -0.9818
Z  0.8888 -0.4426  0.1191

PART 48
OFFSET  3.4622 -6.7253 -6.7033
X -0.4567 -0.8772  0.1481
Y  0.0389 -0.1860 -0.9818
Z  0.8888 -0.4426  0.1191

PART 49
OFFSET  3.5652 -6.4356 -5.3697
X -0.4567 -0.8772  0.1481
Y  0.0389 -0.1860 -0.9818
Z  0.8888 -0.4426  0.1191

PART 50
OFFSET  5.4258 -6.2312 -6.1934
X -0.6062 -0.7868 -0.1163
Y  0.4276 -0.1991 -0.8818
Z  0.6706 -0.5843  0.4571

PART 51
OFFSET  5.0105 -5.4453 -5.4778
X  0.1135 -0.9527 -0.2818
Y  0.3895  0.3036 -0.8696
Z  0.9140 -0.0111  0.4055

PART 52
OFFSET  4.6759 -3.4190 -4.8055
X -0.4872 -0.7619  0.4268
Y  0.3507 -0.6183 -0.7034
Z  0.7998 -0.1930  0.5684

PART 53
OFFSET  5.3938 -2.2043 -5.6001
X -0.4784 -0.1294  0.8686
Y -0.0540 -0.9829 -0.1762
Z  0.8765 -0.1312  0.4632

PART 54
OFFSET  5.8719 -2.0417 -6.5576
X -0.9273 -0.2138  0.3073
Y -0.3734  0.4685 -0.8007
Z  0.0272 -0.8572 -0.5143

PART 55
OFFSET  6.2610 -5.6605 -7.1316
X -0.5580 -0.7321  0.3907
Y  0.8155 -0.3967  0.4214
Z -0.1536  0.5537  0.8184

PART 56
OFFSET  7.3924 -3.8863 -7.9418
X  0.5501 -0.7602  0.3457
Y  0.8277  0.4414 -0.3464
Z  0.1107  0.4767  0.8720

PART 57
OFFSET  6.6136 -2.8100 -8.4312
X  0.9909  0.0077 -0.1340
Y -0.0641  0.9043 -0.4222
Z  0.1180  0.4269  0.8966

PART 58
OFFSET  5.7350 -2.8169 -8.3124
X  0.5248  0.7140 -0.4634
Y -0.8448  0.5037 -0.1806
Z  0.1045  0.4862  0.8676

PART 59
OFFSET  5.2364 -3.4952 -7.8722
X  0.1138 -0.9327  0.3423
Y -0.9623 -0.0178  0.2715
Z -0.2471 -0.3603 -0.8995

PART 60
OFFSET  6.2038 -5.4368 -6.4561
X -0.5825 -0.7876  0.2009
Y  0.7638 -0.4459  0.4667
Z -0.2780  0.4253  0.8613

PART 61
OFFSET  7.7739 -3.4657 -7.0952
X  0.5067 -0.7332  0.4534
Y  0.8604  0.3970 -0.3196
Z  0.0544  0.5521  0.8320

PART 62
OFFSET  6.9111 -2.2174 -7.8671
X  0.9573  0.2094 -0.1993
Y -0.2827  0.8224 -0.4938
Z  0.0605  0.5290  0.8464

PART 63
OFFSET  5.5844 -2.5076 -7.5909
X  0.3660  0.7794 -0.5084
Y -0.9290  0.3381 -0.1504
Z  0.0547  0.5274  0.8479

PART 64
OFFSET  5.1874 -3.3529 -7.0394
X  0.2335 -0.8058  0.5442
Y -0.9724 -0.1927  0.1319
Z -0.0014 -0.5599 -0.8285

PART 65
OFFSET  2.9008 -9.6505 -5.6867
X -0.4666 -0.8642  0.1882
Y -0.8006  0.3222 -0.5052
Z  0.3760 -0.3864 -0.8422

PART 66
OFFSET  7.7145 -3.2325 -4.9053
X -0.7227 -0.6893 -0.0501
Y  0.6275 -0.6849  0.3704
Z -0.2896  0.2362  0.9275

PART 67
OFFSET  8.9870 -2.0189 -4.8171
X  0.3082 -0.8743  0.3749
Y  0.8960  0.3992  0.1945
Z -0.3198  0.2759  0.9064

PART 68
OFFSET  8.5930 -0.9392 -5.2178
X  0.6669 -0.6550  0.3553
Y  0.6909  0.7222  0.0346
Z -0.2793  0.2224  0.9341

PART 69
OFFSET  7.8397 -0.1993 -5.6191
X -0.9193 -0.3761  0.1158
Y -0.3861  0.8051 -0.4503
Z  0.0761 -0.4586 -0.8854

PART 70
OFFSET  7.9934 -3.4276 -5.9563
X  0.3833 -0.7841  0.4881
Y  0.9147  0.3956 -0.0828
Z -0.1282  0.4782  0.8688

PART 71
OFFSET  7.2447 -1.8958 -6.9099
X  0.9888  0.1324  0.0681
Y -0.0771  0.8466 -0.5266
Z -0.1274  0.5154  0.8474

PART 72
OFFSET  5.8003 -2.0892 -7.0095
X  0.4494  0.7765 -0.4416
Y -0.8793  0.2974 -0.3719
Z -0.1575  0.5555  0.8165

PART 73
OFFSET  5.2918 -2.9724 -6.5154
X  0.2271 -0.8209  0.5240
Y -0.9713 -0.2301  0.0605
Z  0.0709 -0.5227 -0.8496

PART 74
OFFSET  0.0000 -0.0000 -0.0000
X  1.0000 -0.0000  0.0000
Y  0.0000  1.0000  0.0000
Z  0.0000 -0.0000  1.0000

PART 75
OFFSET -0.0000 -0.0000 -0.0000
X  0.9957 -0.0000 -0.0925
Y  0.0052  0.9984  0.0561
Z  0.0924 -0.0564  0.9941

PART 76
OFFSET  1.9160 -0.2331  3.9689
X  0.9957 -0.0000 -0.0925
Y  0.0052  0.9984  0.0561
Z  0.0924 -0.0564  0.9941


FRAME 1973
PART 0
OFFSET  0.0000 -0.0000 -0.0000
X  1.0000 -0.0000  0.0000
Y  0.0000  1.0000  0.0000
Z  0.0000 -0.0000  1.0000

PART 1
OFFSET -4.6318 -0.0000 -1.3770
X  1.0000 -0.0000  0.0000
Y  0.0000  1.0000  0.0000
Z  0.0000 -0.0000  1.0000

PART 2
OFFSET  3.8007  4.1273 -9.9062
X  0.7278  0.2811 -0.6256
Y  0.5782 -0.7420  0.3393
Z -0.3688 -0.6087 -0.7025

PART 3
OFFSET  12.6024  7.5265 -17.4717
X  0.5996  0.1407  0.7878
Y -0.7380 -0.2835  0.6124
Z  0.3095 -0.9486 -0.0662

PART 4
OFFSET  17.7026  8.7231 -10.7711
X  0.5996  0.1407  0.7878
Y -0.6896  0.5903  0.4195
Z -0.4060 -0.7948  0.4510

PART 5
OFFSET  18.5675  10.8281 -10.0330
X  0.6032  0.1449  0.7843
Y -0.3005  0.9522  0.0552
Z -0.7389 -0.2689  0.6179

PART 6
OFFSET  19.4633  8.5290 -10.7893
X  0.6032  0.1449  0.7843
Y -0.3005  0.9522  0.0552
Z -0.7389 -0.2689  0.6179

PART 7
OFFSET  17.3536  9.9112 -8.2804
X  0.6032  0.1449  0.7843
Y -0.3005  0.9522  0.0552
Z -0.7389 -0.2689  0.6179

PART 8
OFFSET  17.6049  7.9766 -8.2495
X  0.6032  0.1449  0.7843
Y -0.3005  0.9522  0.0552
Z -0.7389 -0.2689  0.6179

PART 9
OFFSET  18.1262  6.9856 -8.9534
X  0.6032  0.1449  0.7843
Y -0.3005  0.9522  0.0552
Z -0.7389 -0.2689  0.6179

PART 10
OFFSET  19.5410  9.1543 -8.3559
X  0.9145  0.3832  0.1298
Y -0.3976  0.7914  0.4644
Z  0.0752 -0.4763  0.8760

PART 11
OFFSET  19.5996  9.8948 -7.4896
X  0.7266  0.5389  0.4263
Y -0.6167  0.7850  0.0587
Z -0.3030 -0.3055  0.9027

PART 12
OFFSET  21.0891  11.1191 -6.5137
X  0.9500  0.2996  0.0883
Y -0.3117  0.8912  0.3296
Z  0.0200 -0.3406  0.9400

PART 13
OFFSET  22.6435  11.5114 -6.2855
X  0.8026  0.5625  0.1985
Y -0.5941  0.7837  0.1815
Z -0.0535 -0.2636  0.9632

PART 14
OFFSET  23.4989  12.1209 -6.0237
X  0.5044  0.7460 -0.4348
Y -0.2451 -0.3591 -0.9005
Z -0.8279  0.5608  0.0017

PART 15
OFFSET  20.7557  8.5350 -8.5663
X  0.8523 -0.3448  0.3934
Y -0.4744 -0.1925  0.8590
Z -0.2204 -0.9187 -0.3277

PART 16
OFFSET  22.6445  7.8705 -7.5294
X -0.0636 -0.1878  0.9801
Y -0.9965  0.0651 -0.0522
Z -0.0540 -0.9801 -0.1913

PART 17
OFFSET  22.5545  7.6047 -6.1417
X -0.7890 -0.0605  0.6114
Y -0.6135  0.1308 -0.7788
Z -0.0328 -0.9896 -0.1403

PART 18
OFFSET  21.8549  7.5510 -5.5996
X -0.9969  0.0736 -0.0283
Y  0.0422  0.1950 -0.9799
Z -0.0665 -0.9780 -0.1975

PART 19
OFFSET  20.9078  7.6209 -5.6265
X  0.7456 -0.0372  0.6654
Y  0.6650 -0.0237 -0.7465
Z  0.0436  0.9990  0.0070

PART 20
OFFSET  20.6821  9.2117 -8.3514
X  0.9928  0.1188 -0.0138
Y  0.0739 -0.5183  0.8520
Z  0.0940 -0.8469 -0.5234

PART 21
OFFSET  23.2623  9.1182 -8.0479
X  0.2686 -0.3400  0.9013
Y -0.9632 -0.0976  0.2503
Z  0.0028 -0.9354 -0.3537

PART 22
OFFSET  23.7197  8.5394 -6.5135
X -0.7616 -0.2278  0.6067
Y -0.6478  0.2416 -0.7225
Z  0.0180 -0.9433 -0.3316

PART 23
OFFSET  22.6641  8.2237 -5.6727
X -0.9987 -0.0063 -0.0509
Y  0.0458  0.3358 -0.9408
Z  0.0230 -0.9419 -0.3351

PART 24
OFFSET  21.5810  8.2169 -5.7279
X  0.7932 -0.2330  0.5626
Y  0.6089  0.3189 -0.7263
Z -0.0102  0.9187  0.3948

PART 25
OFFSET  21.7692  11.3369 -6.7488
X  0.9582  0.0751  0.2759
Y  0.1783  0.5977 -0.7817
Z -0.2236  0.7982  0.5593

PART 26
OFFSET  22.7765  11.4215 -7.8254
X  0.9944 -0.1048  0.0097
Y -0.0654 -0.5427  0.8373
Z -0.0825 -0.8333 -0.5466

PART 27
OFFSET  24.5274  11.2369 -7.8083
X  0.7267 -0.4558  0.5140
Y -0.6827 -0.3956  0.6144
Z -0.0767 -0.7974 -0.5986

PART 28
OFFSET  25.4155  10.7313 -7.1471
X -0.0498 -0.4645  0.8842
Y -0.9987  0.0326 -0.0391
Z -0.0106 -0.8850 -0.4655

PART 29
OFFSET  25.3592  10.2066 -6.1484
X  0.9148 -0.1271 -0.3834
Y -0.2502  0.5670 -0.7848
Z  0.3172  0.8139  0.4869

PART 30
OFFSET  23.1238  10.4366 -8.1859
X  0.6997 -0.3862  0.6011
Y -0.7126 -0.3167  0.6260
Z -0.0514 -0.8663 -0.4968

PART 31
OFFSET  24.4907  9.6822 -7.0117
X -0.4481 -0.4236  0.7872
Y -0.8894  0.3003 -0.3447
Z -0.0904 -0.8546 -0.5113

PART 32
OFFSET  23.8361  9.0634 -5.8619
X -0.9814  0.0213  0.1910
Y -0.1461  0.5631 -0.8134
Z -0.1249 -0.8261 -0.5494

PART 33
OFFSET  22.7239  9.0814 -5.6488
X  0.8538 -0.3232  0.4082
Y  0.5091  0.3544 -0.7843
Z  0.1088  0.8775  0.4671

PART 34
OFFSET  22.3492  9.0410 -6.9193
X  0.0469 -0.8759 -0.4803
Y -0.0752  0.4763 -0.8760
Z  0.9961  0.0772 -0.0436

PART 35
OFFSET  7.4777 -1.2918 -4.6099
X  0.7923  0.6101  0.0027
Y -0.5981  0.7775 -0.1943
Z -0.1206  0.1524  0.9809

PART 36
OFFSET  7.4777 -1.2918 -4.6099
X  0.7923  0.6101  0.0027
Y -0.5981  0.7775 -0.1943
Z -0.1206  0.1524  0.9809

PART 37
OFFSET  11.5615  2.0824 -2.2285
X  0.7897  0.6131  0.0227
Y -0.5981  0.7775 -0.1943
Z -0.1368  0.1399  0.9807

PART 38
OFFSET  15.0833  3.9710 -6.9577
X  0.7923  0.6101  0.0027
Y -0.5981  0.7775 -0.1943
Z -0.1206  0.1524  0.9809

PART 39
OFFSET  19.1769  7.1397 -5.1462
X  0.5577  0.7821 -0.2780
Y  0.4337 -0.5601 -0.7058
Z -0.7077  0.2730 -0.6516

PART 40
OFFSET -2.5122 -9.3097 -6.0180
X  0.6770  0.6199  0.3967
Y -0.5981  0.7775 -0.1943
Z -0.4289 -0.1057  0.8971

PART 41
OFFSET  23.3510  9.8332 -8.9477
X  0.5981 -0.7775  0.1943
Y  0.7923  0.6101  0.0027
Z -0.1206  0.1524  0.9809

PART 42
OFFSET  10.7721  1.3321 -4.3278
X  0.7923  0.6101  0.0027
Y -0.5981  0.7775 -0.1943
Z -0.1206  0.1524  0.9809

PART 43
OFFSET  25.9459  12.7750 -5.2478
X  0.7923  0.6101  0.0027
Y -0.5981  0.7775 -0.1943
Z -0.1206  0.1524  0.9809

PART 44
OFFSET -10.8444 -11.7139 -5.9426
X -0.9164  0.3811 -0.1222
Y -0.2312 -0.2550  0.9389
Z  0.3267  0.8887  0.3218

PART 45
OFFSET  0.2385 -16.3234 -4.4648
X -0.4124 -0.8888  0.1999
Y  0.9104 -0.3943  0.1252
Z -0.0324  0.2336  0.9718

PART 46
OFFSET  3.7463 -8.7638 -6.1649
X -0.4124 -0.8888  0.1999
Y  0.2569 -0.3240 -0.9105
Z  0.8740 -0.3242  0.3619

PART 47
OFFSET  3.7590 -7.4968 -7.7009
X -0.4177 -0.8872  0.1962
Y  0.0202 -0.2250 -0.9742
Z  0.9084 -0.4029  0.1119

PART 48
OFFSET  3.0553 -6.6287 -7.2120
X -0.4177 -0.8872  0.1962
Y  0.0202 -0.2250 -0.9742
Z  0.9084 -0.4029  0.1119

PART 49
OFFSET  3.1820 -6.2801 -5.8946
X -0.4177 -0.8872  0.1962
Y  0.0202 -0.2250 -0.9742
Z  0.9084 -0.4029  0.1119

PART 50
OFFSET  5.0106 -6.0390 -6.7777
X -0.6399 -0.7326 -0.2321
Y  0.4456 -0.1076 -0.8888
Z  0.6261 -0.6721  0.3953

PART 51
OFFSET  4.6114 -5.3297 -5.9779
X  0.0757 -0.9138 -0.3989
Y  0.4318  0.3907 -0.8130
Z  0.8988 -0.1107  0.4242

PART 52
OFFSET  4.3548 -3.3905 -5.0595
X -0.5374 -0.7833  0.3126
Y  0.3426 -0.5414 -0.7678
Z  0.7706 -0.3055  0.5593

PART 53
OFFSET  5.1565 -2.1241 -5.6725
X -0.5120 -0.2134  0.8321
Y -0.0963 -0.9483 -0.3024
Z  0.8536 -0.2350  0.4649

PART 54
OFFSET  5.6727 -1.8665 -6.5884
X -0.9461 -0.2020  0.2533
Y -0.3239  0.5855 -0.7431
Z  0.0018 -0.7851 -0.6194

PART 55
OFFSET  5.9027 -5.3985 -7.6128
X -0.6055 -0.7454  0.2787
Y  0.7811 -0.4894  0.3878
Z -0.1527  0.4525  0.8786

PART 56
OFFSET  7.1451 -3.5977 -8.1587
X  0.5008 -0.8259  0.2592
Y  0.8591  0.4377 -0.2653
Z  0.1057  0.3555  0.9287

PART 57
OFFSET  6.4361 -2.4285 -8.5256
X  0.9939 -0.0275 -0.1063
Y -0.0061  0.9527 -0.3039
Z  0.1097  0.3027  0.9468

PART 58
OFFSET  5.5549 -2.4041 -8.4313
X  0.5738  0.7385 -0.3540
Y -0.8128  0.5664 -0.1360
Z  0.1000  0.3658  0.9253

PART 59
OFFSET  5.0097 -3.1057 -8.0950
X  0.0569 -0.9733  0.2224
Y -0.9703 -0.0014  0.2420
Z -0.2353 -0.2295 -0.9444

PART 60
OFFSET  5.8347 -5.2597 -6.9159
X -0.6266 -0.7750  0.0829
Y  0.7256 -0.5412  0.4250
Z -0.2845  0.3264  0.9014

PART 61
OFFSET  7.5191 -3.3089 -7.2555
X  0.4553 -0.8106  0.3683
Y  0.8887  0.3885 -0.2436
Z  0.0544  0.4382  0.8972

PART 62
OFFSET  6.7439 -1.9288 -7.8824
X  0.9723  0.1823 -0.1460
Y -0.2260  0.8922 -0.3911
Z  0.0589  0.4132  0.9087

PART 63
OFFSET  5.3963 -2.1815 -7.6801
X  0.4200  0.8174 -0.3944
Y -0.9060  0.4030 -0.1296
Z  0.0530  0.4117  0.9098

PART 64
OFFSET  4.9408 -3.0680 -7.2524
X  0.1761 -0.8796  0.4419
Y -0.9844 -0.1564  0.0809
Z -0.0021 -0.4492 -0.8934

PART 65
OFFSET  2.3062 -9.3572 -6.7802
X -0.5141 -0.8554  0.0634
Y -0.7671  0.4255 -0.4801
Z  0.3837 -0.2955 -0.8749

PART 66
OFFSET  7.4006 -3.3531 -5.0561
X -0.7536 -0.6383 -0.1569
Y  0.5810 -0.7585  0.2953
Z -0.3075  0.1313  0.9424

PART 67
OFFSET  8.7274 -2.2292 -4.7797
X  0.2527 -0.9299  0.2672
Y  0.9077  0.3235  0.2673
Z -0.3350  0.1749  0.9258

PART 68
OFFSET  8.3998 -1.0881 -5.0483
X  0.6222 -0.7291  0.2852
Y  0.7239  0.6745  0.1450
Z -0.2981  0.1162  0.9474

PART 69
OFFSET  7.6970 -0.2646 -5.3704
X -0.9399 -0.3389  0.0427
Y -0.3315  0.8750 -0.3528
Z  0.0821 -0.3457 -0.9347

PART 70
OFFSET  7.7034 -3.4274 -6.1159
X  0.3285 -0.8589  0.3930
Y  0.9351  0.3542 -0.0076
Z -0.1327  0.3700  0.9195

PART 71
OFFSET  7.0617 -1.7496 -6.8836
X  0.9914  0.0704  0.1101
Y -0.0185  0.9096 -0.4151
Z -0.1294  0.4095  0.9031

PART 72
OFFSET  5.6136 -1.8524 -7.0444
X  0.5009  0.8016 -0.3263
Y -0.8512  0.3882 -0.3532
Z -0.1564  0.4547  0.8768

PART 73
OFFSET  5.0468 -2.7633 -6.6813
X  0.1696 -0.8917  0.4197
Y -0.9828 -0.1844  0.0053
Z  0.0727 -0.4134 -0.9076

PART 74
OFFSET  0.0000 -0.0000 -0.0000
X  1.0000 -0.0000  0.0000
Y  0.0000  1.0000  0.0000
Z  0.0000 -0.0000  1.0000

PART 75
OFFSET -0.0000 -0.0000 -0.0000
X  0.9968 -0.0000 -0.0798
Y  0.0034  0.9991  0.0428
Z  0.0797 -0.0429  0.9959

PART 76
OFFSET  1.8652 -0.1774  3.9959
X  0.9968 -0.0000 -0.0798
Y  0.0034  0.9991  0.0428
Z  0.0797 -0.0429  0.9959


FRAME 1974
PART 0
OFFSET  0.0000 -0.0000 -0.0000
X  1.0000 -0.0000  0.0000
Y  0.0000  1.0000  0.0000
Z  0.0000 -0.0000  1.0000

PART 1
OFFSET -4.6318 -0.0000 -1.3770
X  1.0000 -0.0000  0.0000
Y  0.0000  1.0000  0.0000
Z  0.0000 -0.0000  1.0000

PART 2
OFFSET  4.3664  5.6354 -10.4125
X  0.8427  0.1873 -0.5047
Y  0.4285 -0.8010  0.4181
Z -0.3260 -0.5686 -0.7553

PART 3
OFFSET  14.5581  7.9011 -16.5166
X  0.4705  0.0746  0.8792
Y -0.8589 -0.1899  0.4757
Z  0.2025 -0.9790 -0.0253

PART 4
OFFSET  18.5598  8.5352 -9.0382
X  0.4705  0.0746  0.8792
Y -0.8083  0.4361  0.3956
Z -0.3539 -0.8968  0.2654

PART 5
OFFSET  19.5293  10.5287 -8.1380
X  0.4750  0.0783  0.8765
Y -0.1914  0.9814  0.0160
Z -0.8589 -0.1753  0.4812

PART 6
OFFSET  20.2631  8.1344 -8.7622
X  0.4750  0.0783  0.8765
Y -0.1914  0.9814  0.0160
Z -0.8589 -0.1753  0.4812

PART 7
OFFSET  17.9378  9.7741 -6.6267
X  0.4750  0.0783  0.8765
Y -0.1914  0.9814  0.0160
Z -0.8589 -0.1753  0.4812

PART 8
OFFSET  17.9465  7.8114 -6.5753
X  0.4750  0.0783  0.8765
Y -0.1914  0.9814  0.0160
Z -0.8589 -0.1753  0.4812

PART 9
OFFSET  18.4588  6.7607 -7.1941
X  0.4750  0.0783  0.8765
Y -0.1914  0.9814  0.0160
Z -0.8589 -0.1753  0.4812

PART 10
