// Export filename: `C:\projects\cod\t5\xanim_export\t5_viewmodels\ak47\ak47_d2p_loop.XANIM_EXPORT`
// Source filename: `D:\projects\devanim\t5\animation_assets\viewmodels\ak47\ViewModel_AK47_animated.fbx`
// Export time: Tue Aug 17 22:15:42 2010

ANIMATION
VERSION 3

NUMPARTS 78
PART 0 "tag_ads"
PART 1 "tag_torso"
PART 2 "J_Shoulder_LE"
PART 3 "J_Elbow_LE"
PART 4 "J_WristTwist_LE"
PART 5 "J_Sleave_Reshape_Bottom_LE_1"
PART 6 "J_Sleave_Reshape_Bottom_LE_2"
PART 7 "J_Sleave_Reshape_Top_LE_1"
PART 8 "J_Sleave_Reshape_Top_LE_2"
PART 9 "J_Sleave_Reshape_Top_LE_3"
PART 10 "J_Wrist_LE"
PART 11 "J_Thumb_LE_0"
PART 12 "J_Thumb_LE_1"
PART 13 "J_Thumb_LE_2"
PART 14 "J_Thumb_LE_3"
PART 15 "J_PinkyPalm_LE"
PART 16 "J_Pinky_LE_0"
PART 17 "J_Pinky_LE_1"
PART 18 "J_Pinky_LE_2"
PART 19 "J_Pinky_LE_3"
PART 20 "J_RingPalm_LE"
PART 21 "J_Ring_LE_0"
PART 22 "J_Ring_LE_1"
PART 23 "J_Ring_LE_2"
PART 24 "J_Ring_LE_3"
PART 25 "J_Webbing_LE"
PART 26 "J_Index_LE_0"
PART 27 "J_Index_LE_1"
PART 28 "J_Index_LE_2"
PART 29 "J_Index_LE_3"
PART 30 "J_Mid_LE_0"
PART 31 "J_Mid_LE_1"
PART 32 "J_Mid_LE_2"
PART 33 "J_Mid_LE_3"
PART 34 "tag_knife_attach"
PART 35 "tag_weapon"
PART 36 "J_Gun"
PART 37 "J_bolt"
PART 38 "TAG_CLIP"
PART 39 "tag_flame_unit"
PART 40 "tag_flamer_bracket"
PART 41 "tag_flamer_bottle"
PART 42 "tag_flamer_button"
PART 43 "tag_flamer_ring"
PART 44 "tag_flamer_pilot_light"
PART 45 "J_Shoulder_RI"
PART 46 "J_Elbow_RI"
PART 47 "J_WristTwist_RI"
PART 48 "J_Sleave_Reshape_Top_RI_3"
PART 49 "J_Sleave_Reshape_Top_RI_2"
PART 50 "J_Sleave_Reshape_Top_RI_1"
PART 51 "J_Wrist_RI"
PART 52 "J_Thumb_RI_0"
PART 53 "J_Thumb_RI_1"
PART 54 "J_Thumb_RI_2"
PART 55 "J_Thumb_RI_3"
PART 56 "J_PinkyPalm_RI"
PART 57 "J_Pinky_RI_0"
PART 58 "J_Pinky_RI_1"
PART 59 "J_Pinky_RI_2"
PART 60 "J_Pinky_RI_3"
PART 61 "J_RingPalm_RI"
PART 62 "J_Ring_RI_0"
PART 63 "J_Ring_RI_1"
PART 64 "J_Ring_RI_2"
PART 65 "J_Ring_RI_3"
PART 66 "J_Webbing_RI"
PART 67 "J_Index_RI_0"
PART 68 "J_Index_RI_1"
PART 69 "J_Index_RI_2"
PART 70 "J_Index_RI_3"
PART 71 "J_Mid_RI_0"
PART 72 "J_Mid_RI_1"
PART 73 "J_Mid_RI_2"
PART 74 "J_Mid_RI_3"
PART 75 "tag_cambone"
PART 76 "tag_camera"
PART 77 "tag_gasmask"

FRAMERATE 30
NUMFRAMES 16

FRAME 2070
PART 0
OFFSET  0.0000 -0.0000 -0.0000
X  1.0000 -0.0000  0.0000
Y  0.0000  1.0000  0.0000
Z  0.0000 -0.0000  1.0000

PART 1
OFFSET -4.6318 -0.0000 -1.3770
X  1.0000 -0.0000  0.0000
Y  0.0000  1.0000  0.0000
Z  0.0000 -0.0000  1.0000

PART 2
OFFSET -3.5060  6.3408 -6.7125
X  0.7289 -0.1949 -0.6563
Y  0.2803 -0.7896  0.5458
Z -0.6246 -0.5818 -0.5209

PART 3
OFFSET  5.3091  3.9837 -14.6498
X  0.8419  0.0459  0.5377
Y -0.5341  0.2133  0.8180
Z -0.0772 -0.9759  0.2041

PART 4
OFFSET  12.4696  4.3738 -10.0762
X  0.8419  0.0459  0.5377
Y -0.2832  0.8857  0.3678
Z -0.4594 -0.4619  0.7587

PART 5
OFFSET  14.2005  6.0060 -10.3288
X  0.8452  0.0472  0.5323
Y  0.0826  0.9726 -0.2173
Z -0.5280  0.2276  0.8182

PART 6
OFFSET  13.9376  3.4398 -10.4089
X  0.8452  0.0472  0.5323
Y  0.0826  0.9726 -0.2173
Z -0.5280  0.2276  0.8182

PART 7
OFFSET  13.4217  6.1364 -8.1465
X  0.8452  0.0472  0.5323
Y  0.0826  0.9726 -0.2173
Z -0.5280  0.2276  0.8182

PART 8
OFFSET  13.2310  4.5942 -7.9034
X  0.8452  0.0472  0.5323
Y  0.0826  0.9726 -0.2173
Z -0.5280  0.2276  0.8182

PART 9
OFFSET  13.1070  3.3422 -8.3117
X  0.8452  0.0472  0.5323
Y  0.0826  0.9726 -0.2173
Z -0.5280  0.2276  0.8182

PART 10
OFFSET  15.0504  4.5144 -8.4277
X  0.8258  0.5616 -0.0504
Y -0.5104  0.7825  0.3566
Z  0.2397 -0.2687  0.9329

PART 11
OFFSET  15.0278  5.4118 -7.7232
X  0.6644  0.7324  0.1489
Y -0.7215  0.6805 -0.1278
Z -0.1950 -0.0226  0.9806

PART 12
OFFSET  16.3786  7.0590 -7.3600
X  0.8867  0.4454 -0.1237
Y -0.4284  0.8923  0.1422
Z  0.1737 -0.0731  0.9821

PART 13
OFFSET  17.8551  7.7167 -7.4582
X  0.7374  0.6682  0.0992
Y -0.6711  0.7413 -0.0048
Z -0.0768 -0.0630  0.9951

PART 14
OFFSET  18.6376  8.4490 -7.3054
X  0.4553  0.6865 -0.5669
Y -0.1666 -0.5598 -0.8117
Z -0.8746  0.4641 -0.1405

PART 15
OFFSET  16.3442  4.0974 -8.6636
X  0.9948  0.0958 -0.0337
Y  0.0637 -0.3304  0.9417
Z  0.0791 -0.9390 -0.3348

PART 16
OFFSET  18.5758  4.4089 -8.5750
X  0.0285  0.1740  0.9843
Y -0.9981  0.0580  0.0187
Z -0.0538 -0.9830  0.1754

PART 17
OFFSET  18.6161  4.6553 -7.1814
X -0.3795  0.1885  0.9058
Y -0.9249 -0.0527 -0.3765
Z -0.0232 -0.9807  0.1944

PART 18
OFFSET  18.2797  4.8224 -6.3783
X -0.6434  0.1750  0.7453
Y -0.7612 -0.0426 -0.6471
Z -0.0815 -0.9836  0.1607

PART 19
OFFSET  17.6684  4.9887 -5.6703
X  0.9817  0.0351 -0.1870
Y -0.1709 -0.2691 -0.9478
Z -0.0836  0.9625 -0.2582

PART 20
OFFSET  16.1532  4.7785 -8.5680
X  0.9441  0.2925 -0.1519
Y  0.2449 -0.3143  0.9172
Z  0.2206 -0.9031 -0.3684

PART 21
OFFSET  18.6685  5.4146 -8.7330
X  0.4140 -0.0757  0.9071
Y -0.8932  0.1582  0.4209
Z -0.1754 -0.9845 -0.0021

PART 22
OFFSET  19.3734  5.2857 -7.1886
X -0.5118  0.0972  0.8536
Y -0.8449  0.1230 -0.5206
Z -0.1556 -0.9876  0.0192

PART 23
OFFSET  18.6641  5.4205 -6.0056
X -0.7911  0.1308  0.5975
Y -0.5921  0.0810 -0.8018
Z -0.1532 -0.9881  0.0134

PART 24
OFFSET  17.8061  5.5623 -5.3576
X  0.9789 -0.2020 -0.0309
Y -0.0245  0.0338 -0.9991
Z  0.2029  0.9788  0.0281

PART 25
OFFSET  16.9144  7.3442 -7.5170
X  0.9424  0.3024  0.1430
Y -0.0092  0.4507 -0.8926
Z -0.3343  0.8399  0.4275

PART 26
OFFSET  17.7944  7.3929 -8.7020
X  0.9676 -0.1092  0.2278
Y -0.2471 -0.2211  0.9434
Z -0.0527 -0.9691 -0.2409

PART 27
OFFSET  19.4979  7.2006 -8.3009
X  0.3979 -0.3323  0.8551
Y -0.9152 -0.0790  0.3952
Z -0.0638 -0.9398 -0.3356

PART 28
OFFSET  19.9855  6.8536 -7.2410
X -0.3362 -0.1990  0.9205
Y -0.9412  0.1064 -0.3207
Z -0.0341 -0.9742 -0.2230

PART 29
OFFSET  19.6058  6.6289 -6.2012
X  0.9495 -0.3053 -0.0729
Y  0.0407  0.3501 -0.9358
Z  0.3112  0.8856  0.3448

PART 30
OFFSET  18.3030  6.4359 -8.9161
X  0.6844 -0.1020  0.7220
Y -0.7289 -0.0687  0.6812
Z -0.0198 -0.9924 -0.1214

PART 31
OFFSET  19.6399  6.2367 -7.5057
X -0.2749 -0.1013  0.9561
Y -0.9592  0.0970 -0.2655
Z -0.0658 -0.9901 -0.1239

PART 32
OFFSET  19.2384  6.0887 -6.1091
X -0.8015 -0.0149  0.5978
Y -0.5893  0.1901 -0.7853
Z -0.1019 -0.9817 -0.1611

PART 33
OFFSET  18.3303  6.0647 -5.4326
X  0.9975 -0.0472  0.0534
Y  0.0572  0.0814 -0.9950
Z  0.0426  0.9956  0.0839

PART 34
OFFSET  17.9299  5.2058 -7.3350
X  0.1839 -0.9310 -0.3154
Y -0.2397  0.2687 -0.9329
Z  0.9533  0.2471 -0.1738

PART 35
OFFSET  10.9629 -0.8802 -4.9912
X  0.6990  0.6712 -0.2467
Y -0.7068  0.5958 -0.3814
Z -0.1090  0.4410  0.8909

PART 36
OFFSET  10.9629 -0.8802 -4.9912
X  0.6990  0.6712 -0.2467
Y -0.7068  0.5958 -0.3814
Z -0.1090  0.4410  0.8909

PART 37
OFFSET  14.6100  3.5494 -4.0913
X  0.6966  0.6801 -0.2285
Y -0.7068  0.5958 -0.3814
Z -0.1233  0.4272  0.8957

PART 38
OFFSET  13.8659  2.0789 -5.7874
X  0.6990  0.6712 -0.2467
Y -0.7068  0.5958 -0.3814
Z -0.1090  0.4410  0.8909

PART 39
OFFSET  10.6886 -2.3946 -6.8486
X  0.6990  0.6712 -0.2467
Y -0.7068  0.5958 -0.3814
Z -0.1090  0.4410  0.8909

PART 40
OFFSET  21.0359  7.6576 -9.3929
X -0.3677  0.1512  0.9176
Y -0.6044 -0.7888 -0.1122
Z  0.7068 -0.5958  0.3814

PART 41
OFFSET  21.0359  7.6576 -9.3929
X -0.7068  0.5958 -0.3814
Y -0.6990 -0.6712  0.2467
Z -0.1090  0.4410  0.8909

PART 42
OFFSET  20.6001  7.3431 -9.8366
X -0.7068  0.5958 -0.3814
Y -0.6990 -0.6712  0.2467
Z -0.1090  0.4410  0.8909

PART 43
OFFSET  19.6107  8.1772 -10.3706
X -0.6521  0.7399  0.1654
Y -0.6990 -0.6712  0.2467
Z  0.2935  0.0453  0.9549

PART 44
OFFSET  25.9620  14.2398 -13.1649
X  0.8331  0.4414  0.3332
Y  0.0851  0.4928 -0.8659
Z -0.5465  0.7498  0.3730

PART 45
OFFSET -10.8444 -11.7139 -5.9426
X -0.9690  0.2245 -0.1036
Y -0.1807 -0.3570  0.9165
Z  0.1687  0.9067  0.3865

PART 46
OFFSET  0.8740 -14.4285 -4.6896
X -0.7121 -0.6995  0.0598
Y  0.6986 -0.6976  0.1590
Z -0.0695  0.1550  0.9855

PART 47
OFFSET  6.9310 -8.4791 -5.1985
X -0.7121 -0.6995  0.0598
Y  0.3679 -0.4444 -0.8168
Z  0.5979 -0.5596  0.5739

PART 48
OFFSET  7.5633 -7.1840 -6.5725
X -0.7160 -0.6958  0.0559
Y  0.0613 -0.1425 -0.9879
Z  0.6954 -0.7039  0.1447

PART 49
OFFSET  7.1439 -6.1640 -6.0515
X -0.7160 -0.6958  0.0559
Y  0.0613 -0.1425 -0.9879
Z  0.6954 -0.7039  0.1447

PART 50
OFFSET  7.2196 -5.9840 -4.6969
X -0.7160 -0.6958  0.0559
Y  0.0613 -0.1425 -0.9879
Z  0.6954 -0.7039  0.1447

PART 51
OFFSET  9.1142 -6.3347 -5.3820
X -0.5385 -0.8408  0.0561
Y  0.4273 -0.3298 -0.8418
Z  0.7263 -0.4293  0.5369

PART 52
OFFSET  8.6459 -5.4619 -4.8153
X  0.1897 -0.9768 -0.0991
Y  0.3465  0.1610 -0.9241
Z  0.9187  0.1410  0.3690

PART 53
OFFSET  8.1508 -3.3779 -4.5299
X -0.4124 -0.7023  0.5802
Y  0.3899 -0.7117 -0.5844
Z  0.8234 -0.0148  0.5673

PART 54
OFFSET  8.7476 -2.2848 -5.5649
X -0.4500  0.0020  0.8930
Y  0.0273 -0.9995  0.0160
Z  0.8926  0.0316  0.4498

PART 55
OFFSET  9.1929 -2.2714 -6.5515
X -0.8999 -0.2248  0.3736
Y -0.4263  0.2740 -0.8621
Z  0.0915 -0.9351 -0.3424

PART 56
OFFSET  9.8807 -5.8896 -6.4393
X -0.4862 -0.6859  0.5415
Y  0.8539 -0.2410  0.4613
Z -0.1859  0.6866  0.7028

PART 57
OFFSET  10.8412 -4.2190 -7.6101
X  0.6193 -0.6325  0.4652
Y  0.7805  0.4319 -0.4519
Z  0.0849  0.6430  0.7612

PART 58
OFFSET  9.9644 -3.3235 -8.2687
X  0.9841  0.0617 -0.1665
Y -0.1489  0.7979 -0.5841
Z  0.0968  0.5996  0.7944

PART 59
OFFSET  9.0919 -3.3783 -8.1211
X  0.4534  0.6515 -0.6083
Y -0.8879  0.3897 -0.2444
Z  0.0778  0.6509  0.7552

PART 60
OFFSET  8.6612 -3.9972 -7.5432
X  0.1994 -0.8371  0.5095
Y -0.9522 -0.0428  0.3023
Z -0.2312 -0.5454 -0.8056

PART 61
OFFSET  9.8165 -5.5454 -5.8172
X -0.5092 -0.7786  0.3667
Y  0.8074 -0.2846  0.5169
Z -0.2981  0.5592  0.7736

PART 62
OFFSET  11.2002 -3.6140 -6.8724
X  0.5757 -0.5889  0.5672
Y  0.8174  0.3962 -0.4182
Z  0.0216  0.7044  0.7095

PART 63
OFFSET  10.2200 -2.6113 -7.8380
X  0.9321  0.2437 -0.2678
Y -0.3609  0.6864 -0.6314
Z  0.0299  0.6852  0.7278

PART 64
OFFSET  8.9282 -2.9491 -7.4669
X  0.2888  0.6940 -0.6595
Y -0.9571  0.2267 -0.1804
Z  0.0243  0.6833  0.7297

PART 65
OFFSET  8.6150 -3.7018 -6.7516
X  0.3113 -0.6645  0.6793
Y -0.9498 -0.2416  0.1990
Z  0.0319 -0.7072 -0.7063

PART 66
OFFSET  6.9011 -9.7851 -4.1489
X -0.3873 -0.8467  0.3649
Y -0.8341  0.1532 -0.5299
Z  0.3927 -0.5096 -0.7656

PART 67
OFFSET  11.1600 -2.9693 -4.7662
X -0.5444 -0.7910  0.2793
Y  0.8061 -0.4011  0.4352
Z -0.2322  0.4620  0.8559

PART 68
OFFSET  12.1184 -1.5767 -5.2580
X -0.5194 -0.8006  0.2986
Y  0.8098 -0.3496  0.4712
Z -0.2729  0.4866  0.8299

PART 69
OFFSET  12.7332 -0.5738 -5.5706
X -0.4951 -0.8344  0.2423
Y  0.8183 -0.3541  0.4527
Z -0.2919  0.4224  0.8581

PART 70
OFFSET  13.2924  0.3687 -5.8443
X -0.6597  0.7101 -0.2462
Y  0.7515  0.6260 -0.2083
Z  0.0062 -0.3224 -0.9466

PART 71
OFFSET  11.4359 -3.3398 -5.7697
X  0.4577 -0.6420  0.6151
Y  0.8758  0.4448 -0.1874
Z -0.1533  0.6245  0.7658

PART 72
OFFSET  10.5417 -2.0857 -6.9714
X  0.9749  0.2225  0.0082
Y -0.1587  0.7205 -0.6751
Z -0.1561  0.6568  0.7377

PART 73
OFFSET  9.1177 -2.4106 -6.9834
X  0.3733  0.7108 -0.5962
Y -0.9081  0.1483 -0.3917
Z -0.1900  0.6876  0.7008

PART 74
OFFSET  8.6957 -3.2204 -6.3133
X  0.3059 -0.6837  0.6626
Y -0.9468 -0.2918  0.1360
Z  0.1004 -0.6689 -0.7365

PART 75
OFFSET  0.0000 -0.0000 -0.0000
X  1.0000 -0.0000  0.0000
Y  0.0000  1.0000  0.0000
Z  0.0000 -0.0000  1.0000

PART 76
OFFSET -0.0000 -0.0000 -0.0000
X  0.9945 -0.0000 -0.1045
Y  0.0073  0.9976  0.0694
Z  0.1043 -0.0698  0.9921

PART 77
OFFSET  1.9633 -0.2885  3.9421
X  0.9945 -0.0000 -0.1045
Y  0.0073  0.9976  0.0694
Z  0.1043 -0.0698  0.9921


FRAME 2071
PART 0
OFFSET  0.0000 -0.0000 -0.0000
X  1.0000 -0.0000  0.0000
Y  0.0000  1.0000  0.0000
Z  0.0000 -0.0000  1.0000

PART 1
OFFSET -4.6318 -0.0000 -1.3770
X  1.0000 -0.0000  0.0000
Y  0.0000  1.0000  0.0000
Z  0.0000 -0.0000  1.0000

PART 2
OFFSET -3.4656  6.3408 -6.7968
X  0.7541 -0.1843 -0.6303
Y  0.2562 -0.8012  0.5407
Z -0.6047 -0.5693 -0.5570

PART 3
OFFSET  5.6549  4.1125 -14.4201
X  0.8215  0.0317  0.5694
Y -0.5634  0.1989  0.8019
Z -0.0878 -0.9795  0.1813

PART 4
OFFSET  12.6419  4.3822 -9.5774
X  0.8215  0.0317  0.5694
Y -0.3280  0.8430  0.4263
Z -0.4665 -0.5370  0.7029

PART 5
OFFSET  14.3862  6.0123 -9.7326
X  0.8250  0.0332  0.5641
Y  0.0937  0.9764 -0.1944
Z -0.5573  0.2132  0.8025

PART 6
OFFSET  14.1183  3.4494 -9.8744
X  0.8250  0.0332  0.5641
Y  0.0937  0.9764 -0.1944
Z -0.5573  0.2132  0.8025

PART 7
OFFSET  13.5273  6.1018 -7.5784
X  0.8250  0.0332  0.5641
Y  0.0937  0.9764 -0.1944
Z -0.5573  0.2132  0.8025

PART 8
OFFSET  13.3229  4.5558 -7.3739
X  0.8250  0.0332  0.5641
Y  0.0937  0.9764 -0.1944
Z -0.5573  0.2132  0.8025

PART 9
OFFSET  13.2101  3.3128 -7.8118
X  0.8250  0.0332  0.5641
Y  0.0937  0.9764 -0.1944
Z -0.5573  0.2132  0.8025

PART 10
OFFSET  15.1602  4.4794 -7.8319
X  0.8437  0.5367  0.0054
Y -0.4949  0.7741  0.3947
Z  0.2077 -0.3357  0.9188

PART 11
OFFSET  15.1475  5.3300 -7.0713
X  0.6826  0.6995  0.2116
Y -0.6968  0.7103 -0.1000
Z -0.2203 -0.0792  0.9722

PART 12
OFFSET  16.5386  6.9059 -6.5705
X  0.9029  0.4235 -0.0738
Y -0.4042  0.8947  0.1899
Z  0.1465 -0.1416  0.9790

PART 13
OFFSET  18.0367  7.5204 -6.5914
X  0.7548  0.6362  0.1596
Y -0.6477  0.7614  0.0278
Z -0.1038 -0.1243  0.9868

PART 14
OFFSET  18.8372  8.2157 -6.3732
X  0.4904  0.7064 -0.5104
Y -0.1632 -0.5008 -0.8500
Z -0.8561  0.5002 -0.1303

PART 15
OFFSET  16.4462  4.0368 -8.0643
X  0.9978  0.0655 -0.0042
Y  0.0296 -0.3921  0.9195
Z  0.0586 -0.9176 -0.3932

PART 16
OFFSET  18.6832  4.2696 -7.9038
X  0.0090  0.1094  0.9940
Y -0.9960  0.0889 -0.0008
Z -0.0884 -0.9900  0.1098

PART 17
OFFSET  18.6959  4.4246 -6.4966
X -0.3963  0.1421  0.9071
Y -0.9163  0.0015 -0.4006
Z -0.0583 -0.9898  0.1296

PART 18
OFFSET  18.3445  4.5506 -5.6924
X -0.6563  0.1475  0.7399
Y -0.7455  0.0237 -0.6660
Z -0.1158 -0.9888  0.0944

PART 19
OFFSET  17.7210  4.6907 -4.9894
X  0.9868  0.0153 -0.1615
Y -0.1551 -0.2020 -0.9670
Z -0.0474  0.9793 -0.1969

PART 20
OFFSET  16.2738  4.7162 -7.9291
X  0.9562  0.2710 -0.1106
Y  0.2119 -0.3803  0.9003
Z  0.2019 -0.8843 -0.4211

PART 21
OFFSET  18.8108  5.2799 -7.9939
X  0.3884 -0.1471  0.9097
Y -0.8983  0.1597  0.4094
Z -0.2055 -0.9761 -0.0702

PART 22
OFFSET  19.4721  5.0293 -6.4452
X -0.5300  0.0587  0.8460
Y -0.8273  0.1834 -0.5310
Z -0.1864 -0.9813 -0.0487

PART 23
OFFSET  18.7376  5.1107 -5.2727
X -0.8016  0.1176  0.5862
Y -0.5689  0.1514 -0.8084
Z -0.1839 -0.9814 -0.0545

PART 24
OFFSET  17.8683  5.2383 -4.6370
X  0.9727 -0.2312 -0.0212
Y  0.0018  0.0987 -0.9951
Z  0.2321  0.9679  0.0964

PART 25
OFFSET  17.0868  7.1831 -6.6961
X  0.9473  0.2619  0.1842
Y  0.0273  0.5072 -0.8614
Z -0.3190  0.8211  0.4733

PART 26
OFFSET  17.9975  7.2793 -7.8547
X  0.9577 -0.1549  0.2427
Y -0.2776 -0.2731  0.9211
Z -0.0764 -0.9494 -0.3045

PART 27
OFFSET  19.6836  7.0066 -7.4274
X  0.3658 -0.3993  0.8407
Y -0.9269 -0.0746  0.3678
Z -0.0841 -0.9138 -0.3974

PART 28
OFFSET  20.1334  6.5768 -6.3812
X -0.3653 -0.2467  0.8976
Y -0.9290  0.1571 -0.3349
Z -0.0584 -0.9563 -0.2866

PART 29
OFFSET  19.7207  6.2981 -5.3674
X  0.9412 -0.3305 -0.0705
Y  0.0751  0.4080 -0.9099
Z  0.3295  0.8511  0.4088

PART 30
OFFSET  18.4817  6.3221 -8.1187
X  0.6624 -0.1702  0.7295
Y -0.7476 -0.0888  0.6581
Z -0.0473 -0.9814 -0.1861

PART 31
OFFSET  19.7758  5.9896 -6.6935
X -0.3020 -0.1536  0.9409
Y -0.9488  0.1448 -0.2809
Z -0.0931 -0.9775 -0.1895

PART 32
OFFSET  19.3347  5.7652 -5.3192
X -0.8164 -0.0273  0.5768
Y -0.5631  0.2591 -0.7847
Z -0.1280 -0.9655 -0.2269

PART 33
OFFSET  18.4095  5.7272 -4.6670
X  0.9939 -0.0828  0.0734
Y  0.0848  0.1433 -0.9860
Z  0.0711  0.9862  0.1494

PART 34
OFFSET  18.0310  5.0057 -6.6299
X  0.1630 -0.9142 -0.3709
Y -0.2077  0.3357 -0.9188
Z  0.9645  0.2268 -0.1351

PART 35
OFFSET  10.8230 -0.9898 -4.8493
X  0.7253  0.6627 -0.1862
Y -0.6782  0.6416 -0.3582
Z -0.1179  0.3861  0.9149

PART 36
OFFSET  10.8230 -0.9898 -4.8493
X  0.7253  0.6627 -0.1862
Y -0.6782  0.6416 -0.3582
Z -0.1179  0.3861  0.9149

PART 37
OFFSET  14.5808  3.2526 -3.5789
X  0.7228  0.6705 -0.1675
Y -0.6782  0.6416 -0.3582
Z -0.1327  0.3725  0.9185

PART 38
OFFSET  13.8349  1.9189 -5.3838
X  0.7253  0.6627 -0.1862
Y -0.6782  0.6416 -0.3582
Z -0.1179  0.3861  0.9149

PART 39
OFFSET  10.5493 -2.3720 -6.8071
X  0.7253  0.6627 -0.1862
Y -0.6782  0.6416 -0.3582
Z -0.1179  0.3861  0.9149

PART 40
OFFSET  21.2621  7.4829 -8.4514
X -0.3860  0.1038  0.9167
Y -0.6253 -0.7600 -0.1773
Z  0.6782 -0.6416  0.3582

PART 41
OFFSET  21.2621  7.4829 -8.4514
X -0.6782  0.6416 -0.3582
Y -0.7253 -0.6627  0.1862
Z -0.1179  0.3861  0.9149

PART 42
OFFSET  20.8281  7.2118 -8.9246
X -0.6782  0.6416 -0.3582
Y -0.7253 -0.6627  0.1862
Z -0.1179  0.3861  0.9149

PART 43
OFFSET  19.8787  8.1101 -9.4261
X -0.6449  0.7488  0.1528
Y -0.7253 -0.6627  0.1862
Z  0.2407  0.0093  0.9705

PART 44
OFFSET  26.4822  14.1311 -11.6720
X  0.8376  0.3919  0.3804
Y  0.1221  0.5444 -0.8299
Z -0.5324  0.7416  0.4082

PART 45
OFFSET -10.8444 -11.7139 -5.9426
X -0.9645  0.2431 -0.1031
Y -0.1842 -0.3395  0.9224
Z  0.1893  0.9086  0.3722

PART 46
OFFSET  0.8201 -14.6543 -4.6956
X -0.6912 -0.7181  0.0813
Y  0.7200 -0.6746  0.1628
Z -0.0620  0.1711  0.9833

PART 47
OFFSET  6.6989 -8.5467 -5.3874
X -0.6912 -0.7181  0.0813
Y  0.3520 -0.4328 -0.8299
Z  0.6312 -0.5450  0.5519

PART 48
OFFSET  7.2776 -7.2597 -6.7923
X -0.6952 -0.7146  0.0774
Y  0.0535 -0.1588 -0.9859
Z  0.7168 -0.6813  0.1487

PART 49
OFFSET  6.8356 -6.2425 -6.2844
X -0.6952 -0.7146  0.0774
Y  0.0535 -0.1588 -0.9859
Z  0.7168 -0.6813  0.1487

PART 50
OFFSET  6.9224 -6.0357 -4.9344
X -0.6952 -0.7146  0.0774
Y  0.0535 -0.1588 -0.9859
Z  0.7168 -0.6813  0.1487

PART 51
OFFSET  8.8179 -6.3452 -5.6368
X -0.5653 -0.8248 -0.0112
Y  0.4381 -0.2887 -0.8513
Z  0.6989 -0.4862  0.5246

PART 52
OFFSET  8.3624 -5.4960 -5.0256
X  0.1620 -0.9741 -0.1579
Y  0.3746  0.2088 -0.9034
Z  0.9129  0.0872  0.3987

PART 53
OFFSET  7.9246 -3.4197 -4.6169
X -0.4484 -0.7245  0.5236
Y  0.3824 -0.6849 -0.6202
Z  0.8079 -0.0778  0.5842

PART 54
OFFSET  8.5808 -2.2823 -5.5645
X -0.4722 -0.0409  0.8805
Y -0.0038 -0.9988 -0.0484
Z  0.8815 -0.0262  0.4715

PART 55
OFFSET  9.0511 -2.2199 -6.5375
X -0.9156 -0.2191  0.3372
Y -0.3958  0.3424 -0.8521
Z  0.0713 -0.9136 -0.4003

PART 56
OFFSET  9.6242 -5.8582 -6.6448
X -0.5206 -0.7032  0.4843
Y  0.8341 -0.2977  0.4644
Z -0.1824  0.6457  0.7415

PART 57
OFFSET  10.6650 -4.1477 -7.6819
X  0.5876 -0.6808  0.4374
Y  0.8046  0.4346 -0.4046
Z  0.0853  0.5897  0.8031

PART 58
OFFSET  9.8331 -3.1839 -8.3011
X  0.9894  0.0405 -0.1392
Y -0.1095  0.8382 -0.5343
Z  0.0951  0.5439  0.8338

PART 59
OFFSET  8.9558 -3.2198 -8.1776
X  0.4884  0.6742 -0.5539
Y -0.8691  0.4331 -0.2391
Z  0.0786  0.5982  0.7975

PART 60
OFFSET  8.4918 -3.8604 -7.6514
X  0.1606 -0.8741  0.4585
Y -0.9604 -0.0313  0.2767
Z -0.2275 -0.4848 -0.8445

PART 61
OFFSET  9.5549 -5.5528 -6.0033
X -0.5420 -0.7837  0.3033
Y  0.7849 -0.3432  0.5159
Z -0.3002  0.5177  0.8012

PART 62
OFFSET  11.0236 -3.6033 -6.8983
X  0.5428 -0.6425  0.5409
Y  0.8395  0.3956 -0.3725
Z  0.0253  0.6563  0.7541

PART 63
OFFSET  10.0995 -2.5095 -7.8192
X  0.9457  0.2302 -0.2296
Y -0.3235  0.7369 -0.5936
Z  0.0326  0.6357  0.7713

PART 64
OFFSET  8.7889 -2.8285 -7.5009
X  0.3266  0.7252 -0.6061
Y -0.9448  0.2687 -0.1875
Z  0.0269  0.6339  0.7729

PART 65
OFFSET  8.4347 -3.6150 -6.8435
X  0.2735 -0.7165  0.6417
Y -0.9615 -0.2230  0.1607
Z  0.0279 -0.6610 -0.7499

PART 66
OFFSET  6.4692 -9.7944 -4.6823
X -0.4223 -0.8554  0.3000
Y -0.8153  0.2138 -0.5381
Z  0.3961 -0.4718 -0.7877

PART 67
OFFSET  10.9500 -3.0943 -4.7561
X -0.5753 -0.7893  0.2146
Y  0.7821 -0.4541  0.4268
Z -0.2394  0.4134  0.8785

PART 68
OFFSET  11.9629 -1.7047 -5.1339
X -0.5512 -0.8010  0.2338
Y  0.7865 -0.4051  0.4662
Z -0.2787  0.4408  0.8532

PART 69
OFFSET  12.6161 -0.7042 -5.3663
X -0.5265 -0.8318  0.1760
Y  0.7954 -0.4087  0.4476
Z -0.3004  0.3756  0.8767

PART 70
OFFSET  13.2107  0.2353 -5.5650
X -0.6311  0.7454 -0.2147
Y  0.7754  0.6134 -0.1496
Z  0.0202 -0.2610 -0.9651

PART 71
OFFSET  11.2396 -3.4083 -5.7749
X  0.4220 -0.6946  0.5826
Y  0.8935  0.4274 -0.1377
Z -0.1533  0.5787  0.8010

PART 72
OFFSET  10.4151 -2.0513 -6.9130
X  0.9808  0.1898  0.0453
Y -0.1194  0.7671 -0.6303
Z -0.1544  0.6128  0.7750

PART 73
OFFSET  8.9826 -2.3286 -6.9792
X  0.4099  0.7352 -0.5399
Y -0.8929  0.2024 -0.4023
Z -0.1864  0.6470  0.7394

PART 74
OFFSET  8.5190 -3.1657 -6.3732
X  0.2679 -0.7344  0.6237
Y -0.9584 -0.2692  0.0947
Z  0.0983 -0.6231 -0.7759

PART 75
OFFSET  0.0000 -0.0000 -0.0000
X  1.0000 -0.0000  0.0000
Y  0.0000  1.0000  0.0000
Z  0.0000 -0.0000  1.0000

PART 76
OFFSET -0.0000 -0.0000 -0.0000
X  0.9949  0.0000 -0.1011
Y  0.0066  0.9978  0.0653
Z  0.1009 -0.0657  0.9927

PART 77
OFFSET  1.9497 -0.2715  3.9500
X  0.9949  0.0000 -0.1011
Y  0.0066  0.9978  0.0653
Z  0.1009 -0.0657  0.9927


FRAME 2072
PART 0
OFFSET  0.0000 -0.0000 -0.0000
X  1.0000 -0.0000  0.0000
Y  0.0000  1.0000  0.0000
Z  0.0000 -0.0000  1.0000

PART 1
OFFSET -4.6318 -0.0000 -1.3770
X  1.0000 -0.0000  0.0000
Y  0.0000  1.0000  0.0000
Z  0.0000 -0.0000  1.0000

PART 2
OFFSET -3.3592  6.3408 -7.0192
X  0.7907 -0.1556 -0.5921
Y  0.2171 -0.8331  0.5088
Z -0.5724 -0.5308 -0.6249

PART 3
OFFSET  6.2035  4.4593 -14.1800
X  0.7878 -0.0094  0.6159
Y -0.6069  0.1586  0.7788
Z -0.1050 -0.9873  0.1192

PART 4
OFFSET  12.9039  4.3790 -8.9416
X  0.7878 -0.0094  0.6159
Y -0.3678  0.7948  0.4827
Z -0.4941 -0.6068  0.6227

PART 5
OFFSET  14.6659  5.9971 -8.9035
X  0.7916 -0.0077  0.6109
Y  0.1116  0.9849 -0.1321
Z -0.6007  0.1727  0.7806

PART 6
OFFSET  14.3882  3.4494 -9.2078
X  0.7916 -0.0077  0.6109
Y  0.1116  0.9849 -0.1321
Z -0.6007  0.1727  0.7806

PART 7
OFFSET  13.6859  5.9722 -6.7998
X  0.7916 -0.0077  0.6109
Y  0.1116  0.9849 -0.1321
Z -0.6007  0.1727  0.7806

PART 8
OFFSET  13.4590  4.4192 -6.6968
X  0.7916 -0.0077  0.6109
Y  0.1116  0.9849 -0.1321
Z -0.6007  0.1727  0.7806

PART 9
OFFSET  13.3627  3.2045 -7.2113
X  0.7916 -0.0077  0.6109
Y  0.1116  0.9849 -0.1321
Z -0.6007  0.1727  0.7806

PART 10
OFFSET  15.3190  4.3500 -7.0535
X  0.8636  0.4970  0.0845
Y -0.4802  0.7599  0.4382
Z  0.1536 -0.4190  0.8949

PART 11
OFFSET  15.3072  5.1349 -6.2252
X  0.7003  0.6491  0.2970
Y -0.6626  0.7459 -0.0679
Z -0.2656 -0.1493  0.9525

PART 12
OFFSET  16.7374  6.6018 -5.5381
X  0.9215  0.3883 -0.0015
Y -0.3758  0.8929  0.2480
Z  0.0977 -0.2280  0.9688

PART 13
OFFSET  18.2585  7.1499 -5.4469
X  0.7721  0.5873  0.2427
Y -0.6171  0.7842  0.0656
Z -0.1518 -0.2004  0.9679

PART 14
OFFSET  19.0760  7.7891 -5.1389
X  0.5403  0.7239 -0.4290
Y -0.1459 -0.4215 -0.8950
Z -0.8287  0.5462 -0.1222

PART 15
OFFSET  16.5950  3.8723 -7.2704
X  0.9989  0.0219  0.0415
Y -0.0264 -0.4673  0.8837
Z  0.0388 -0.8838 -0.4663

PART 16
OFFSET  18.8305  3.9930 -7.0010
X -0.0302  0.0267  0.9992
Y -0.9907  0.1321 -0.0334
Z -0.1329 -0.9909  0.0225

PART 17
OFFSET  18.7878  4.0309 -5.5863
X -0.4296  0.0842  0.8991
Y -0.8971  0.0746 -0.4356
Z -0.1037 -0.9937  0.0435

PART 18
OFFSET  18.4069  4.1055 -4.7891
X -0.6816  0.1147  0.7227
Y -0.7141  0.1110 -0.6912
Z -0.1595 -0.9872  0.0062

PART 19
OFFSET  17.7594  4.2144 -4.1026
X  0.9927 -0.0147 -0.1198
Y -0.1207 -0.1147 -0.9860
Z  0.0007  0.9933 -0.1156

PART 20
OFFSET  16.4444  4.5451 -7.0856
X  0.9703  0.2371 -0.0488
Y  0.1568 -0.4620  0.8729
Z  0.1844 -0.8546 -0.4855

PART 21
OFFSET  19.0024  5.0007 -7.0005
X  0.3420 -0.2384  0.9090
Y -0.9082  0.1646  0.3849
Z -0.2413 -0.9571 -0.1602

PART 22
OFFSET  19.5847  4.5948 -5.4530
X -0.5637  0.0120  0.8259
Y -0.7952  0.2625 -0.5465
Z -0.2234 -0.9648 -0.1385

PART 23
OFFSET  18.8035  4.6114 -4.3084
X -0.8211  0.1039  0.5612
Y -0.5264  0.2422 -0.8150
Z -0.2206 -0.9646 -0.1442

PART 24
OFFSET  17.9130  4.7241 -3.6997
X  0.9626 -0.2710 -0.0014
Y  0.0493  0.1801 -0.9824
Z  0.2664  0.9456  0.1867

PART 25
OFFSET  17.3012  6.8642 -5.6178
X  0.9482  0.2042  0.2436
Y  0.0853  0.5747 -0.8139
Z -0.3062  0.7925  0.5275

PART 26
OFFSET  18.2649  7.0156 -6.7265
X  0.9391 -0.2161  0.2671
Y -0.3284 -0.3356  0.8829
Z -0.1011 -0.9169 -0.3861

PART 27
OFFSET  19.9184  6.6351 -6.2562
X  0.3123 -0.4827  0.8182
Y -0.9444 -0.0640  0.3226
Z -0.1034 -0.8734 -0.4759

PART 28
OFFSET  20.3043  6.1013 -5.2326
X -0.4139 -0.3036  0.8582
Y -0.9064  0.2247 -0.3576
Z -0.0843 -0.9259 -0.3681

PART 29
OFFSET  19.8368  5.7584 -4.2632
X  0.9293 -0.3644 -0.0601
Y  0.1312  0.4778 -0.8686
Z  0.3453  0.7993  0.4919

PART 30
OFFSET  18.7213  6.0630 -7.0504
X  0.6225 -0.2585  0.7387
Y -0.7787 -0.1098  0.6177
Z -0.0785 -0.9597 -0.2697

PART 31
OFFSET  19.9373  5.5580 -5.6073
X -0.3488 -0.2172  0.9117
Y -0.9290  0.2088 -0.3056
Z -0.1240 -0.9535 -0.2746

PART 32
OFFSET  19.4279  5.2408 -4.2756
X -0.8413 -0.0390  0.5391
Y -0.5173  0.3472 -0.7822
Z -0.1567 -0.9370 -0.3123

PART 33
OFFSET  18.4743  5.1898 -3.6667
X  0.9856 -0.1319  0.1062
Y  0.1336  0.2201 -0.9663
Z  0.1041  0.9665  0.2346

PART 34
OFFSET  18.1533  4.6496 -5.6970
X  0.1422 -0.8869 -0.4396
Y -0.1536  0.4190 -0.8949
Z  0.9778  0.1948 -0.0767

PART 35
OFFSET  10.6389 -1.1511 -4.7184
X  0.7589  0.6434 -0.1005
Y -0.6355  0.6980 -0.3300
Z -0.1422  0.3143  0.9386

PART 36
OFFSET  10.6389 -1.1511 -4.7184
X  0.7589  0.6434 -0.1005
Y -0.6355  0.6980 -0.3300
Z -0.1422  0.3143  0.9386

PART 37
OFFSET  14.5052  2.8038 -2.9455
X  0.7558  0.6497 -0.0813
Y -0.6355  0.6980 -0.3300
Z -0.1577  0.3011  0.9405

PART 38
OFFSET  13.7859  1.6571 -4.8847
X  0.7589  0.6434 -0.1005
Y -0.6355  0.6980 -0.3300
Z -0.1422  0.3143  0.9386

PART 39
OFFSET  10.3957 -2.3542 -6.7949
X  0.7589  0.6434 -0.1005
Y -0.6355  0.6980 -0.3300
Z -0.1422  0.3143  0.9386

PART 40
OFFSET  21.5580  7.1246 -7.1721
X -0.4212  0.0447  0.9058
Y -0.6470 -0.7147 -0.2656
Z  0.6355 -0.6980  0.3300

PART 41
OFFSET  21.5580  7.1246 -7.1721
X -0.6355  0.6980 -0.3300
Y -0.7589 -0.6434  0.1005
Z -0.1422  0.3143  0.9386

PART 42
OFFSET  21.1346  6.9126 -7.6835
X -0.6355  0.6980 -0.3300
Y -0.7589 -0.6434  0.1005
Z -0.1422  0.3143  0.9386

PART 43
OFFSET  20.2449  7.8898 -8.1455
X -0.6402  0.7654  0.0662
Y -0.7589 -0.6434  0.1005
Z  0.1195  0.0141  0.9927

PART 44
OFFSET  27.1773  13.7806 -9.6095
X  0.8353  0.3223  0.4455
Y  0.1801  0.6051 -0.7755
Z -0.5195  0.7280  0.4473

PART 45
OFFSET -10.8444 -11.7139 -5.9426
X -0.9599  0.2613 -0.1015
Y -0.1837 -0.3128  0.9319
Z  0.2117  0.9132  0.3483

PART 46
OFFSET  0.7645 -14.8742 -4.7146
X -0.6647 -0.7383  0.1140
Y  0.7454 -0.6452  0.1675
Z -0.0501  0.1963  0.9793

PART 47
OFFSET  6.4183 -8.5943 -5.6841
X -0.6647 -0.7383  0.1140
Y  0.3279 -0.4254 -0.8435
Z  0.6713 -0.5233  0.5249

PART 48
OFFSET  6.9274 -7.3284 -7.1343
X -0.6690 -0.7351  0.1100
Y  0.0412 -0.1845 -0.9820
Z  0.7422 -0.6524  0.1537

PART 49
OFFSET  6.4602 -6.3128 -6.6462
X -0.6690 -0.7351  0.1100
Y  0.0412 -0.1845 -0.9820
Z  0.7422 -0.6524  0.1537

PART 50
OFFSET  6.5642 -6.0655 -5.3042
X -0.6690 -0.7351  0.1100
Y  0.0412 -0.1845 -0.9820
Z  0.7422 -0.6524  0.1537

PART 51
OFFSET  8.4561 -6.3308 -6.0335
X -0.5970 -0.7956 -0.1033
Y  0.4630 -0.2366 -0.8542
Z  0.6551 -0.5578  0.5096

PART 52
OFFSET  8.0089 -5.5156 -5.3720
X  0.1294 -0.9639 -0.2326
Y  0.4218  0.2658 -0.8668
Z  0.8974  0.0141  0.4410

PART 53
OFFSET  7.6376 -3.4628 -4.8080
X -0.4996 -0.7448  0.4423
Y  0.3813 -0.6476 -0.6597
Z  0.7778 -0.1609  0.6076

PART 54
OFFSET  8.3798 -2.2811 -5.6295
X -0.5115 -0.0925  0.8543
Y -0.0419 -0.9903 -0.1324
Z  0.8582 -0.1035  0.5027

PART 55
OFFSET  8.8944 -2.1595 -6.5740
X -0.9375 -0.2059  0.2804
Y -0.3440  0.4284 -0.8355
Z  0.0519 -0.8798 -0.4725

PART 56
OFFSET  9.3247 -5.7982 -6.9638
X -0.5691 -0.7172  0.4021
Y  0.8003 -0.3711  0.4709
Z -0.1886  0.5898  0.7852

PART 57
OFFSET  10.4779 -4.0553 -7.8106
X  0.5400 -0.7395  0.4019
Y  0.8384  0.4308 -0.3339
Z  0.0738  0.5172  0.8526

PART 58
OFFSET  9.7133 -3.0083 -8.3796
X  0.9954  0.0085 -0.0954
Y -0.0522  0.8833 -0.4658
Z  0.0803  0.4687  0.8797

PART 59
OFFSET  8.8308 -3.0158 -8.2950
X  0.5389  0.6956 -0.4751
Y -0.8396  0.4889 -0.2367
Z  0.0677  0.5265  0.8475

PART 60
OFFSET  8.3188 -3.6766 -7.8436
X  0.1051 -0.9150  0.3894
Y -0.9721 -0.0120  0.2342
Z -0.2096 -0.4032 -0.8908

PART 61
OFFSET  9.2398 -5.5439 -6.3022
X -0.5859 -0.7816  0.2143
Y  0.7471 -0.4185  0.5164
Z -0.3139  0.4626  0.8291

PART 62
OFFSET  10.8235 -3.5934 -6.9702
X  0.4923 -0.7079  0.5064
Y  0.8702  0.3878 -0.3038
Z  0.0187  0.5902  0.8070

PART 63
OFFSET  9.9853 -2.3881 -7.8323
X  0.9633  0.2067 -0.1712
Y -0.2673  0.7967 -0.5421
Z  0.0244  0.5680  0.8227

PART 64
OFFSET  8.6502 -2.6746 -7.5950
X  0.3817  0.7577 -0.5294
Y -0.9241  0.3243 -0.2021
Z  0.0185  0.5663  0.8240

PART 65
OFFSET  8.2363 -3.4963 -7.0209
X  0.2161 -0.7782  0.5897
Y -0.9758 -0.1932  0.1026
Z  0.0341 -0.5976 -0.8011

PART 66
OFFSET  5.9310 -9.7408 -5.4679
X -0.4691 -0.8579  0.2097
Y -0.7817  0.2929 -0.5506
Z  0.4109 -0.4222 -0.8080

PART 67
OFFSET  10.6767 -3.2598 -4.7975
X -0.6155 -0.7783  0.1241
Y  0.7438 -0.5214  0.4182
Z -0.2608  0.3497  0.8998

PART 68
OFFSET  11.7603 -1.8894 -5.0160
X -0.5927 -0.7926  0.1432
Y  0.7484 -0.4762  0.4617
Z -0.2978  0.3808  0.8754

PART 69
OFFSET  12.4627 -0.9027 -5.1370
X -0.5667 -0.8196  0.0840
Y  0.7579 -0.4786  0.4433
Z -0.3231  0.3149  0.8924

PART 70
OFFSET  13.1028  0.0231 -5.2319
X -0.5906  0.7874 -0.1765
Y  0.8053  0.5892 -0.0662
Z  0.0519 -0.1812 -0.9821

PART 71
OFFSET  10.9978 -3.5012 -5.8266
X  0.3679 -0.7580  0.5386
Y  0.9152  0.3978 -0.0652
Z -0.1648  0.5169  0.8400

PART 72
OFFSET  10.2792 -2.0204 -6.8788
X  0.9847  0.1424  0.1005
Y -0.0607  0.8209 -0.5679
Z -0.1634  0.5531  0.8169

PART 73
OFFSET  8.8409 -2.2283 -7.0257
X  0.4624  0.7585 -0.4592
Y -0.8655  0.2737 -0.4194
Z -0.1924  0.5914  0.7831

PART 74
OFFSET  8.3180 -3.0914 -6.5114
X  0.2106 -0.7942  0.5700
Y -0.9717 -0.2339  0.0331
Z  0.1070 -0.5608 -0.8210

PART 75
OFFSET  0.0000 -0.0000 -0.0000
X  1.0000 -0.0000  0.0000
Y  0.0000  1.0000  0.0000
Z  0.0000 -0.0000  1.0000

PART 76
OFFSET -0.0000 -0.0000 -0.0000
X  0.9957 -0.0000 -0.0925
Y  0.0052  0.9984  0.0561
Z  0.0924 -0.0564  0.9941

PART 77
OFFSET  1.9160 -0.2331  3.9689
X  0.9957 -0.0000 -0.0925
Y  0.0052  0.9984  0.0561
Z  0.0924 -0.0564  0.9941


FRAME 2073
PART 0
OFFSET  0.0000 -0.0000 -0.0000
X  1.0000 -0.0000  0.0000
Y  0.0000  1.0000  0.0000
Z  0.0000 -0.0000  1.0000

PART 1
OFFSET -4.6318 -0.0000 -1.3770
X  1.0000 -0.0000  0.0000
Y  0.0000  1.0000  0.0000
Z  0.0000 -0.0000  1.0000

PART 2
OFFSET -3.2087  6.3408 -7.3335
X  0.8360 -0.1119 -0.5371
Y  0.1702 -0.8778  0.4478
Z -0.5216 -0.4658 -0.7148

PART 3
OFFSET  6.9022  4.9870 -13.8297
X  0.7434 -0.0755  0.6646
Y -0.6581  0.0949  0.7469
Z -0.1195 -0.9926  0.0209

PART 4
OFFSET  13.2250  4.3450 -8.1771
X  0.7434 -0.0755  0.6646
Y -0.3977  0.7490  0.5299
Z -0.5378 -0.6582  0.5268

PART 5
OFFSET  14.9907  5.9302 -7.8712
X  0.7476 -0.0734  0.6601
Y  0.1269  0.9914 -0.0335
Z -0.6519  0.1088  0.7504

PART 6
OFFSET  14.7179  3.4245 -8.4256
X  0.7476 -0.0734  0.6601
Y  0.1269  0.9914 -0.0335
Z -0.6519  0.1088  0.7504

PART 7
OFFSET  13.8679  5.7269 -5.8502
X  0.7476 -0.0734  0.6601
Y  0.1269  0.9914 -0.0335
Z -0.6519  0.1088  0.7504

PART 8
OFFSET  13.6243  4.1740 -5.9054
X  0.7476 -0.0734  0.6601
Y  0.1269  0.9914 -0.0335
Z -0.6519  0.1088  0.7504

PART 9
OFFSET  13.5556  3.0124 -6.5343
X  0.7476 -0.0734  0.6601
Y  0.1269  0.9914 -0.0335
Z -0.6519  0.1088  0.7504

PART 10
OFFSET  15.5039  4.1136 -6.1396
X  0.8791  0.4421  0.1783
Y -0.4697  0.7398  0.4817
Z  0.0810 -0.5072  0.8580

PART 11
OFFSET  15.4793  4.8182 -5.2423
X  0.7107  0.5821  0.3952
Y -0.6224  0.7820 -0.0326
Z -0.3280 -0.2228  0.9180

PART 12
OFFSET  16.9325  6.1399 -4.3417
X  0.9369  0.3389  0.0856
Y -0.3483  0.8843  0.3110
Z  0.0297 -0.3212  0.9465

PART 13
OFFSET  18.4691  6.5983 -4.1160
X  0.7826  0.5219  0.3392
Y -0.5831  0.8054  0.1062
Z -0.2178 -0.2809  0.9347

PART 14
OFFSET  19.2956  7.1635 -3.7046
X  0.5975  0.7317 -0.3281
Y -0.1120 -0.3290 -0.9377
Z -0.7940  0.5970 -0.1146

PART 15
OFFSET  16.7671  3.5930 -6.3311
X  0.9947 -0.0333  0.0977
Y -0.1001 -0.5450  0.8324
Z  0.0255 -0.8378 -0.5454

PART 16
OFFSET  18.9860  3.5733 -5.9300
X -0.0879 -0.0642  0.9941
Y -0.9798  0.1854 -0.0746
Z -0.1795 -0.9806 -0.0792

PART 17
OFFSET  18.8616  3.4825 -4.5226
X -0.4776  0.0227  0.8783
Y -0.8654  0.1605 -0.4747
Z -0.1517 -0.9868 -0.0570

PART 18
OFFSET  18.4382  3.5026 -3.7439
X -0.7171  0.0823  0.6921
Y -0.6662  0.2110 -0.7153
Z -0.2049 -0.9740 -0.0965

PART 19
OFFSET  17.7569  3.5807 -3.0864
X  0.9963 -0.0545 -0.0664
Y -0.0674 -0.0168 -0.9976
Z  0.0533  0.9984 -0.0204

PART 20
OFFSET  16.6370  4.2528 -6.0916
X  0.9813  0.1904  0.0269
Y  0.0836 -0.5481  0.8322
Z  0.1732 -0.8144 -0.5538

PART 21
OFFSET  19.2038  4.5665 -5.8243
X  0.2764 -0.3386  0.8994
Y -0.9208  0.1747  0.3487
Z -0.2753 -0.9246 -0.2635

PART 22
OFFSET  19.6744  3.9900 -4.2931
X -0.6103 -0.0354  0.7914
Y -0.7486  0.3524 -0.5616
Z -0.2590 -0.9352 -0.2416

PART 23
OFFSET  18.8285  3.9409 -3.1963
X -0.8472  0.0937  0.5230
Y -0.4657  0.3432 -0.8157
Z -0.2559 -0.9346 -0.2471

PART 24
OFFSET  17.9098  4.0425 -2.6291
X  0.9475 -0.3188  0.0253
Y  0.1155  0.2673 -0.9567
Z  0.2982  0.9094  0.2901

PART 25
OFFSET  17.5115  6.3792 -4.3652
X  0.9405  0.1318  0.3132
Y  0.1596  0.6423 -0.7497
Z -0.3000  0.7550  0.5830

PART 26
OFFSET  18.5449  6.5826 -5.4004
X  0.9108 -0.2878  0.2961
Y -0.3950 -0.3984  0.8278
Z -0.1202 -0.8709 -0.4766

PART 27
OFFSET  20.1485  6.0759 -4.8791
X  0.2408 -0.5717  0.7843
Y -0.9637 -0.0450  0.2632
Z -0.1152 -0.8192 -0.5618

PART 28
OFFSET  20.4483  5.4307 -3.8914
X -0.4774 -0.3599  0.8016
Y -0.8724  0.3030 -0.3835
Z -0.1049 -0.8824 -0.4586

PART 29
OFFSET  19.9090  5.0242 -2.9860
X  0.9134 -0.4046 -0.0438
Y  0.2042  0.5487 -0.8107
Z  0.3520  0.7316  0.5838

PART 30
OFFSET  18.9753  5.6419 -5.7881
X  0.5652 -0.3573  0.7436
Y -0.8180 -0.1263  0.5611
Z -0.1066 -0.9254 -0.3637

PART 31
OFFSET  20.0794  4.9439 -4.3355
X -0.4116 -0.2823  0.8665
Y -0.8987  0.2836 -0.3345
Z -0.1513 -0.9164 -0.3704

PART 32
OFFSET  19.4782  4.5316 -3.0698
X -0.8726 -0.0454  0.4863
Y -0.4537  0.4441 -0.7726
Z -0.1809 -0.8948 -0.4081

PART 33
OFFSET  18.4889  4.4736 -2.5214
X  0.9704 -0.1917  0.1467
Y  0.2004  0.3013 -0.9322
Z  0.1345  0.9341  0.3308

PART 34
OFFSET  18.2639  4.1405 -4.6083
X  0.1269 -0.8486 -0.5136
Y -0.0810  0.5072 -0.8580
Z  0.9886  0.1505 -0.0044

PART 35
OFFSET  10.4457 -1.3320 -4.5971
X  0.7923  0.6101  0.0027
Y -0.5821  0.7572 -0.2962
Z -0.1828  0.2331  0.9551

PART 36
OFFSET  10.4457 -1.3320 -4.5971
X  0.7923  0.6101  0.0027
Y -0.5821  0.7572 -0.2962
Z -0.1828  0.2331  0.9551

PART 37
OFFSET  14.3785  2.2383 -2.2478
X  0.7884  0.6148  0.0222
Y -0.5821  0.7572 -0.2962
Z -0.1989  0.2206  0.9549

PART 38
OFFSET  13.7230  1.3142 -4.3237
X  0.7923  0.6101  0.0027
Y -0.5821  0.7572 -0.2962
Z -0.1828  0.2331  0.9551

PART 39
OFFSET  10.2705 -2.3240 -6.7888
X  0.7923  0.6101  0.0027
Y -0.5821  0.7572 -0.2962
Z -0.1828  0.2331  0.9551

PART 40
OFFSET  21.8601  6.5630 -5.6535
X -0.4715 -0.0176  0.8817
Y -0.6624 -0.6529 -0.3673
Z  0.5821 -0.7572  0.2962

PART 41
OFFSET  21.8601  6.5630 -5.6535
X -0.5821  0.7572 -0.2962
Y -0.7923 -0.6101 -0.0027
Z -0.1828  0.2331  0.9551

PART 42
OFFSET  21.4584  6.4212 -6.2051
X -0.5821  0.7572 -0.2962
Y -0.7923 -0.6101 -0.0027
Z -0.1828  0.2331  0.9551

PART 43
OFFSET  20.6435  7.4813 -6.6198
X -0.6085  0.7906 -0.0686
Y -0.7923 -0.6101 -0.0027
Z -0.0440  0.0527  0.9976

PART 44
OFFSET  27.9141  13.1182 -7.1366
X  0.8215  0.2364  0.5189
Y  0.2533  0.6641 -0.7035
Z -0.5109  0.7093  0.4856

PART 45
OFFSET -10.8444 -11.7139 -5.9426
X -0.9575  0.2710 -0.0983
Y -0.1766 -0.2821  0.9430
Z  0.2278  0.9203  0.3180

PART 46
OFFSET  0.7360 -14.9914 -4.7537
X -0.6371 -0.7555  0.1523
Y  0.7699 -0.6147  0.1714
Z -0.0358  0.2264  0.9734

PART 47
OFFSET  6.1552 -8.5652 -6.0492
X -0.6371 -0.7555  0.1523
Y  0.2932 -0.4204 -0.8587
Z  0.7128 -0.5024  0.4894

PART 48
OFFSET  6.5908 -7.3313 -7.5501
X -0.6416 -0.7526  0.1484
Y  0.0264 -0.2150 -0.9763
Z  0.7666 -0.6224  0.1578

PART 49
OFFSET  6.1004 -6.3162 -7.0844
X -0.6416 -0.7526  0.1484
Y  0.0264 -0.2150 -0.9763
Z  0.7666 -0.6224  0.1578

PART 50
OFFSET  6.2246 -6.0219 -5.7536
X -0.6416 -0.7526  0.1484
Y  0.0264 -0.2150 -0.9763
Z  0.7666 -0.6224  0.1578

PART 51
OFFSET  8.1085 -6.2489 -6.5161
X -0.6259 -0.7509 -0.2109
Y  0.5012 -0.1801 -0.8464
Z  0.5975 -0.6354  0.4891

PART 52
OFFSET  7.6610 -5.4764 -5.8053
X  0.0984 -0.9437 -0.3159
Y  0.4841  0.3228 -0.8133
Z  0.8695 -0.0729  0.4886

PART 53
OFFSET  7.3518 -3.4682 -5.0697
X -0.5586 -0.7558  0.3416
Y  0.3894 -0.6026 -0.6966
Z  0.7323 -0.2561  0.6310

PART 54
OFFSET  8.1949 -2.2553 -5.7333
X -0.5648 -0.1447  0.8124
Y -0.0796 -0.9704 -0.2281
Z  0.8214 -0.1935  0.5366

PART 55
OFFSET  8.7694 -2.0736 -6.6325
X -0.9609 -0.1825  0.2081
Y -0.2740  0.5209 -0.8085
Z  0.0392 -0.8339 -0.5505

PART 56
OFFSET  9.0541 -5.6780 -7.3428
X -0.6243 -0.7211  0.3004
Y  0.7532 -0.4536  0.4764
Z -0.2073  0.5237  0.8263

PART 57
OFFSET  10.3342 -3.9258 -7.9558
X  0.4807 -0.8002  0.3585
Y  0.8756  0.4162 -0.2452
Z  0.0470  0.4318  0.9008

PART 58
OFFSET  9.6537 -2.7929 -8.4633
X  0.9986 -0.0339 -0.0398
Y  0.0162  0.9241 -0.3818
Z  0.0497  0.3807  0.9234

PART 59
OFFSET  8.7682 -2.7628 -8.4280
X  0.5975  0.7079 -0.3767
Y -0.8008  0.5512 -0.2345
Z  0.0417  0.4418  0.8962

PART 60
OFFSET  8.2006 -3.4353 -8.0702
X  0.0397 -0.9513  0.3057
Y -0.9838  0.0164  0.1787
Z -0.1750 -0.3079 -0.9352

PART 61
OFFSET  8.9420 -5.4818 -6.6656
X -0.6329 -0.7669  0.1067
Y  0.6953 -0.5022  0.5141
Z -0.3407  0.3996  0.8510

PART 62
OFFSET  10.6505 -3.5620 -7.0576
X  0.4284 -0.7761  0.4628
Y  0.9036  0.3690 -0.2177
Z -0.0019  0.5114  0.8593

PART 63
OFFSET  9.9211 -2.2407 -7.8455
X  0.9802  0.1719 -0.0980
Y -0.1979  0.8560 -0.4776
Z  0.0018  0.4875  0.8731

PART 64
OFFSET  8.5626 -2.4789 -7.7097
X  0.4468  0.7827 -0.4333
Y -0.8946  0.3886 -0.2204
Z -0.0041  0.4861  0.8739

PART 65
OFFSET  8.0780 -3.3278 -7.2398
X  0.1448 -0.8394  0.5239
Y -0.9880 -0.1515  0.0304
Z  0.0538 -0.5220 -0.8513

PART 66
OFFSET  5.4000 -9.5623 -6.4160
X -0.5197 -0.8483  0.1013
Y -0.7335  0.3823 -0.5619
Z  0.4380 -0.3663 -0.8209

PART 67
OFFSET  10.3912 -3.4234 -4.8743
X -0.6569 -0.7538  0.0158
Y  0.6930 -0.5954  0.4066
Z -0.2971  0.2780  0.9135

PART 68
OFFSET  11.5478 -2.0962 -4.9020
X -0.6359 -0.7710  0.0347
Y  0.6971 -0.5546  0.4544
Z -0.3311  0.3131  0.8901

PART 69
OFFSET  12.3008 -1.1399 -4.8901
X -0.6078 -0.7937 -0.0253
Y  0.7076 -0.5558  0.4364
Z -0.3604  0.2473  0.8994

PART 70
OFFSET  12.9873 -0.2435 -4.8615
X -0.5423  0.8297 -0.1327
Y  0.8341  0.5506  0.0341
Z  0.1014 -0.0922 -0.9906

PART 71
OFFSET  10.7611 -3.5849 -5.9027
X  0.3001 -0.8224  0.4833
Y  0.9348  0.3546  0.0229
Z -0.1902  0.4449  0.8752

PART 72
OFFSET  10.1748 -1.9782 -6.8468
X  0.9825  0.0817  0.1671
Y  0.0108  0.8719 -0.4896
Z -0.1857  0.4829  0.8558

PART 73
OFFSET  8.7396 -2.0976 -7.0909
X  0.5231  0.7729 -0.3591
Y -0.8257  0.3554 -0.4380
Z -0.2109  0.5257  0.8241

PART 74
OFFSET  8.1481 -2.9764 -6.6903
X  0.1397 -0.8533  0.5024
Y -0.9817 -0.1857 -0.0423
Z  0.1294 -0.4873 -0.8636

PART 75
OFFSET  0.0000 -0.0000 -0.0000
X  1.0000 -0.0000  0.0000
Y  0.0000  1.0000  0.0000
Z  0.0000 -0.0000  1.0000

PART 76
OFFSET -0.0000 -0.0000 -0.0000
X  0.9968 -0.0000 -0.0798
Y  0.0034  0.9991  0.0428
Z  0.0797 -0.0429  0.9959

PART 77
OFFSET  1.8652 -0.1774  3.9959
X  0.9968 -0.0000 -0.0798
Y  0.0034  0.9991  0.0428
Z  0.0797 -0.0429  0.9959


FRAME 2074
PART 0
OFFSET  0.0000 -0.0000 -0.0000
X  1.0000 -0.0000  0.0000
Y  0.0000  1.0000  0.0000
Z  0.0000 -0.0000  1.0000

PART 1
OFFSET -4.6318 -0.0000 -1.3770
X  1.0000 -0.0000  0.0000
Y  0.0000  1.0000  0.0000
Z  0.0000 -0.0000  1.0000

PART 2
OFFSET -3.0362  6.3408 -7.6939
X  0.8851 -0.0598 -0.4616
Y  0.1246 -0.9251  0.3586
Z -0.4485 -0.3749 -0.8113

PART 3
OFFSET  7.6676  5.6177 -13.2767
X  0.6933 -0.1601  0.7027
Y -0.7104  0.0125  0.7037
Z -0.1215 -0.9870 -0.1050

PART 4
OFFSET  13.5643  4.2562 -7.3003
X  0.6933 -0.1601  0.7027
Y -0.4115  0.7125  0.5683
Z -0.5916 -0.6832  0.4281

PART 5
OFFSET  15.3046  5.7779 -6.6836
X  0.6978 -0.1575  0.6988
Y  0.1298  0.9872  0.0929
Z -0.7044  0.0258  0.7093

PART 6
OFFSET  15.0706  3.3574 -7.5480
