// Export filename: `C:\projects\cod\t5\xanim_export\t5_viewmodels\ak47\ak47_masterkey_mk_sprint_in.XANIM_EXPORT`
// Source filename: `D:\projects\devanim\t5\animation_assets\viewmodels/ak47/ViewModel_AK47_MasterKey_animated.fbx`
// Export time: Wed Jul 07 18:24:06 2010

ANIMATION
VERSION 3

NUMPARTS 77
PART 0 "tag_ads"
PART 1 "tag_torso"
PART 2 "J_Shoulder_LE"
PART 3 "J_Elbow_LE"
PART 4 "J_WristTwist_LE"
PART 5 "J_Sleave_Reshape_Bottom_LE_1"
PART 6 "J_Sleave_Reshape_Bottom_LE_2"
PART 7 "J_Sleave_Reshape_Top_LE_1"
PART 8 "J_Sleave_Reshape_Top_LE_2"
PART 9 "J_Sleave_Reshape_Top_LE_3"
PART 10 "J_Wrist_LE"
PART 11 "J_Thumb_LE_0"
PART 12 "J_Thumb_LE_1"
PART 13 "J_Thumb_LE_2"
PART 14 "J_Thumb_LE_3"
PART 15 "J_PinkyPalm_LE"
PART 16 "J_Pinky_LE_0"
PART 17 "J_Pinky_LE_1"
PART 18 "J_Pinky_LE_2"
PART 19 "J_Pinky_LE_3"
PART 20 "J_RingPalm_LE"
PART 21 "J_Ring_LE_0"
PART 22 "J_Ring_LE_1"
PART 23 "J_Ring_LE_2"
PART 24 "J_Ring_LE_3"
PART 25 "J_Webbing_LE"
PART 26 "J_Index_LE_0"
PART 27 "J_Index_LE_1"
PART 28 "J_Index_LE_2"
PART 29 "J_Index_LE_3"
PART 30 "J_Mid_LE_0"
PART 31 "J_Mid_LE_1"
PART 32 "J_Mid_LE_2"
PART 33 "J_Mid_LE_3"
PART 34 "tag_knife_attach"
PART 35 "tag_weapon"
PART 36 "J_Gun"
PART 37 "J_bolt"
PART 38 "tag_masterkey"
PART 39 "tag_brass2"
PART 40 "tag_ammo2"
PART 41 "tag_pump2"
PART 42 "TAG_CLIP"
PART 43 "TAG_FLASH"
PART 44 "J_Shoulder_RI"
PART 45 "J_Elbow_RI"
PART 46 "J_WristTwist_RI"
PART 47 "J_Sleave_Reshape_Top_RI_3"
PART 48 "J_Sleave_Reshape_Top_RI_2"
PART 49 "J_Sleave_Reshape_Top_RI_1"
PART 50 "J_Wrist_RI"
PART 51 "J_Thumb_RI_0"
PART 52 "J_Thumb_RI_1"
PART 53 "J_Thumb_RI_2"
PART 54 "J_Thumb_RI_3"
PART 55 "J_PinkyPalm_RI"
PART 56 "J_Pinky_RI_0"
PART 57 "J_Pinky_RI_1"
PART 58 "J_Pinky_RI_2"
PART 59 "J_Pinky_RI_3"
PART 60 "J_RingPalm_RI"
PART 61 "J_Ring_RI_0"
PART 62 "J_Ring_RI_1"
PART 63 "J_Ring_RI_2"
PART 64 "J_Ring_RI_3"
PART 65 "J_Webbing_RI"
PART 66 "J_Index_RI_0"
PART 67 "J_Index_RI_1"
PART 68 "J_Index_RI_2"
PART 69 "J_Index_RI_3"
PART 70 "J_Mid_RI_0"
PART 71 "J_Mid_RI_1"
PART 72 "J_Mid_RI_2"
PART 73 "J_Mid_RI_3"
PART 74 "tag_cambone"
PART 75 "tag_camera"
PART 76 "tag_gasmask"

FRAMERATE 30
NUMFRAMES 11

FRAME 1900
PART 0
OFFSET  0.0000 -0.0000 -0.0000
X  1.0000 -0.0000  0.0000
Y  0.0000  1.0000  0.0000
Z  0.0000 -0.0000  1.0000

PART 1
OFFSET -4.6318 -0.0000 -1.3770
X  1.0000 -0.0000  0.0000
Y  0.0000  1.0000  0.0000
Z  0.0000 -0.0000  1.0000

PART 2
OFFSET  1.6160  1.6487 -7.3253
X  0.8369  0.4069 -0.3661
Y  0.2903 -0.8970 -0.3334
Z -0.4641  0.1728 -0.8688

PART 3
OFFSET  11.7373  6.5698 -11.7530
X  0.6964 -0.5174  0.4973
Y -0.7175 -0.5147  0.4693
Z  0.0132 -0.6836 -0.7297

PART 4
OFFSET  17.6609  2.1692 -7.5235
X  0.6964 -0.5174  0.4973
Y -0.1225  0.5971  0.7928
Z -0.7071 -0.6130  0.3525

PART 5
OFFSET  19.1717  3.0654 -5.8993
X  0.7006 -0.5125  0.4964
Y -0.0047  0.6924  0.7215
Z -0.7135 -0.5079  0.4827

PART 6
OFFSET  19.2776  1.7916 -8.1413
X  0.7006 -0.5125  0.4964
Y -0.0047  0.6924  0.7215
Z -0.7135 -0.5079  0.4827

PART 7
OFFSET  17.9421  1.3884 -4.8687
X  0.7006 -0.5125  0.4964
Y -0.0047  0.6924  0.7215
Z -0.7135 -0.5079  0.4827

PART 8
OFFSET  17.6857  0.0633 -6.0854
X  0.7006 -0.5125  0.4964
Y -0.0047  0.6924  0.7215
Z -0.7135 -0.5079  0.4827

PART 9
OFFSET  17.8189 -0.2489 -7.3637
X  0.7006 -0.5125  0.4964
Y -0.0047  0.6924  0.7215
Z -0.7135 -0.5079  0.4827

PART 10
OFFSET  19.7959  0.5830 -5.9991
X  0.9581 -0.2454  0.1475
Y  0.0226  0.5783  0.8155
Z -0.2854 -0.7780  0.5597

PART 11
OFFSET  20.1316  0.7112 -4.9160
X  0.8462 -0.1666  0.5062
Y -0.1193  0.8665  0.4846
Z -0.5194 -0.4705  0.7134

PART 12
OFFSET  21.9168  0.4120 -3.7356
X  0.9493 -0.3066  0.0690
Y  0.1628  0.6676  0.7265
Z -0.2688 -0.6785  0.6837

PART 13
OFFSET  23.4095 -0.1988 -3.5910
X  0.9490 -0.0870  0.3029
Y -0.1150  0.7993  0.5898
Z -0.2935 -0.5946  0.7486

PART 14
OFFSET  24.4204 -0.3065 -3.2191
X  0.8654  0.4824 -0.1357
Y -0.2907  0.2626 -0.9201
Z -0.4082  0.8356  0.3675

PART 15
OFFSET  20.5248 -0.4012 -6.6344
X  0.4959 -0.8653  0.0738
Y -0.6004 -0.2802  0.7490
Z -0.6274 -0.4157 -0.6585

PART 16
OFFSET  21.6566 -2.3191 -6.2808
X -0.2645 -0.5412  0.7982
Y -0.8028  0.5821  0.1287
Z -0.5343 -0.6068 -0.5885

PART 17
OFFSET  21.2822 -3.0854 -5.1507
X -0.7692  0.0882  0.6329
Y -0.3611  0.7571 -0.5444
Z -0.5272 -0.6473 -0.5505

PART 18
OFFSET  20.6001 -3.0072 -4.5896
X -0.8015  0.5779  0.1536
Y  0.2501  0.5574 -0.7917
Z -0.5431 -0.5961 -0.5913

PART 19
OFFSET  19.8387 -2.4581 -4.4436
X  0.5346 -0.7057  0.4650
Y  0.6360 -0.0264 -0.7712
Z  0.5566  0.7080  0.4347

PART 20
OFFSET  20.7904  0.0378 -6.1382
X  0.9031 -0.4158 -0.1068
Y -0.3057 -0.7975  0.5202
Z -0.3015 -0.4372 -0.8474

PART 21
OFFSET  22.8889 -1.4892 -6.2892
X -0.0537 -0.7883  0.6129
Y -0.8943  0.3110  0.3217
Z -0.4442 -0.5309 -0.7217

PART 22
OFFSET  22.7975 -2.8313 -5.2457
X -0.8327 -0.0465  0.5518
Y -0.3387  0.8311 -0.4411
Z -0.4381 -0.5542 -0.7077

PART 23
OFFSET  21.6435 -2.8957 -4.4809
X -0.8420  0.5302  0.0991
Y  0.3220  0.6416 -0.6962
Z -0.4327 -0.5543 -0.7110

PART 24
OFFSET  20.7303 -2.3207 -4.3734
X  0.4847 -0.8282  0.2815
Y  0.7647  0.2449 -0.5960
Z  0.4246  0.5041  0.7520

PART 25
OFFSET  22.6325  0.3277 -3.9497
X  0.8178 -0.5591  0.1366
Y  0.5522  0.6951 -0.4604
Z  0.1624  0.4519  0.8772

PART 26
OFFSET  23.6525  0.3520 -5.0174
X  0.7853 -0.5913 -0.1834
Y -0.4345 -0.7375  0.5171
Z -0.4410 -0.3264 -0.8360

PART 27
OFFSET  25.0352 -0.6890 -5.3404
X  0.3179 -0.9360  0.1511
Y -0.8542 -0.2136  0.4740
Z -0.4114 -0.2798 -0.8674

PART 28
OFFSET  25.4466 -1.8099 -5.1039
X -0.3860 -0.7088  0.5904
Y -0.8232  0.5535  0.1265
Z -0.4165 -0.4372 -0.7971

PART 29
OFFSET  25.0107 -2.6106 -4.4370
X  0.7516 -0.3919 -0.5306
Y  0.1742  0.8937 -0.4134
Z  0.6362  0.2183  0.7400

PART 30
OFFSET  23.4746 -0.3887 -5.8175
X  0.3213 -0.9098  0.2627
Y -0.8398 -0.1456  0.5231
Z -0.4376 -0.3887 -0.8108

PART 31
OFFSET  24.1023 -2.1660 -5.3042
X -0.6904 -0.4314  0.5808
Y -0.5560  0.8300 -0.0445
Z -0.4628 -0.3536 -0.8129

PART 32
OFFSET  23.0940 -2.7962 -4.4559
X -0.8408  0.4340  0.3235
Y  0.2635  0.8502 -0.4558
Z -0.4728 -0.2981 -0.8292

PART 33
OFFSET  22.1381 -2.3073 -4.0951
X  0.5067 -0.8568  0.0961
Y  0.7056  0.3480 -0.6173
Z  0.4954  0.3806  0.7808

PART 34
OFFSET  21.9465 -1.5797 -5.1859
X -0.3614 -0.4535 -0.8147
Y  0.2854  0.7780 -0.5597
Z  0.8877 -0.4348 -0.1517

PART 35
OFFSET  3.7195 -2.5659 -5.4428
X  0.9877  0.0404  0.1513
Y -0.0783  0.9640  0.2539
Z -0.1356 -0.2626  0.9553

PART 36
OFFSET  3.7195 -2.5659 -5.4428
X  0.9877  0.0404  0.1513
Y -0.0783  0.9640  0.2539
Z -0.1356 -0.2626  0.9553

PART 37
OFFSET  8.6571 -3.2425 -2.4603
X  0.9847  0.0350  0.1708
Y -0.0783  0.9640  0.2539
Z -0.1558 -0.2634  0.9520

PART 38
OFFSET  13.1643 -1.5584 -6.3571
X  0.9877  0.0404  0.1513
Y -0.0783  0.9640  0.2539
Z -0.1356 -0.2626  0.9553

PART 39
OFFSET  18.0687 -2.1373 -3.9716
X  0.9112  0.4119  0.0114
Y  0.1562 -0.3197 -0.9345
Z -0.3813  0.8533 -0.3557

PART 40
OFFSET -8.7448 -2.7026 -8.7125
X  0.8499 -0.0686  0.5225
Y -0.0783  0.9640  0.2539
Z -0.5211 -0.2567  0.8139

PART 41
OFFSET  23.4401 -0.6094 -6.7902
X  0.0783 -0.9640 -0.2539
Y  0.9877  0.0404  0.1513
Z -0.1356 -0.2626  0.9553

PART 42
OFFSET  7.8404 -2.4546 -4.5352
X  0.9877  0.0404  0.1513
Y -0.0783  0.9640  0.2539
Z -0.1356 -0.2626  0.9553

PART 43
OFFSET  26.7414 -1.4264 -2.6056
X  0.9877  0.0404  0.1513
Y -0.0783  0.9640  0.2539
Z -0.1356 -0.2626  0.9553

PART 44
OFFSET -17.6076 -4.8127 -7.0611
X -0.6660  0.1224  0.7359
Y -0.3052 -0.9448 -0.1191
Z  0.6807 -0.3039  0.6666

PART 45
OFFSET -9.5532 -6.2928 -15.9604
X -0.7745 -0.2136 -0.5954
Y  0.6269 -0.1336 -0.7676
Z  0.0844 -0.9678  0.2373

PART 46
OFFSET -2.9654 -4.4764 -10.8965
X -0.7745 -0.2136 -0.5954
Y  0.5944  0.0761 -0.8006
Z  0.2163 -0.9740  0.0680

PART 47
OFFSET -2.3787 -2.9198 -9.8021
X -0.7785 -0.2099 -0.5915
Y -0.0913  0.9703 -0.2241
Z  0.6210 -0.1205 -0.7745

PART 48
OFFSET -2.6003 -3.3929 -8.6998
X -0.7785 -0.2099 -0.5915
Y -0.0913  0.9703 -0.2241
Z  0.6210 -0.1205 -0.7745

PART 49
OFFSET -2.3197 -4.7046 -8.4284
X -0.7785 -0.2099 -0.5915
Y -0.0913  0.9703 -0.2241
Z  0.6210 -0.1205 -0.7745

PART 50
OFFSET -0.5909 -3.8217 -9.0712
X -0.8961 -0.1064 -0.4308
Y  0.4231  0.0878 -0.9018
Z  0.1338 -0.9904 -0.0337

PART 51
OFFSET -0.6510 -3.4519 -7.9934
X -0.3661 -0.5323 -0.7633
Y  0.6623  0.4271 -0.6156
Z  0.6536 -0.7309  0.1962

PART 52
OFFSET  0.0367 -2.3051 -6.2958
X -0.8986 -0.4385  0.0158
Y  0.0960 -0.2317 -0.9680
Z  0.4281 -0.8684  0.2503

PART 53
OFFSET  1.4451 -1.5138 -6.4071
X -0.6400 -0.2642  0.7215
Y -0.5407 -0.5123 -0.6672
Z  0.5459 -0.8171  0.1850

PART 54
OFFSET  2.1214 -1.1820 -7.1844
X -0.9345  0.2243  0.2763
Y  0.1167  0.9266 -0.3575
Z -0.3362 -0.3019 -0.8921

PART 55
OFFSET  0.5935 -3.4374 -9.6655
X -0.9326 -0.3607  0.0123
Y  0.3609 -0.9325  0.0164
Z  0.0055  0.0197  0.9998

PART 56
OFFSET  2.6454 -2.5097 -9.5494
X -0.0366 -0.9785 -0.2030
Y  0.9852 -0.0012 -0.1716
Z  0.1677 -0.2063  0.9640

PART 57
OFFSET  2.6972 -1.1244 -9.2620
X  0.8385 -0.4827 -0.2528
Y  0.5262  0.8378  0.1457
Z  0.1414 -0.2552  0.9565

PART 58
OFFSET  1.9538 -0.6964 -9.0379
X  0.9109  0.4054 -0.0775
Y -0.3767  0.8933  0.2454
Z  0.1687 -0.1943  0.9663

PART 59
OFFSET  1.0884 -1.0815 -8.9643
X -0.4846 -0.8427 -0.2345
Y -0.8492  0.3889  0.3572
Z -0.2098  0.3723 -0.9041

PART 60
OFFSET  0.5281 -3.6107 -8.9761
X -0.9432 -0.2845 -0.1715
Y  0.2827 -0.9586  0.0351
Z -0.1743 -0.0154  0.9846

PART 61
OFFSET  3.0082 -2.8912 -8.6766
X -0.0797 -0.9925 -0.0928
Y  0.9820 -0.0622 -0.1781
Z  0.1710 -0.1053  0.9796

PART 62
OFFSET  3.1438 -1.2015 -8.5186
X  0.9341 -0.2999 -0.1935
Y  0.3188  0.9449  0.0743
Z  0.1605 -0.1311  0.9783

PART 63
OFFSET  1.8492 -0.7859 -8.2505
X  0.8265  0.5602 -0.0563
Y -0.5413  0.8182  0.1937
Z  0.1546 -0.1296  0.9794

PART 64
OFFSET  0.9528 -1.3934 -8.1894
X -0.3603 -0.9327 -0.0163
Y -0.9233  0.3541  0.1487
Z -0.1329  0.0687 -0.9887

PART 65
OFFSET -4.6066 -4.8698 -10.1197
X -0.8878 -0.3925 -0.2403
Y -0.3718  0.9194 -0.1282
Z  0.2713 -0.0245 -0.9622

PART 66
OFFSET  2.6316 -3.8413 -6.7249
X -0.9519 -0.0123 -0.3063
Y  0.0621 -0.9862 -0.1534
Z -0.3002 -0.1651  0.9395

PART 67
OFFSET  4.3075 -3.8196 -6.1857
X -0.3015 -0.9312 -0.2047
Y  0.9054 -0.3469  0.2446
Z -0.2988 -0.1116  0.9478

PART 68
OFFSET  4.6559 -2.6943 -5.8793
X  0.1135 -0.9813 -0.1557
Y  0.9470  0.0594  0.3158
Z -0.3006 -0.1833  0.9360

PART 69
OFFSET  4.5277 -1.5859 -5.7034
X -0.9764  0.2142  0.0288
Y  0.2162  0.9694  0.1164
Z -0.0030  0.1198 -0.9928

PART 70
OFFSET  2.9711 -3.5797 -7.7432
X -0.2149 -0.9739 -0.0732
Y  0.9763 -0.2162  0.0097
Z -0.0253 -0.0694  0.9973

PART 71
OFFSET  3.3910 -1.6772 -7.6002
X  0.8625 -0.5057 -0.0176
Y  0.5061  0.8620  0.0300
Z -0.0000 -0.0347  0.9994

PART 72
OFFSET  2.1312 -0.9385 -7.5746
X  0.8789  0.4768 -0.0147
Y -0.4770  0.8787 -0.0194
Z  0.0036  0.0240  0.9997

PART 73
OFFSET  1.1354 -1.4781 -7.5650
X -0.3695 -0.9284 -0.0403
Y -0.9279  0.3663  0.0692
Z -0.0494  0.0630 -0.9968

PART 74
OFFSET  0.0000 -0.0000 -0.0000
X  1.0000 -0.0000  0.0000
Y  0.0000  1.0000  0.0000
Z  0.0000 -0.0000  1.0000

PART 75
OFFSET  0.0000 -0.0000 -0.0000
X  1.0000 -0.0000  0.0000
Y  0.0000  1.0000  0.0000
Z  0.0000 -0.0000  1.0000

PART 76
OFFSET  1.5404 -0.0000  4.1357
X  1.0000 -0.0000  0.0000
Y  0.0000  1.0000  0.0000
Z  0.0000 -0.0000  1.0000


FRAME 1901
PART 0
OFFSET  0.0000 -0.0000 -0.0000
X  1.0000 -0.0000  0.0000
Y  0.0000  1.0000  0.0000
Z  0.0000 -0.0000  1.0000

PART 1
OFFSET -4.6318 -0.0000 -1.3770
X  1.0000 -0.0000  0.0000
Y  0.0000  1.0000  0.0000
Z  0.0000 -0.0000  1.0000

PART 2
OFFSET  1.6176  1.6473 -7.3255
X  0.8271  0.4158 -0.3782
Y  0.2911 -0.8925 -0.3446
Z -0.4808  0.1749 -0.8592

PART 3
OFFSET  11.6202  6.6760 -11.8996
X  0.7145 -0.5112  0.4776
Y -0.6996 -0.5273  0.4822
Z  0.0054 -0.6787 -0.7344

PART 4
OFFSET  17.6974  2.3278 -7.8372
X  0.7145 -0.5112  0.4776
Y -0.0865  0.6129  0.7854
Z -0.6943 -0.6025  0.3938

PART 5
OFFSET  19.2334  3.2337 -6.2421
X  0.7186 -0.5063  0.4767
Y  0.0028  0.6876  0.7261
Z -0.6954 -0.5205  0.4955

PART 6
OFFSET  19.3043  1.9759 -8.4945
X  0.7186 -0.5063  0.4767
Y  0.0028  0.6876  0.7261
Z -0.6954 -0.5205  0.4955

PART 7
OFFSET  18.0502  1.5338 -5.1948
X  0.7186 -0.5063  0.4767
Y  0.0028  0.6876  0.7261
Z -0.6954 -0.5205  0.4955

PART 8
OFFSET  17.7833  0.2133 -6.4142
X  0.7186 -0.5063  0.4767
Y  0.0028  0.6876  0.7261
Z -0.6954 -0.5205  0.4955

PART 9
OFFSET  17.8911 -0.0889 -7.6974
X  0.7186 -0.5063  0.4767
Y  0.0028  0.6876  0.7261
Z -0.6954 -0.5205  0.4955

PART 10
OFFSET  19.8879  0.7606 -6.3730
X  0.9630 -0.2303  0.1398
Y  0.0276  0.6003  0.7993
Z -0.2680 -0.7659  0.5845

PART 11
OFFSET  20.2377  0.9219 -5.2988
X  0.8554 -0.1432  0.4979
Y -0.1225  0.8779  0.4630
Z -0.5033 -0.4570  0.7334

PART 12
OFFSET  22.0433  0.6751 -4.1375
X  0.9538 -0.2937  0.0631
Y  0.1654  0.6888  0.7059
Z -0.2508 -0.6628  0.7055

PART 13
OFFSET  23.5451  0.0857 -3.9987
X  0.9543 -0.0679  0.2910
Y -0.1159  0.8136  0.5698
Z -0.2755 -0.5775  0.7685

PART 14
OFFSET  24.5625 -0.0003 -3.6391
X  0.8575  0.4885 -0.1614
Y -0.3071  0.2344 -0.9224
Z -0.4128  0.8405  0.3510

PART 15
OFFSET  20.6191 -0.2319 -6.9924
X  0.5071 -0.8572  0.0896
Y -0.5861 -0.2668  0.7650
Z -0.6319 -0.4405 -0.6377

PART 16
OFFSET  21.7787 -2.1264 -6.6044
X -0.2464 -0.5225  0.8162
Y -0.8078  0.5761  0.1250
Z -0.5355 -0.6285 -0.5641

PART 17
OFFSET  21.4298 -2.8662 -5.4488
X -0.7609  0.0964  0.6416
Y -0.3779  0.7380 -0.5591
Z -0.5274 -0.6679 -0.5251

PART 18
OFFSET  20.7552 -2.7808 -4.8799
X -0.8060  0.5726  0.1500
Y  0.2320  0.5387 -0.8100
Z -0.5445 -0.6181 -0.5670

PART 19
OFFSET  19.9894 -2.2368 -4.7374
X  0.5496 -0.6867  0.4758
Y  0.6250 -0.0399 -0.7796
Z  0.5543  0.7258  0.4073

PART 20
OFFSET  20.8867  0.2234 -6.5121
X  0.9064 -0.4082 -0.1090
Y -0.2886 -0.7866  0.5459
Z -0.3085 -0.4633 -0.8308

PART 21
OFFSET  23.0008 -1.2830 -6.6533
X -0.0354 -0.7721  0.6346
Y -0.8932  0.3093  0.3265
Z -0.4483 -0.5552 -0.7005

PART 22
OFFSET  22.9405 -2.5974 -5.5730
X -0.8240 -0.0411  0.5652
Y -0.3550  0.8149 -0.4582
Z -0.4417 -0.5781 -0.6860

PART 23
OFFSET  21.7986 -2.6544 -4.7897
X -0.8468  0.5230  0.0974
Y  0.3042  0.6262 -0.7178
Z -0.4364 -0.5782 -0.6894

PART 24
OFFSET  20.8802 -2.0873 -4.6841
X  0.4985 -0.8146  0.2964
Y  0.7530  0.2376 -0.6136
Z  0.4295  0.5291  0.7319

PART 25
OFFSET  22.7568  0.5933 -4.3598
X  0.8263 -0.5458  0.1394
Y  0.5371  0.6888 -0.4870
Z  0.1697  0.4772  0.8622

PART 26
OFFSET  23.7608  0.6006 -5.4428
X  0.7896 -0.5869 -0.1791
Y -0.4181 -0.7282  0.5430
Z -0.4492 -0.3539 -0.8204

PART 27
OFFSET  25.1509 -0.4328 -5.7582
X  0.3312 -0.9279  0.1714
Y -0.8446 -0.2106  0.4922
Z -0.4206 -0.3078 -0.8534

PART 28
OFFSET  25.5791 -1.5421 -5.4980
X -0.3689 -0.6970  0.6149
Y -0.8278  0.5472  0.1238
Z -0.4228 -0.4633 -0.7789

PART 29
OFFSET  25.1624 -2.3294 -4.8035
X  0.7484 -0.3974 -0.5310
Y  0.1575  0.8842 -0.4398
Z  0.6442  0.2455  0.7244

PART 30
OFFSET  23.5801 -0.1635 -6.2200
X  0.3359 -0.8986  0.2822
Y -0.8303 -0.1411  0.5392
Z -0.4447 -0.4155 -0.7935

PART 31
OFFSET  24.2364 -1.9190 -5.6686
X -0.6767 -0.4235  0.6023
Y -0.5665  0.8220 -0.0584
Z -0.4703 -0.3807 -0.7961

PART 32
OFFSET  23.2480 -2.5375 -4.7889
X -0.8412  0.4329  0.3241
Y  0.2467  0.8405 -0.4823
Z -0.4812 -0.3257 -0.8138

PART 33
OFFSET  22.2917 -2.0502 -4.4272
X  0.5182 -0.8480  0.1115
Y  0.6923  0.3393 -0.6368
Z  0.5022  0.4072  0.7629

PART 34
OFFSET  22.0756 -1.3545 -5.5342
X -0.3678 -0.4794 -0.7968
Y  0.2680  0.7659 -0.5845
Z  0.8905 -0.4285 -0.1532

PART 35
OFFSET  3.8599 -2.5570 -5.4942
X  0.9892  0.0558  0.1355
Y -0.0861  0.9696  0.2291
Z -0.1186 -0.2383  0.9639

PART 36
OFFSET  3.8599 -2.5570 -5.4942
X  0.9892  0.0558  0.1355
Y -0.0861  0.9696  0.2291
Z -0.1186 -0.2383  0.9639

PART 37
OFFSET  8.8480 -3.0960 -2.5681
X  0.9866  0.0509  0.1552
Y -0.0861  0.9696  0.2291
Z -0.1388 -0.2394  0.9610

PART 38
OFFSET  13.2777 -1.4659 -6.5751
X  0.9892  0.0558  0.1355
Y -0.0861  0.9696  0.2291
Z -0.1186 -0.2383  0.9639

PART 39
OFFSET  18.2228 -1.9238 -4.2480
X  0.9063  0.4225 -0.0131
Y  0.1464 -0.3430 -0.9279
Z -0.3965  0.8390 -0.3727

PART 40
OFFSET -8.6480 -2.9253 -8.5737
X  0.8581 -0.0447  0.5115
Y -0.0861  0.9696  0.2291
Z -0.5062 -0.2407  0.8282

PART 41
OFFSET  23.5342 -0.4107 -7.1858
X  0.0861 -0.9696 -0.2291
Y  0.9892  0.0558  0.1355
Z -0.1186 -0.2383  0.9639

PART 42
OFFSET  7.9918 -2.3738 -4.6510
X  0.9892  0.0558  0.1355
Y -0.0861  0.9696  0.2291
Z -0.1186 -0.2383  0.9639

PART 43
OFFSET  26.9053 -1.0764 -3.0302
X  0.9892  0.0558  0.1355
Y -0.0861  0.9696  0.2291
Z -0.1186 -0.2383  0.9639

PART 44
OFFSET -17.4182 -5.0059 -7.0298
X -0.6649  0.1411  0.7335
Y -0.2999 -0.9498 -0.0891
Z  0.6841 -0.2792  0.6739

PART 45
OFFSET -9.3768 -6.7124 -15.9003
X -0.7682 -0.2379 -0.5943
Y  0.6337 -0.1511 -0.7587
Z  0.0907 -0.9595  0.2668

PART 46
OFFSET -2.8426 -4.6890 -10.8453
X -0.7682 -0.2379 -0.5943
Y  0.5983  0.0635 -0.7988
Z  0.2278 -0.9692  0.0935

PART 47
OFFSET -2.2773 -3.0954 -9.7937
X -0.7722 -0.2341 -0.5906
Y -0.0977  0.9623 -0.2537
Z  0.6278 -0.1382 -0.7660

PART 48
OFFSET -2.5031 -3.5373 -8.6795
X -0.7722 -0.2341 -0.5906
Y -0.0977  0.9623 -0.2537
Z  0.6278 -0.1382 -0.7660

PART 49
OFFSET -2.2137 -4.8379 -8.3669
X -0.7722 -0.2341 -0.5906
Y -0.0977  0.9623 -0.2537
Z  0.6278 -0.1382 -0.7660

PART 50
OFFSET -0.4875 -3.9597 -9.0233
X -0.9010 -0.1283 -0.4145
Y  0.4089  0.0683 -0.9100
Z  0.1451 -0.9894 -0.0091

PART 51
OFFSET -0.5363 -3.5617 -7.9549
X -0.3708 -0.5569 -0.7432
Y  0.6482  0.4179 -0.6365
Z  0.6651 -0.7178  0.2060

PART 52
OFFSET  0.1622 -2.3617 -6.2991
X -0.8930 -0.4482  0.0409
Y  0.0847 -0.2566 -0.9628
Z  0.4420 -0.8563  0.2671

PART 53
OFFSET  1.5593 -1.5576 -6.4524
X -0.6262 -0.2520  0.7378
Y -0.5442 -0.5363 -0.6451
Z  0.5583 -0.8055  0.1987

PART 54
OFFSET  2.2202 -1.2391 -7.2483
X -0.9330  0.2209  0.2840
Y  0.1004  0.9179 -0.3839
Z -0.3455 -0.3296 -0.8786

PART 55
OFFSET  0.6835 -3.5780 -9.6452
X -0.9280 -0.3710  0.0357
Y  0.3722 -0.9275  0.0360
Z  0.0198  0.0467  0.9987

PART 56
OFFSET  2.7257 -2.6239 -9.5844
X -0.0279 -0.9840 -0.1762
Y  0.9825  0.0055 -0.1861
Z  0.1841 -0.1783  0.9666

PART 57
OFFSET  2.7652 -1.2309 -9.3350
X  0.8404 -0.4797 -0.2522
Y  0.5183  0.8474  0.1154
Z  0.1583 -0.2276  0.9608

PART 58
OFFSET  2.0200 -0.8056 -9.1114
X  0.9047  0.4136 -0.1018
Y -0.3837  0.8951  0.2269
Z  0.1850 -0.1662  0.9686

PART 59
OFFSET  1.1605 -1.1985 -9.0147
X -0.4779 -0.8542 -0.2047
Y -0.8485  0.3886  0.3592
Z -0.2273  0.3453 -0.9105

PART 60
OFFSET  0.6301 -3.7334 -8.9505
X -0.9422 -0.2998 -0.1498
Y  0.2946 -0.9539  0.0565
Z -0.1598  0.0091  0.9871

PART 61
OFFSET  3.1056 -2.9776 -8.7071
X -0.0692 -0.9955 -0.0650
Y  0.9800 -0.0556 -0.1909
Z  0.1864 -0.0769  0.9795

PART 62
OFFSET  3.2234 -1.2828 -8.5965
X  0.9347 -0.2942 -0.1992
Y  0.3085  0.9502  0.0442
Z  0.1762 -0.1028  0.9790

PART 63
OFFSET  1.9279 -0.8750 -8.3205
X  0.8188  0.5679 -0.0836
Y -0.5482  0.8168  0.1797
Z  0.1703 -0.1014  0.9802

PART 64
OFFSET  1.0398 -1.4909 -8.2298
X -0.3494 -0.9369  0.0140
Y -0.9252  0.3473  0.1529
Z -0.1481  0.0405 -0.9881

PART 65
OFFSET -4.5053 -5.0818 -9.9836
X -0.8865 -0.4091 -0.2165
Y -0.3845  0.9113 -0.1473
Z  0.2575 -0.0473 -0.9651

PART 66
OFFSET  2.7687 -3.8790 -6.7253
X -0.9560 -0.0315 -0.2917
Y  0.0717 -0.9892 -0.1279
Z -0.2845 -0.1431  0.9479

PART 67
OFFSET  4.4519 -3.8234 -6.2118
X -0.2934 -0.9398 -0.1752
Y  0.9130 -0.3298  0.2403
Z -0.2836 -0.0894  0.9548

PART 68
OFFSET  4.7913 -2.6863 -5.9408
X  0.1229 -0.9837 -0.1310
Y  0.9507  0.0788  0.3000
Z -0.2848 -0.1614  0.9449

PART 69
OFFSET  4.6525 -1.5752 -5.7929
X -0.9783  0.2037  0.0376
Y  0.2063  0.9746  0.0871
Z -0.0189  0.0930 -0.9955

PART 70
OFFSET  3.0902 -3.6410 -7.7552
X -0.2044 -0.9779 -0.0439
Y  0.9788 -0.2046  0.0010
Z -0.0100 -0.0427  0.9990

PART 71
OFFSET  3.4895 -1.7306 -7.6695
X  0.8681 -0.4961 -0.0168
Y  0.4961  0.8682 -0.0007
Z  0.0149 -0.0078  0.9999

PART 72
OFFSET  2.2215 -1.0060 -7.6450
X  0.8728  0.4863 -0.0405
Y -0.4877  0.8723 -0.0358
Z  0.0179  0.0510  0.9985

PART 73
OFFSET  1.2325 -1.5566 -7.6062
X -0.3589 -0.9333 -0.0099
Y -0.9311  0.3573  0.0731
Z -0.0647  0.0355 -0.9973

PART 74
OFFSET  0.0000 -0.0000 -0.0000
X  1.0000 -0.0000  0.0000
Y  0.0000  1.0000  0.0000
Z  0.0000 -0.0000  1.0000

PART 75
OFFSET  0.0000 -0.0000 -0.0000
X  1.0000 -0.0000  0.0000
Y  0.0000  1.0000  0.0000
Z  0.0000 -0.0000  1.0000

PART 76
OFFSET  1.5404 -0.0000  4.1357
X  1.0000 -0.0000  0.0000
Y  0.0000  1.0000  0.0000
Z  0.0000 -0.0000  1.0000


FRAME 1902
PART 0
OFFSET  0.0000 -0.0000 -0.0000
X  1.0000 -0.0000  0.0000
Y  0.0000  1.0000  0.0000
Z  0.0000 -0.0000  1.0000

PART 1
OFFSET -4.6318 -0.0000 -1.3770
X  1.0000 -0.0000  0.0000
Y  0.0000  1.0000  0.0000
Z  0.0000 -0.0000  1.0000

PART 2
OFFSET  1.6222  1.6430 -7.3260
X  0.8013  0.4381 -0.4074
Y  0.2903 -0.8802 -0.3755
Z -0.5231  0.1827 -0.8324

PART 3
OFFSET  11.3131  6.9411 -12.2534
X  0.7604 -0.4940  0.4217
Y -0.6493 -0.5612  0.5134
Z -0.0169 -0.6641 -0.7474

PART 4
OFFSET  17.7804  2.7397 -8.6668
X  0.7604 -0.4940  0.4217
Y  0.0086  0.6568  0.7540
Z -0.6494 -0.5697  0.5037

PART 5
OFFSET  19.3807  3.6703 -7.1511
X  0.7642 -0.4889  0.4206
Y  0.0242  0.6735  0.7388
Z -0.6445 -0.5544  0.5266

PART 6
OFFSET  19.3544  2.4583 -9.4295
X  0.7642 -0.4889  0.4206
Y  0.0242  0.6735  0.7388
Z -0.6445 -0.5544  0.5266

PART 7
OFFSET  18.3253  1.9094 -6.0685
X  0.7642 -0.4889  0.4206
Y  0.0242  0.6735  0.7388
Z -0.6445 -0.5544  0.5266

PART 8
OFFSET  18.0288  0.6033 -7.2965
X  0.7642 -0.4889  0.4206
Y  0.0242  0.6735  0.7388
Z -0.6445 -0.5544  0.5266

PART 9
OFFSET  18.0666  0.3293 -8.5899
X  0.7642 -0.4889  0.4206
Y  0.0242  0.6735  0.7388
Z -0.6445 -0.5544  0.5266

PART 10
OFFSET  20.1115  1.2253 -7.3740
X  0.9750 -0.1878  0.1188
Y  0.0355  0.6591  0.7512
Z -0.2194 -0.7282  0.6493

PART 11
OFFSET  20.4942  1.4778 -6.3291
X  0.8774 -0.0777  0.4734
Y -0.1364  0.9057  0.4015
Z -0.4599 -0.4168  0.7840

PART 12
OFFSET  22.3484  1.3775 -5.2238
X  0.9652 -0.2570  0.0474
Y  0.1666  0.7447  0.6463
Z -0.2014 -0.6159  0.7616

PART 13
OFFSET  23.8742  0.8491 -5.1006
X  0.9661 -0.0149  0.2579
Y -0.1237  0.8498  0.5124
Z -0.2268 -0.5269  0.8191

PART 14
OFFSET  24.9064  0.8233 -4.7754
X  0.8333  0.5026 -0.2302
Y -0.3485  0.1545 -0.9245
Z -0.4291  0.8506  0.3040

PART 15
OFFSET  20.8542  0.2134 -7.9467
X  0.5399 -0.8312  0.1327
Y -0.5481 -0.2276  0.8048
Z -0.6387 -0.5073 -0.5785

PART 16
OFFSET  22.0932 -1.6081 -7.4656
X -0.1980 -0.4676  0.8615
Y -0.8225  0.5574  0.1135
Z -0.5332 -0.6860 -0.4950

PART 17
OFFSET  21.8128 -2.2702 -6.2459
X -0.7400  0.1195  0.6619
Y -0.4238  0.6814 -0.5968
Z -0.5223 -0.7221 -0.4536

PART 18
OFFSET  21.1567 -2.1643 -5.6591
X -0.8197  0.5558  0.1386
Y  0.1832  0.4837 -0.8558
Z -0.5427 -0.6761 -0.4983

PART 19
OFFSET  20.3780 -1.6363 -5.5274
X  0.5904 -0.6310  0.5033
Y  0.5972 -0.0779 -0.7983
Z  0.5429  0.7719  0.3308

PART 20
OFFSET  21.1229  0.7118 -7.5120
X  0.9156 -0.3856 -0.1138
Y -0.2407 -0.7525  0.6131
Z -0.3220 -0.5340 -0.7818

PART 21
OFFSET  23.2822 -0.7315 -7.6240
X  0.0149 -0.7231  0.6906
Y -0.8910  0.3038  0.3373
Z -0.4537 -0.6204 -0.6398

PART 22
OFFSET  23.3076 -1.9626 -6.4482
X -0.8009 -0.0254  0.5983
Y -0.3999  0.7663 -0.5028
Z -0.4457 -0.6419 -0.6239

PART 23
OFFSET  22.1976 -1.9978 -5.6191
X -0.8606  0.5011  0.0914
Y  0.2557  0.5802 -0.7733
Z -0.4405 -0.6421 -0.6274

PART 24
OFFSET  21.2643 -1.4543 -5.5199
X  0.5373 -0.7736  0.3359
Y  0.7214  0.2152 -0.6583
Z  0.4369  0.5961  0.6737

PART 25
OFFSET  23.0558  1.3024 -5.4671
X  0.8495 -0.5067  0.1470
Y  0.4944  0.6674 -0.5569
Z  0.1841  0.5457  0.8175

PART 26
OFFSET  24.0189  1.2611 -6.5860
X  0.8027 -0.5728 -0.1660
Y -0.3722 -0.6986  0.6110
Z -0.4660 -0.4287 -0.7740

PART 27
OFFSET  25.4322  0.2526 -6.8782
X  0.3697 -0.9012  0.2263
Y -0.8182 -0.2004  0.5388
Z -0.4402 -0.3844 -0.8114

PART 28
OFFSET  25.9083 -0.8196 -6.5538
X -0.3215 -0.6606  0.6784
Y -0.8415  0.5278  0.1152
Z -0.4342 -0.5338 -0.7256

PART 29
OFFSET  25.5452 -1.5658 -5.7875
X  0.7421 -0.4116 -0.5290
Y  0.1102  0.8534 -0.5095
Z  0.6611  0.3198  0.6787

PART 30
OFFSET  23.8371  0.4355 -7.2971
X  0.3774 -0.8636  0.3344
Y -0.8047 -0.1271  0.5800
Z -0.4584 -0.4879 -0.7429

PART 31
OFFSET  24.5744 -1.2516 -6.6439
X -0.6390 -0.3989  0.6577
Y -0.5968  0.7965 -0.0967
Z -0.4853 -0.4544 -0.7470

PART 32
OFFSET  23.6411 -1.8342 -5.6833
X -0.8435  0.4284  0.3239
Y  0.1992  0.8096 -0.5521
Z -0.4987 -0.4012 -0.7683

PART 33
OFFSET  22.6820 -1.3524 -5.3215
X  0.5515 -0.8200  0.1534
Y  0.6563  0.3129 -0.6865
Z  0.5149  0.4793  0.7107

PART 34
OFFSET  22.4014 -0.7489 -6.4675
X -0.3794 -0.5494 -0.7444
Y  0.2194  0.7282 -0.6493
Z  0.8989 -0.4096 -0.1557

PART 35
OFFSET  4.2529 -2.5351 -5.6306
X  0.9909  0.0979  0.0924
Y -0.1118  0.9807  0.1603
Z -0.0750 -0.1692  0.9827

PART 36
OFFSET  4.2529 -2.5351 -5.6306
X  0.9909  0.0979  0.0924
Y -0.1118  0.9807  0.1603
Z -0.0750 -0.1692  0.9827

PART 37
OFFSET  9.3600 -2.6913 -2.8690
X  0.9892  0.0944  0.1125
Y -0.1118  0.9807  0.1603
Z -0.0952 -0.1711  0.9806

PART 38
OFFSET  13.5809 -1.2232 -7.1544
X  0.9909  0.0979  0.0924
Y -0.1118  0.9807  0.1603
Z -0.0750 -0.1692  0.9827

PART 39
OFFSET  18.6204 -1.3449 -4.9940
X  0.8898  0.4495 -0.0794
Y  0.1246 -0.4066 -0.9051
Z -0.4391  0.7954 -0.4178

PART 40
OFFSET -8.3381 -3.5384 -8.1858
X  0.8772  0.0216  0.4796
Y -0.1118  0.9807  0.1603
Z -0.4669 -0.1942  0.8627

PART 41
OFFSET  23.7648  0.1152 -8.2396
X  0.1118 -0.9807 -0.1603
Y  0.9909  0.0979  0.0924
Z -0.0750 -0.1692  0.9827

PART 42
OFFSET  8.4037 -2.1554 -4.9645
X  0.9909  0.0979  0.0924
Y -0.1118  0.9807  0.1603
Z -0.0750 -0.1692  0.9827

PART 43
OFFSET  27.3062 -0.1276 -4.1805
X  0.9909  0.0979  0.0924
Y -0.1118  0.9807  0.1603
Z -0.0750 -0.1692  0.9827

PART 44
OFFSET -16.9042 -5.5304 -6.9448
X -0.6664  0.1976  0.7190
Y -0.2840 -0.9588  0.0003
Z  0.6894 -0.2040  0.6950

PART 45
OFFSET -8.8453 -7.9201 -15.6399
X -0.7499 -0.3095 -0.5846
Y  0.6528 -0.2033 -0.7297
Z  0.1070 -0.9289  0.3545

PART 46
OFFSET -2.4669 -5.2874 -10.6673
X -0.7499 -0.3095 -0.5846
Y  0.6064  0.0317 -0.7946
Z  0.2645 -0.9504  0.1639

PART 47
OFFSET -1.9604 -3.5918 -9.7544
X -0.7541 -0.3055 -0.5814
Y -0.1144  0.9328 -0.3419
Z  0.6467 -0.1913 -0.7383

PART 48
OFFSET -2.1995 -3.9367 -8.6091
X -0.7541 -0.3055 -0.5814
Y -0.1144  0.9328 -0.3419
Z  0.6467 -0.1913 -0.7383

PART 49
OFFSET -1.8869 -5.1961 -8.1743
X -0.7541 -0.3055 -0.5814
Y -0.1144  0.9328 -0.3419
Z  0.6467 -0.1913 -0.7383

PART 50
OFFSET -0.1679 -4.3384 -8.8750
X -0.9104 -0.1881 -0.3685
Y  0.3729  0.0132 -0.9278
Z  0.1794 -0.9821  0.0581

PART 51
OFFSET -0.1918 -3.8633 -7.8378
X -0.3778 -0.6227 -0.6852
Y  0.6095  0.3898 -0.6903
Z  0.6970 -0.6784  0.2323

PART 52
OFFSET  0.5238 -2.5207 -6.3032
X -0.8746 -0.4726  0.1085
Y  0.0586 -0.3251 -0.9439
Z  0.4813 -0.8191  0.3120

PART 53
OFFSET  1.8852 -1.6854 -6.5696
X -0.5897 -0.2162  0.7781
Y -0.5481 -0.6005 -0.5822
Z  0.5931 -0.7699  0.2356

PART 54
OFFSET  2.5051 -1.4061 -7.4119
X -0.9293  0.2112  0.3031
Y  0.0540  0.8893 -0.4541
Z -0.3654 -0.4056 -0.8378

PART 55
OFFSET  0.9655 -3.9666 -9.5684
X -0.9124 -0.3971  0.0990
Y  0.4057 -0.9096  0.0897
Z  0.0545  0.1220  0.9910

PART 56
OFFSET  2.9737 -2.9450 -9.6576
X  0.0004 -0.9948 -0.1020
Y  0.9743  0.0234 -0.2241
Z  0.2253 -0.0993  0.9692

PART 57
OFFSET  2.9732 -1.5366 -9.5131
X  0.8471 -0.4697 -0.2486
Y  0.4919  0.8700  0.0324
Z  0.2011 -0.1498  0.9681

PART 58
OFFSET  2.2221 -1.1202 -9.2927
X  0.8853  0.4339 -0.1671
Y -0.4065  0.8967  0.1751
Z  0.2258 -0.0871  0.9703

PART 59
OFFSET  1.3810 -1.5324 -9.1339
X -0.4546 -0.8822 -0.1224
Y -0.8480  0.3867  0.3624
Z -0.2723  0.2686 -0.9240

PART 60
OFFSET  0.9430 -4.0712 -8.8626
X -0.9358 -0.3406 -0.0905
Y  0.3299 -0.9370  0.1151
Z -0.1240  0.0779  0.9892

PART 61
OFFSET  3.3975 -3.2194 -8.7721
X -0.0364 -0.9993  0.0112
Y  0.9738 -0.0380 -0.2243
Z  0.2245  0.0028  0.9745

PART 62
OFFSET  3.4595 -1.5181 -8.7912
X  0.9367 -0.2779 -0.2132
Y  0.2763  0.9603 -0.0379
Z  0.2153 -0.0234  0.9763

PART 63
OFFSET  2.1613 -1.1330 -8.4958
X  0.7947  0.5863 -0.1569
Y -0.5697  0.8098  0.1403
Z  0.2093 -0.0221  0.9776

PART 64
OFFSET  1.2994 -1.7689 -8.3255
X -0.3154 -0.9440  0.0965
Y -0.9307  0.3276  0.1628
Z -0.1853 -0.0385 -0.9819

PART 65
OFFSET -4.1759 -5.6590 -9.5931
X -0.8788 -0.4526 -0.1511
Y -0.4215  0.8847 -0.1989
Z  0.2238 -0.1111 -0.9683

PART 66
OFFSET  3.1649 -3.9802 -6.7177
X -0.9643 -0.0843 -0.2512
Y  0.1018 -0.9932 -0.0574
Z -0.2446 -0.0809  0.9662

PART 67
OFFSET  4.8627 -3.8318 -6.2755
X -0.2663 -0.9593 -0.0940
Y  0.9321 -0.2811  0.2283
Z -0.2454 -0.0268  0.9691

PART 68
OFFSET  5.1714 -2.6672 -6.1024
X  0.1526 -0.9863 -0.0629
Y  0.9576  0.1319  0.2562
Z -0.2444 -0.0993  0.9646

PART 69
OFFSET  4.9990 -1.5532 -6.0313
X -0.9829  0.1741  0.0605
Y  0.1748  0.9846  0.0070
Z -0.0583  0.0175 -0.9981

PART 70
OFFSET  3.4401 -3.8098 -7.7740
X -0.1713 -0.9846  0.0362
Y  0.9848 -0.1721 -0.0220
Z  0.0279  0.0319  0.9991

PART 71
OFFSET  3.7747 -1.8864 -7.8447
X  0.8839 -0.4675 -0.0140
Y  0.4649  0.8814 -0.0839
Z  0.0515  0.0677  0.9964

PART 72
OFFSET  2.4837 -1.2035 -7.8244
X  0.8531  0.5100 -0.1101
Y -0.5191  0.8509 -0.0810
Z  0.0524  0.1262  0.9906

PART 73
OFFSET  1.5168 -1.7814 -7.7068
X -0.3260 -0.9426  0.0728
Y -0.9398  0.3314  0.0827
Z -0.1021 -0.0415 -0.9939

PART 74
OFFSET  0.0000 -0.0000 -0.0000
X  1.0000 -0.0000  0.0000
Y  0.0000  1.0000  0.0000
Z  0.0000 -0.0000  1.0000

PART 75
OFFSET  0.0000 -0.0000 -0.0000
X  1.0000 -0.0000  0.0000
Y  0.0000  1.0000  0.0000
Z  0.0000 -0.0000  1.0000

PART 76
OFFSET  1.5404 -0.0000  4.1357
X  1.0000 -0.0000  0.0000
Y  0.0000  1.0000  0.0000
Z  0.0000 -0.0000  1.0000


FRAME 1903
PART 0
OFFSET  0.0000 -0.0000 -0.0000
X  1.0000 -0.0000  0.0000
Y  0.0000  1.0000  0.0000
Z  0.0000 -0.0000  1.0000

PART 1
OFFSET -4.6318 -0.0000 -1.3770
X  1.0000 -0.0000  0.0000
Y  0.0000  1.0000  0.0000
Z  0.0000 -0.0000  1.0000

PART 2
OFFSET  1.6297  1.6362 -7.3269
X  0.7670  0.4658 -0.4413
Y  0.2804 -0.8619 -0.4224
Z -0.5771  0.2003 -0.7917

PART 3
OFFSET  10.9062  7.2691 -12.6635
X  0.8188 -0.4675  0.3333
Y -0.5717 -0.6103  0.5483
Z -0.0529 -0.6395 -0.7670

PART 4
OFFSET  17.8701  3.2928 -9.8289
X  0.8188 -0.4675  0.3333
Y  0.1350  0.7210  0.6797
Z -0.5580 -0.5115  0.6534

PART 5
OFFSET  19.5551  4.2550 -8.4291
X  0.8223 -0.4622  0.3321
Y  0.0589  0.6495  0.7581
Z -0.5660 -0.6038  0.5613

PART 6
OFFSET  19.3795  3.1180 -10.7394
X  0.8223 -0.4622  0.3321
Y  0.0589  0.6495  0.7581
Z -0.5660 -0.6038  0.5613

PART 7
OFFSET  18.6895  2.4077 -7.3224
X  0.8223 -0.4622  0.3321
Y  0.0589  0.6495  0.7581
Z -0.5660 -0.6038  0.5613

PART 8
OFFSET  18.3458  1.1286 -8.5664
X  0.8223 -0.4622  0.3321
Y  0.0589  0.6495  0.7581
Z -0.5660 -0.6038  0.5613

PART 9
OFFSET  18.2786  0.8992 -9.8673
X  0.8223 -0.4622  0.3321
Y  0.0589  0.6495  0.7581
Z -0.5660 -0.6038  0.5613

PART 10
OFFSET  20.3801  1.8595 -8.8071
X  0.9887 -0.1216  0.0874
Y  0.0319  0.7413  0.6704
Z -0.1463 -0.6601  0.7368

PART 11
OFFSET  20.7956  2.2492 -7.8183
X  0.9015  0.0230  0.4322
Y -0.1701  0.9371  0.3050
Z -0.3980 -0.3484  0.8486

PART 12
OFFSET  22.7018  2.3729 -6.8079
X  0.9797 -0.1989  0.0248
Y  0.1528  0.8212  0.5498
Z -0.1297 -0.5349  0.8349

PART 13
OFFSET  24.2597  1.9429 -6.7072
X  0.9762  0.0654  0.2068
Y -0.1490  0.8949  0.4206
Z -0.1575 -0.4414  0.8834

PART 14
OFFSET  25.3056  2.0086 -6.4360
X  0.7911  0.5162 -0.3281
Y -0.3995  0.0297 -0.9163
Z -0.4632  0.8560  0.2297

PART 15
OFFSET  21.1530  0.8295 -9.3021
X  0.5929 -0.7811  0.1957
Y -0.4961 -0.1629  0.8529
Z -0.6343 -0.6027 -0.4841

PART 16
OFFSET  22.5168 -0.8578 -8.6874
X -0.1303 -0.3762  0.9173
Y -0.8473  0.5227  0.0940
Z -0.5148 -0.7650 -0.3869

PART 17
OFFSET  22.3323 -1.3905 -7.3887
X -0.7142  0.1550  0.6825
Y -0.4899  0.5857 -0.6457
Z -0.4999 -0.7955 -0.3424

PART 18
OFFSET  21.6991 -1.2530 -6.7835
X -0.8433  0.5241  0.1190
Y  0.1149  0.3921 -0.9127
Z -0.5250 -0.7561 -0.3908

PART 19
OFFSET  20.8979 -0.7551 -6.6705
X  0.6488 -0.5376  0.5385
Y  0.5631 -0.1368 -0.8150
Z  0.5118  0.8320  0.2140

PART 20
OFFSET  21.4121  1.3875 -8.9402
X  0.9302 -0.3474 -0.1183
Y -0.1678 -0.6893  0.7047
Z -0.3263 -0.6357 -0.6995

PART 21
OFFSET  23.6442  0.0563 -9.0046
X  0.0890 -0.6379  0.7649
Y -0.8906  0.2929  0.3479
Z -0.4460 -0.7122 -0.5421

PART 22
OFFSET  23.7956 -1.0298 -7.7023
X -0.7694  0.0009  0.6387
Y -0.4667  0.6820 -0.5631
Z -0.4361 -0.7313 -0.5244

PART 23
OFFSET  22.7292 -1.0286 -6.8171
X -0.8831  0.4623  0.0804
Y  0.1854  0.5010 -0.8454
Z -0.4311 -0.7316 -0.5281

PART 24
OFFSET  21.7715 -0.5272 -6.7300
X  0.5964 -0.7010  0.3911
Y  0.6763  0.1765 -0.7152
Z  0.4323  0.6910  0.5793

PART 25
OFFSET  23.4003  2.3079 -7.0783
X  0.8834 -0.4413  0.1575
Y  0.4284  0.6247 -0.6528
Z  0.1897  0.6442  0.7409

PART 26
OFFSET  24.3112  2.1901 -8.2347
X  0.8261 -0.5450 -0.1433
Y -0.3022 -0.6431  0.7036
Z -0.4757 -0.5380 -0.6959

PART 27
OFFSET  25.7656  1.2305 -8.4871
X  0.4316 -0.8489  0.3053
Y -0.7793 -0.1804  0.6001
Z -0.4543 -0.4969 -0.7394

PART 28
OFFSET  26.3179  0.2288 -8.0711
X -0.2507 -0.5950  0.7636
Y -0.8645  0.4926  0.1000
Z -0.4356 -0.6351 -0.6379

PART 29
OFFSET  26.0347 -0.4434 -7.2086
X  0.7395 -0.4296 -0.5183
Y  0.0366  0.7944 -0.6062
Z  0.6722  0.4293  0.6032

PART 30
OFFSET  24.1449  1.2805 -8.8392
X  0.4421 -0.7988  0.4079
Y -0.7681 -0.1023  0.6321
Z -0.4632 -0.5928 -0.6589

PART 31
OFFSET  25.0085 -0.2801 -8.0423
X -0.5835 -0.3544  0.7307
Y -0.6460  0.7478 -0.1531
Z -0.4922 -0.5613 -0.6653

PART 32
OFFSET  24.1562 -0.7978 -6.9750
X -0.8511  0.4176  0.3182
Y  0.1260  0.7508 -0.6484
Z -0.5097 -0.5118 -0.6916

PART 33
OFFSET  23.1886 -0.3290 -6.6191
X  0.6047 -0.7670  0.2144
Y  0.6045  0.2668 -0.7506
Z  0.5186  0.5835  0.6250

PART 34
OFFSET  22.8205  0.1245 -7.8086
X -0.3809 -0.6498 -0.6578
Y  0.1463  0.6601 -0.7368
Z  0.9130 -0.3769 -0.1564

PART 35
OFFSET  4.8650 -2.5059 -5.8241
X  0.9868  0.1597  0.0287
Y -0.1611  0.9854  0.0560
Z -0.0193 -0.0598  0.9980

PART 36
OFFSET  4.8650 -2.5059 -5.8241
X  0.9868  0.1597  0.0287
Y -0.1611  0.9854  0.0560
Z -0.0193 -0.0598  0.9980

PART 37
OFFSET  10.0951 -2.0781 -3.3350
X  0.9861  0.1584  0.0491
Y -0.1611  0.9854  0.0560
Z -0.0395 -0.0631  0.9972

PART 38
OFFSET  14.0201 -0.8878 -7.9732
X  0.9868  0.1597  0.0287
Y -0.1611  0.9854  0.0560
Z -0.0193 -0.0598  0.9980

PART 39
OFFSET  19.1530 -0.4976 -6.0810
X  0.8575  0.4836 -0.1756
Y  0.1059 -0.4999 -0.8596
Z -0.5035  0.7185 -0.4799

PART 40
OFFSET -7.7513 -4.4539 -7.5856
X  0.8958  0.1222  0.4274
Y -0.1611  0.9854  0.0560
Z -0.4143 -0.1190  0.9023

PART 41
OFFSET  24.0476  0.8516 -9.7351
X  0.1611 -0.9854 -0.0560
Y  0.9868  0.1597  0.0287
Z -0.0193 -0.0598  0.9980

PART 42
OFFSET  9.0131 -1.8352 -5.4239
X  0.9868  0.1597  0.0287
Y -0.1611  0.9854  0.0560
Z -0.0193 -0.0598  0.9980

PART 43
OFFSET  27.7817  1.2590 -5.8663
X  0.9868  0.1597  0.0287
Y -0.1611  0.9854  0.0560
Z -0.0193 -0.0598  0.9980

PART 44
OFFSET -16.1467 -6.3033 -6.8195
X -0.6807  0.2933  0.6713
Y -0.2585 -0.9536  0.1545
Z  0.6855 -0.0683  0.7249

PART 45
OFFSET -7.9147 -9.8506 -14.9382
X -0.7195 -0.4281 -0.5468
Y  0.6828 -0.2921 -0.6697
Z  0.1270 -0.8552  0.5025

PART 46
OFFSET -1.7950 -6.2093 -10.2872
X -0.7195 -0.4281 -0.5468
Y  0.6095 -0.0119 -0.7927
Z  0.3328 -0.9036  0.2695

PART 47
OFFSET -1.3766 -4.3710 -9.6466
X -0.7239 -0.4238 -0.5444
Y -0.1349  0.8608 -0.4908
Z  0.6766 -0.2819 -0.6803

PART 48
OFFSET -1.6409 -4.5368 -8.4674
X -0.7239 -0.4238 -0.5444
Y -0.1349  0.8608 -0.4908
Z  0.6766 -0.2819 -0.6803

PART 49
OFFSET -1.3000 -5.6972 -7.8269
X -0.7239 -0.4238 -0.5444
Y -0.1349  0.8608 -0.4908
Z  0.6766 -0.2819 -0.6803

PART 50
OFFSET  0.4108 -4.8968 -8.6108
X -0.9140 -0.2765 -0.2969
Y  0.3280 -0.0730 -0.9418
Z  0.2387 -0.9582  0.1574

PART 51
OFFSET  0.4074 -4.3086 -7.6330
X -0.3723 -0.7157 -0.5909
Y  0.5531  0.3402 -0.7605
Z  0.7453 -0.6100  0.2692

PART 52
OFFSET  1.1141 -2.7641 -6.2970
X -0.8396 -0.5025  0.2062
Y  0.0336 -0.4270 -0.9036
Z  0.5421 -0.7518  0.3754

PART 53
OFFSET  2.4109 -1.8942 -6.7258
X -0.5394 -0.1569  0.8273
Y -0.5387 -0.6908 -0.4822
Z  0.6472 -0.7058  0.2881

PART 54
OFFSET  2.9737 -1.6806 -7.6254
X -0.9249  0.1952  0.3262
Y -0.0189  0.8334 -0.5523
Z -0.3797 -0.5170 -0.7672

PART 55
OFFSET  1.4872 -4.5474 -9.3999
X -0.8822 -0.4307  0.1904
Y  0.4616 -0.8709  0.1688
Z  0.0932  0.2368  0.9671

PART 56
OFFSET  3.4263 -3.4384 -9.7077
X  0.0535 -0.9985  0.0093
Y  0.9598  0.0488 -0.2763
Z  0.2754  0.0237  0.9610

PART 57
OFFSET  3.3506 -2.0247 -9.7208
X  0.8605 -0.4498 -0.2392
Y  0.4415  0.8927 -0.0904
Z  0.2542 -0.0278  0.9668

PART 58
OFFSET  2.5876 -1.6259 -9.5088
X  0.8499  0.4580 -0.2607
Y -0.4494  0.8882  0.0956
Z  0.2753  0.0359  0.9607

PART 59
OFFSET  1.7802 -2.0610 -9.2611
X -0.4078 -0.9131  0.0005
Y -0.8513  0.3804  0.3613
Z -0.3301  0.1469 -0.9325

PART 60
OFFSET  1.5036 -4.5719 -8.6867
X -0.9176 -0.3974 -0.0027
Y  0.3888 -0.8991  0.2010
Z -0.0823  0.1834  0.9796

PART 61
OFFSET  3.9060 -3.5875 -8.8207
X  0.0223 -0.9920  0.1241
Y  0.9629 -0.0120 -0.2696
Z  0.2690  0.1255  0.9549

PART 62
OFFSET  3.8680 -1.8986 -9.0320
X  0.9403 -0.2507 -0.2300
Y  0.2179  0.9629 -0.1589
Z  0.2613  0.0993  0.9601

PART 63
OFFSET  2.5647 -1.5511 -8.7133
X  0.7512  0.6056 -0.2628
Y -0.6087  0.7894  0.0792
Z  0.2554  0.1004  0.9616

PART 64
OFFSET  1.7501 -2.2079 -8.4283
X -0.2552 -0.9422  0.2173
Y -0.9396  0.2946  0.1741
Z -0.2281 -0.1598 -0.9604

PART 65
OFFSET -3.5427 -6.4994 -8.9657
X -0.8570 -0.5125 -0.0534
Y -0.4810  0.8329 -0.2736
Z  0.1847 -0.2088 -0.9604

PART 66
OFFSET  3.8136 -4.1206 -6.6851
X -0.9683 -0.1629 -0.1891
Y  0.1566 -0.9865  0.0481
Z -0.1944  0.0170  0.9808

PART 67
OFFSET  5.5185 -3.8338 -6.3521
X -0.2141 -0.9764  0.0274
Y  0.9565 -0.2039  0.2087
Z -0.1982  0.0709  0.9776

PART 68
OFFSET  5.7668 -2.6425 -6.3260
X  0.2066 -0.9776  0.0392
Y  0.9592  0.2103  0.1892
Z -0.1932 -0.0015  0.9812

PART 69
OFFSET  5.5334 -1.5382 -6.3703
X -0.9875  0.1280  0.0924
Y  0.1174  0.9868 -0.1117
Z -0.1055 -0.0994 -0.9894

PART 70
OFFSET  4.0291 -4.0574 -7.7668
X -0.1119 -0.9817  0.1544
Y  0.9911 -0.1215 -0.0545
Z  0.0723  0.1469  0.9865

PART 71
OFFSET  4.2477 -2.1397 -8.0684
X  0.9080 -0.4190 -0.0084
Y  0.4085  0.8893 -0.2057
Z  0.0937  0.1833  0.9786

PART 72
OFFSET  2.9215 -1.5277 -8.0561
X  0.8160  0.5382 -0.2108
Y -0.5709  0.8077 -0.1476
Z  0.0908  0.2408  0.9663

PART 73
OFFSET  1.9963 -2.1384 -7.8243
X -0.2669 -0.9440  0.1942
Y -0.9527  0.2888  0.0947
Z -0.1455 -0.1597 -0.9764

PART 74
OFFSET  0.0000 -0.0000 -0.0000
X  1.0000 -0.0000  0.0000
Y  0.0000  1.0000  0.0000
Z  0.0000 -0.0000  1.0000

PART 75
OFFSET  0.0000 -0.0000 -0.0000
X  1.0000 -0.0000  0.0000
Y  0.0000  1.0000  0.0000
Z  0.0000 -0.0000  1.0000

PART 76
OFFSET  1.5404 -0.0000  4.1357
X  1.0000 -0.0000  0.0000
Y  0.0000  1.0000  0.0000
Z  0.0000 -0.0000  1.0000


FRAME 1904
PART 0
OFFSET  0.0000 -0.0000 -0.0000
X  1.0000 -0.0000  0.0000
Y  0.0000  1.0000  0.0000
Z  0.0000 -0.0000  1.0000

PART 1
OFFSET -4.6318 -0.0000 -1.3770
X  1.0000 -0.0000  0.0000
Y  0.0000  1.0000  0.0000
Z  0.0000 -0.0000  1.0000

PART 2
OFFSET  1.6398  1.6270 -7.3281
X  0.7341  0.4908 -0.4692
Y  0.2547 -0.8396 -0.4798
Z -0.6294  0.2328 -0.7414

PART 3
OFFSET  10.5183  7.5632 -13.0023
X  0.8739 -0.4340  0.2189
Y -0.4753 -0.6687  0.5717
Z -0.1017 -0.6037 -0.7907

PART 4
OFFSET  17.9512  3.8718 -11.1401
X  0.8739 -0.4340  0.2189
Y  0.2544  0.7921  0.5548
Z -0.4142 -0.4292  0.8026

PART 5
OFFSET  19.7244  4.8628 -9.8762
X  0.8770 -0.4284  0.2177
Y  0.1061  0.6145  0.7818
Z -0.4687 -0.6625  0.5843

PART 6
OFFSET  19.3600  3.8305 -12.2133
X  0.8770 -0.4284  0.2177
Y  0.1061  0.6145  0.7818
Z -0.4687 -0.6625  0.5843

PART 7
OFFSET  19.0841  2.9165 -8.7862
X  0.8770 -0.4284  0.2177
Y  0.1061  0.6145  0.7818
Z -0.4687 -0.6625  0.5843

PART 8
OFFSET  18.6761  1.6810 -10.0546
X  0.8770 -0.4284  0.2177
Y  0.1061  0.6145  0.7818
Z -0.4687 -0.6625  0.5843

PART 9
OFFSET  18.4803  1.5111 -11.3516
X  0.8770 -0.4284  0.2177
Y  0.1061  0.6145  0.7818
Z -0.4687 -0.6625  0.5843

PART 10
OFFSET  20.6303  2.5412 -10.4689
X  0.9982 -0.0359  0.0481
Y  0.0030  0.8295  0.5584
Z -0.0599 -0.5573  0.8281

PART 11
