// Export filename: `C:\projects\cod\t5\xanim_export\t5_viewmodels\ak47\ak47_grenadier_reload_empty.XANIM_EXPORT`
// Source filename: `D:\projects\devanim\t5\animation_assets\viewmodels\ak47\ViewModel_AK47_GrenadeLauncher_animated.fbx`
// Export time: Tue Aug 17 23:47:22 2010

ANIMATION
VERSION 3

NUMPARTS 77
PART 0 "tag_ads"
PART 1 "tag_torso"
PART 2 "J_Shoulder_LE"
PART 3 "J_Elbow_LE"
PART 4 "J_WristTwist_LE"
PART 5 "J_Sleave_Reshape_Bottom_LE_1"
PART 6 "J_Sleave_Reshape_Bottom_LE_2"
PART 7 "J_Sleave_Reshape_Top_LE_1"
PART 8 "J_Sleave_Reshape_Top_LE_2"
PART 9 "J_Sleave_Reshape_Top_LE_3"
PART 10 "J_Wrist_LE"
PART 11 "J_Thumb_LE_0"
PART 12 "J_Thumb_LE_1"
PART 13 "J_Thumb_LE_2"
PART 14 "J_Thumb_LE_3"
PART 15 "J_PinkyPalm_LE"
PART 16 "J_Pinky_LE_0"
PART 17 "J_Pinky_LE_1"
PART 18 "J_Pinky_LE_2"
PART 19 "J_Pinky_LE_3"
PART 20 "J_RingPalm_LE"
PART 21 "J_Ring_LE_0"
PART 22 "J_Ring_LE_1"
PART 23 "J_Ring_LE_2"
PART 24 "J_Ring_LE_3"
PART 25 "J_Webbing_LE"
PART 26 "J_Index_LE_0"
PART 27 "J_Index_LE_1"
PART 28 "J_Index_LE_2"
PART 29 "J_Index_LE_3"
PART 30 "J_Mid_LE_0"
PART 31 "J_Mid_LE_1"
PART 32 "J_Mid_LE_2"
PART 33 "J_Mid_LE_3"
PART 34 "tag_knife_attach"
PART 35 "tag_weapon"
PART 36 "J_Gun"
PART 37 "J_bolt"
PART 38 "TAG_CLIP"
PART 39 "TAG_FLASH"
PART 40 "TAG_BOUNCING_GRENADE_LAUNCHER"
PART 41 "J_BOUNCING_TRIGGER"
PART 42 "J_BOUNCING_GRENADE_AMMO"
PART 43 "J_BOUNCING_GRENADE_TIP"
PART 44 "J_Shoulder_RI"
PART 45 "J_Elbow_RI"
PART 46 "J_WristTwist_RI"
PART 47 "J_Sleave_Reshape_Top_RI_3"
PART 48 "J_Sleave_Reshape_Top_RI_2"
PART 49 "J_Sleave_Reshape_Top_RI_1"
PART 50 "J_Wrist_RI"
PART 51 "J_Thumb_RI_0"
PART 52 "J_Thumb_RI_1"
PART 53 "J_Thumb_RI_2"
PART 54 "J_Thumb_RI_3"
PART 55 "J_PinkyPalm_RI"
PART 56 "J_Pinky_RI_0"
PART 57 "J_Pinky_RI_1"
PART 58 "J_Pinky_RI_2"
PART 59 "J_Pinky_RI_3"
PART 60 "J_RingPalm_RI"
PART 61 "J_Ring_RI_0"
PART 62 "J_Ring_RI_1"
PART 63 "J_Ring_RI_2"
PART 64 "J_Ring_RI_3"
PART 65 "J_Webbing_RI"
PART 66 "J_Index_RI_0"
PART 67 "J_Index_RI_1"
PART 68 "J_Index_RI_2"
PART 69 "J_Index_RI_3"
PART 70 "J_Mid_RI_0"
PART 71 "J_Mid_RI_1"
PART 72 "J_Mid_RI_2"
PART 73 "J_Mid_RI_3"
PART 74 "tag_cambone"
PART 75 "tag_camera"
PART 76 "tag_gasmask"

FRAMERATE 30
NUMFRAMES 133

FRAME 500
PART 0
OFFSET -4.6318 -0.0000 -1.3770
X  1.0000 -0.0000  0.0000
Y  0.0000  1.0000  0.0000
Z  0.0000 -0.0000  1.0000

PART 1
OFFSET -4.6318 -0.0000 -1.3770
X  1.0000 -0.0000  0.0000
Y  0.0000  1.0000  0.0000
Z  0.0000 -0.0000  1.0000

PART 2
OFFSET -3.5060  6.3408 -6.7125
X  0.8617 -0.1192 -0.4933
Y -0.1216 -0.9922  0.0275
Z -0.4927  0.0363 -0.8694

PART 3
OFFSET  6.9149  4.8989 -12.6781
X  0.6731 -0.5404  0.5049
Y -0.6483 -0.1028  0.7544
Z -0.3557 -0.8351 -0.4196

PART 4
OFFSET  12.6402  0.3028 -8.3840
X  0.6731 -0.5404  0.5049
Y -0.6899 -0.2130  0.6918
Z -0.2663 -0.8140 -0.5162

PART 5
OFFSET  14.7203  1.1137 -7.5239
X  0.6779 -0.5375  0.5015
Y  0.3632  0.8380  0.4072
Z -0.6392 -0.0939  0.7633

PART 6
OFFSET  13.8771 -0.7259 -9.1256
X  0.6779 -0.5375  0.5015
Y  0.3632  0.8380  0.4072
Z -0.6392 -0.0939  0.7633

PART 7
OFFSET  13.4931  0.2856 -5.7365
X  0.6779 -0.5375  0.5015
Y  0.3632  0.8380  0.4072
Z -0.6392 -0.0939  0.7633

PART 8
OFFSET  12.8855 -0.9678 -6.4671
X  0.6779 -0.5375  0.5015
Y  0.3632  0.8380  0.4072
Z -0.6392 -0.0939  0.7633

PART 9
OFFSET  12.5671 -1.6655 -7.5447
X  0.6779 -0.5375  0.5015
Y  0.3632  0.8380  0.4072
Z -0.6392 -0.0939  0.7633

PART 10
OFFSET  14.7038 -1.3538 -6.8363
X  0.9663 -0.0665  0.2488
Y -0.2574 -0.2241  0.9399
Z -0.0067 -0.9723 -0.2337

PART 11
OFFSET  14.8873 -1.9992 -5.9133
X  0.6297 -0.6554  0.4170
Y -0.5110  0.0549  0.8579
Z -0.5851 -0.7533 -0.3003

PART 12
OFFSET  16.1626 -3.4500 -4.9445
X  0.9489 -0.1630 -0.2702
Y  0.1371 -0.5581  0.8184
Z -0.2842 -0.8136 -0.5073

PART 13
OFFSET  17.6544 -3.7710 -5.4862
X  0.2992  0.2107 -0.9306
Y  0.8320 -0.5351  0.1464
Z -0.4671 -0.8181 -0.3354

PART 14
OFFSET  17.9708 -3.5897 -6.5055
X  0.6924  0.5708 -0.4414
Y -0.0670  0.6599  0.7484
Z  0.7184 -0.4886  0.4951

PART 15
OFFSET  15.7958 -1.3666 -7.6794
X  0.9651 -0.0633 -0.2540
Y -0.0749 -0.9965 -0.0363
Z -0.2508  0.0541 -0.9665

PART 16
OFFSET  17.9916 -1.6389 -8.1138
X  0.4046 -0.9139  0.0329
Y -0.8686 -0.3728  0.3265
Z -0.2861 -0.1607 -0.9446

PART 17
OFFSET  18.5644 -2.9328 -8.0673
X -0.8476 -0.4323  0.3077
Y -0.4712  0.8799 -0.0617
Z -0.2441 -0.1973 -0.9495

PART 18
OFFSET  17.8129 -3.3161 -7.7944
X -0.9633  0.0619  0.2612
Y  0.0240  0.9890 -0.1459
Z -0.2674 -0.1343 -0.9542

PART 19
OFFSET  16.8977 -3.2573 -7.5463
X  0.7604 -0.6488  0.0298
Y  0.6042  0.6898 -0.3988
Z  0.2382  0.3213  0.9166

PART 20
OFFSET  15.8381 -1.3944 -6.9674
X  0.9986 -0.0003 -0.0533
Y -0.0152 -0.9599 -0.2798
Z -0.0511  0.2802 -0.9586

PART 21
OFFSET  18.4256 -1.4926 -7.1997
X  0.4303 -0.8981 -0.0913
Y -0.8619 -0.4388  0.2542
Z -0.2683 -0.0307 -0.9628

PART 22
OFFSET  19.1581 -3.0215 -7.3552
X -0.8440 -0.4782  0.2429
Y -0.4751  0.8767  0.0750
Z -0.2488 -0.0521 -0.9671

PART 23
OFFSET  17.9884 -3.6843 -7.0185
X -0.8529  0.4860  0.1907
Y  0.4615  0.8726 -0.1597
Z -0.2440 -0.0482 -0.9686

PART 24
OFFSET  17.0634 -3.1572 -6.8117
X  0.4231 -0.8990 -0.1127
Y  0.8770  0.4376 -0.1984
Z  0.2276 -0.0149  0.9736

PART 25
OFFSET  17.2702 -2.4358 -4.7022
X  0.9571 -0.2896 -0.0127
Y  0.2772  0.9015  0.3324
Z -0.0848 -0.3217  0.9430

PART 26
OFFSET  18.2773 -1.4206 -5.0711
X  0.9843 -0.1431 -0.1035
Y -0.1692 -0.9323 -0.3196
Z -0.0508  0.3321 -0.9419

PART 27
OFFSET  20.0102 -1.6726 -5.2533
X  0.8549 -0.4378 -0.2783
Y -0.5111 -0.8027 -0.3073
Z -0.0888  0.4049 -0.9100

PART 28
OFFSET  21.0549 -2.2294 -5.5363
X  0.6596 -0.7094 -0.2484
Y -0.7516 -0.6209 -0.2225
Z  0.0036  0.3335 -0.9428

PART 29
OFFSET  21.8000 -3.0307 -5.8169
X  0.4648  0.8853  0.0165
Y -0.8484  0.4400  0.2942
Z  0.2532 -0.1508  0.9556

PART 30
OFFSET  18.4523 -1.3448 -6.1592
X  0.5190 -0.8158 -0.2551
Y -0.7958 -0.5701  0.2040
Z -0.3119  0.0971 -0.9451

PART 31
OFFSET  19.4662 -2.9385 -6.6576
X -0.8233 -0.5145  0.2398
Y -0.4478  0.8483  0.2827
Z -0.3489  0.1254 -0.9287

PART 32
OFFSET  18.2637 -3.6900 -6.3073
X -0.8550  0.3439  0.3882
Y  0.3856  0.9221  0.0323
Z -0.3469  0.1773 -0.9210

PART 33
OFFSET  17.2926 -3.2999 -5.8742
X  0.4315 -0.8640 -0.2594
Y  0.8172  0.4962 -0.2932
Z  0.3821 -0.0855  0.9202

PART 34
OFFSET  17.4520 -2.8950 -7.0244
X -0.1025  0.2331 -0.9670
Y  0.0067  0.9723  0.2337
Z  0.9947  0.0174 -0.1012

PART 35
OFFSET  8.2563 -2.6698 -4.5431
X  1.0000 -0.0000  0.0000
Y  0.0000  1.0000  0.0000
Z  0.0000 -0.0000  1.0000

PART 36
OFFSET  8.2563 -2.6698 -4.5431
X  1.0000 -0.0000  0.0000
Y  0.0000  1.0000  0.0000
Z  0.0000 -0.0000  1.0000

PART 37
OFFSET  13.5569 -2.9515 -2.1857
X  0.9998 -0.0000  0.0204
Y  0.0000  1.0000 -0.0000
Z -0.0204  0.0000  0.9998

PART 38
OFFSET  12.4681 -2.6548 -4.2640
X  1.0000 -0.0000  0.0000
Y  0.0000  1.0000  0.0000
Z  0.0000 -0.0000  1.0000

PART 39
OFFSET  31.8688 -2.6540 -3.4824
X  1.0000 -0.0000  0.0000
Y  0.0000  1.0000  0.0000
Z  0.0000 -0.0000  1.0000

PART 40
OFFSET -0.0481 -2.6698 -8.3466
X  1.0000 -0.0000  0.0000
Y  0.0000  1.0000  0.0000
Z  0.0000 -0.0000  1.0000

PART 41
OFFSET  20.6755 -2.6671 -5.5346
X  1.0000 -0.0000  0.0000
Y  0.0000  1.0000  0.0000
Z  0.0000 -0.0000  1.0000

PART 42
OFFSET  23.3753 -2.6698 -5.6701
X  1.0000 -0.0000  0.0000
Y  0.0000  1.0000  0.0000
Z  0.0000 -0.0000  1.0000

PART 43
OFFSET  27.7795 -2.6698 -5.6701
X  1.0000 -0.0000  0.0000
Y  0.0000  1.0000  0.0000
Z  0.0000 -0.0000  1.0000

PART 44
OFFSET -17.6076 -4.8127 -7.0611
X -0.8933  0.0570  0.4458
Y -0.2146 -0.9256 -0.3117
Z  0.3949 -0.3741  0.8391

PART 45
OFFSET -6.8040 -5.5017 -12.4528
X -0.8818 -0.0897 -0.4630
Y  0.4713 -0.1330 -0.8719
Z  0.0166 -0.9871  0.1595

PART 46
OFFSET  0.6961 -4.7390 -8.5146
X -0.8818 -0.0897 -0.4630
Y  0.4716 -0.1611 -0.8670
Z  0.0031 -0.9829  0.1844

PART 47
OFFSET  1.6239 -3.3379 -7.4464
X -0.8846 -0.0859 -0.4583
Y -0.0209  0.9892 -0.1452
Z  0.4659 -0.1189 -0.8768

PART 48
OFFSET  1.5393 -3.8724 -6.3533
X -0.8846 -0.0859 -0.4583
Y -0.0209  0.9892 -0.1452
Z  0.4659 -0.1189 -0.8768

PART 49
OFFSET  1.7163 -5.2227 -6.2157
X -0.8846 -0.0859 -0.4583
Y -0.0209  0.9892 -0.1452
Z  0.4659 -0.1189 -0.8768

PART 50
OFFSET  3.3994 -4.4641 -7.0951
X -0.9546 -0.1418 -0.2621
Y  0.2850 -0.1775 -0.9420
Z  0.0871 -0.9739  0.2098

PART 51
OFFSET  3.5180 -3.8292 -6.1544
X -0.4986 -0.6783 -0.5397
Y  0.5783  0.2035 -0.7900
Z  0.6457 -0.7060  0.2908

PART 52
OFFSET  4.5003 -2.3465 -4.9270
X -0.9028 -0.3483  0.2521
Y -0.0610 -0.4767 -0.8770
Z  0.4256 -0.8071  0.4091

PART 53
OFFSET  5.9065 -1.7222 -5.4322
X -0.5336 -0.0214  0.8455
Y -0.6557 -0.6209 -0.4295
Z  0.5342 -0.7836  0.3173

PART 54
OFFSET  6.4702 -1.6527 -6.3537
X -0.8721  0.3596  0.3318
Y  0.0986  0.7934 -0.6007
Z -0.4792 -0.4912 -0.7274

PART 55
OFFSET  4.4947 -4.3373 -7.9244
X -0.9338 -0.2716  0.2329
Y  0.3213 -0.9230  0.2116
Z  0.1575  0.2724  0.9492

PART 56
OFFSET  6.5764 -3.5742 -8.3354
X -0.1064 -0.9920  0.0680
Y  0.9470 -0.1219 -0.2972
Z  0.3031  0.0328  0.9524

PART 57
OFFSET  6.7270 -2.1698 -8.4316
X  0.7704 -0.5952 -0.2284
Y  0.5756  0.8034 -0.1522
Z  0.2741 -0.0142  0.9616

PART 58
OFFSET  6.0439 -1.6420 -8.2291
X  0.9043  0.2998 -0.3040
Y -0.2988  0.9530  0.0509
Z  0.3049  0.0448  0.9513

PART 59
OFFSET  5.1848 -1.9269 -7.9403
X -0.5482 -0.8340  0.0630
Y -0.7690  0.5322  0.3543
Z -0.3290  0.1458 -0.9330

PART 60
OFFSET  4.5274 -4.3242 -7.2114
X -0.9690 -0.2439  0.0388
Y  0.2458 -0.9373  0.2469
Z -0.0239  0.2488  0.9683

PART 61
OFFSET  7.0513 -3.7488 -7.4505
X -0.1328 -0.9741  0.1828
Y  0.9405 -0.1821 -0.2870
Z  0.3128  0.1338  0.9403

PART 62
OFFSET  7.2774 -2.0903 -7.7617
X  0.8812 -0.4114 -0.2327
Y  0.3642  0.9048 -0.2204
Z  0.3012  0.1095  0.9472

PART 63
OFFSET  6.0561 -1.5201 -7.4392
X  0.8304  0.4610 -0.3130
Y -0.4723  0.8804  0.0436
Z  0.2956  0.1116  0.9488

PART 64
OFFSET  5.1555 -2.0201 -7.0997
X -0.3960 -0.8751  0.2782
Y -0.8751  0.4514  0.1743
Z -0.2781 -0.1744 -0.9446

PART 65
OFFSET -0.7678 -5.4262 -7.2769
X -0.9291 -0.3699 -0.0061
Y -0.3495  0.8829 -0.3136
Z  0.1213 -0.2892 -0.9496

PART 66
OFFSET  6.9363 -4.1397 -5.2854
X -0.9870 -0.0151 -0.1603
Y -0.0017 -0.9946  0.1040
Z -0.1610  0.1029  0.9816

PART 67
OFFSET  8.6740 -4.1131 -5.0032
X -0.3664 -0.9261  0.0899
Y  0.9173 -0.3433  0.2020
Z -0.1562  0.1565  0.9753

PART 68
OFFSET  9.1099 -2.9777 -5.0533
X  0.0489 -0.9944  0.0936
Y  0.9855  0.0633  0.1577
Z -0.1627  0.0845  0.9830

PART 69
OFFSET  9.0547 -1.8545 -5.1590
X -0.9513  0.2903  0.1037
Y  0.2703  0.9472 -0.1728
Z -0.1484 -0.1363 -0.9795

PART 70
OFFSET  7.1281 -4.1726 -6.3729
X -0.2627 -0.9406  0.2150
Y  0.9570 -0.2824 -0.0663
Z  0.1231  0.1883  0.9744

PART 71
OFFSET  7.6413 -2.3351 -6.7929
X  0.8288 -0.5596 -0.0009
Y  0.5392  0.7990 -0.2664
Z  0.1498  0.2203  0.9639

PART 72
OFFSET  6.4307 -1.5177 -6.7917
X  0.8851  0.3871 -0.2584
Y -0.4386  0.8795 -0.1846
Z  0.1558  0.2767  0.9482

PART 73
OFFSET  5.4269 -1.9575 -6.5058
X -0.4085 -0.8763  0.2554
Y -0.8912  0.4434  0.0957
Z -0.1971 -0.1885 -0.9621

PART 74
OFFSET  0.0000 -0.0000 -0.0000
X  1.0000 -0.0000  0.0000
Y  0.0000  1.0000  0.0000
Z  0.0000 -0.0000  1.0000

PART 75
OFFSET  0.0000 -0.0000 -0.0000
X  1.0000 -0.0000  0.0000
Y  0.0000  1.0000  0.0000
Z  0.0000 -0.0000  1.0000

PART 76
OFFSET  1.5404 -0.0000  4.1357
X  1.0000 -0.0000  0.0000
Y  0.0000  1.0000  0.0000
Z  0.0000 -0.0000  1.0000


FRAME 501
PART 0
OFFSET -4.6318 -0.0000 -1.3770
X  1.0000 -0.0000  0.0000
Y  0.0000  1.0000  0.0000
Z  0.0000 -0.0000  1.0000

PART 1
OFFSET -4.6318 -0.0000 -1.3770
X  1.0000 -0.0000  0.0000
Y  0.0000  1.0000  0.0000
Z  0.0000 -0.0000  1.0000

PART 2
OFFSET -3.5060  6.3408 -6.7125
X  0.8597 -0.0763 -0.5050
Y -0.1034 -0.9943 -0.0258
Z -0.5002  0.0744 -0.8627

PART 3
OFFSET  6.8916  5.4184 -12.8200
X  0.6641 -0.5595  0.4958
Y -0.6638 -0.1363  0.7354
Z -0.3439 -0.8175 -0.4620

PART 4
OFFSET  12.5404  0.6592 -8.6029
X  0.6641 -0.5595  0.4958
Y -0.6948 -0.2172  0.6856
Z -0.2760 -0.7998 -0.5330

PART 5
OFFSET  14.5989  1.4383 -7.6651
X  0.6690 -0.5565  0.4927
Y  0.3516  0.8209  0.4499
Z -0.6549 -0.1278  0.7449

PART 6
OFFSET  13.7963 -0.3340 -9.3607
X  0.6690 -0.5565  0.4927
Y  0.3516  0.8209  0.4499
Z -0.6549 -0.1278  0.7449

PART 7
OFFSET  13.3370  0.5322 -5.9409
X  0.6690 -0.5565  0.4927
Y  0.3516  0.8209  0.4499
Z -0.6549 -0.1278  0.7449

PART 8
OFFSET  12.7493 -0.6907 -6.7366
X  0.6690 -0.5565  0.4927
Y  0.3516  0.8209  0.4499
Z -0.6549 -0.1278  0.7449

PART 9
OFFSET  12.4563 -1.3430 -7.8493
X  0.6690 -0.5565  0.4927
Y  0.3516  0.8209  0.4499
Z -0.6549 -0.1278  0.7449

PART 10
OFFSET  14.5764 -1.0561 -7.0829
X  0.9679 -0.0889  0.2351
Y -0.2501 -0.2452  0.9367
Z -0.0256 -0.9654 -0.2595

PART 11
OFFSET  14.7600 -1.7291 -6.1798
X  0.6019 -0.6854  0.4099
Y -0.5181  0.0555  0.8535
Z -0.6077 -0.7261 -0.3216

PART 12
OFFSET  15.9733 -3.2429 -5.2280
X  0.9506 -0.2155 -0.2235
Y  0.0655 -0.5644  0.8229
Z -0.3035 -0.7969 -0.5224

PART 13
OFFSET  17.4700 -3.6464 -5.6963
X  0.4309  0.1330 -0.8926
Y  0.7554 -0.5943  0.2761
Z -0.4937 -0.7932 -0.3565

PART 14
OFFSET  17.9262 -3.5489 -6.6732
X  0.7908  0.4852 -0.3730
Y -0.0998  0.7035  0.7036
Z  0.6038 -0.5192  0.6048

PART 15
OFFSET  15.6580 -1.0639 -7.9393
X  0.9597 -0.0715 -0.2718
Y -0.0940 -0.9931 -0.0705
Z -0.2649  0.0932 -0.9598

PART 16
OFFSET  17.8414 -1.3600 -8.4189
X  0.4220 -0.9066 -0.0075
Y -0.8545 -0.4005  0.3309
Z -0.3030 -0.1332 -0.9436

PART 17
OFFSET  18.4388 -2.6435 -8.4295
X -0.8115 -0.4953  0.3102
Y -0.5232  0.8522 -0.0080
Z -0.2604 -0.1688 -0.9506

PART 18
OFFSET  17.7193 -3.0826 -8.1545
X -0.9562 -0.0253  0.2916
Y -0.0553  0.9939 -0.0951
Z -0.2874 -0.1071 -0.9518

PART 19
OFFSET  16.8109 -3.1067 -7.8775
X  0.8077 -0.5891 -0.0257
Y  0.5372  0.7531 -0.3798
Z  0.2430  0.2929  0.9247

PART 20
OFFSET  15.7083 -1.1116 -7.2289
X  0.9977 -0.0151 -0.0655
Y -0.0344 -0.9517 -0.3052
Z -0.0577  0.3067 -0.9500

PART 21
OFFSET  18.2909 -1.2453 -7.4950
X  0.4454 -0.8858 -0.1303
Y -0.8482 -0.4641  0.2554
Z -0.2867 -0.0032 -0.9580

PART 22
OFFSET  19.0492 -2.7534 -7.7168
X -0.8084 -0.5387  0.2373
Y -0.5247  0.8422  0.1243
Z -0.2668 -0.0241 -0.9635

PART 23
OFFSET  17.9288 -3.4999 -7.3879
X -0.8862  0.4007  0.2327
Y  0.3820  0.9160 -0.1227
Z -0.2623 -0.0198 -0.9648

PART 24
OFFSET  16.9678 -3.0653 -7.1356
X  0.4949 -0.8525 -0.1680
Y  0.8318  0.5208 -0.1923
Z  0.2514 -0.0446  0.9668

PART 25
OFFSET  17.1494 -2.2368 -5.0100
X  0.9519 -0.3046 -0.0321
Y  0.2959  0.8876  0.3531
Z -0.0791 -0.3456  0.9351

PART 26
OFFSET  18.1688 -1.2285 -5.3638
X  0.9817 -0.1491 -0.1185
Y -0.1809 -0.9250 -0.3342
Z -0.0598  0.3495 -0.9350

PART 27
OFFSET  19.8972 -1.4911 -5.5725
X  0.8536 -0.4305 -0.2933
Y -0.5118 -0.7980 -0.3181
Z -0.0971  0.4217 -0.9015

PART 28
OFFSET  20.9408 -2.0401 -5.8743
X  0.6654 -0.6979 -0.2650
Y -0.7465 -0.6243 -0.2302
Z -0.0048  0.3510 -0.9364

PART 29
OFFSET  21.6923 -2.8284 -6.1737
X  0.4559  0.8895  0.0307
Y -0.8513  0.4257  0.3068
Z  0.2598 -0.1660  0.9513

PART 30
OFFSET  18.3322 -1.1262 -6.4516
X  0.5261 -0.8004 -0.2875
Y -0.7878 -0.5860  0.1898
Z -0.3204  0.1267 -0.9388

PART 31
OFFSET  19.3599 -2.6898 -7.0133
X -0.7900 -0.5756  0.2109
Y -0.4978  0.8031  0.3274
Z -0.3579  0.1537 -0.9210

PART 32
OFFSET  18.2060 -3.5306 -6.7052
X -0.8830  0.2413  0.4025
Y  0.3023  0.9485  0.0945
Z -0.3590  0.2051 -0.9105

PART 33
OFFSET  17.2031 -3.2565 -6.2558
X  0.5070 -0.8040 -0.3108
Y  0.7707  0.5843 -0.2541
Z  0.3859 -0.1107  0.9159

PART 34
OFFSET  17.2963 -2.6361 -7.3457
X -0.1099  0.2608 -0.9591
Y  0.0256  0.9654  0.2595
Z  0.9936  0.0040 -0.1128

PART 35
OFFSET  8.2541 -2.7122 -4.6262
X  1.0000  0.0030 -0.0045
Y -0.0029  1.0000  0.0015
Z  0.0045 -0.0015  1.0000

PART 36
OFFSET  8.2541 -2.7122 -4.6262
X  1.0000  0.0030 -0.0045
Y -0.0029  1.0000  0.0015
Z  0.0045 -0.0015  1.0000

PART 37
OFFSET  13.5662 -2.9816 -2.2933
X  0.9999  0.0029  0.0159
Y -0.0029  1.0000  0.0015
Z -0.0159 -0.0015  0.9999

PART 38
OFFSET  12.4671 -2.6851 -4.3662
X  1.0000  0.0030 -0.0045
Y -0.0029  1.0000  0.0015
Z  0.0045 -0.0015  1.0000

PART 39
OFFSET  31.8710 -2.6282 -3.6726
X  1.0000  0.0030 -0.0045
Y -0.0029  1.0000  0.0015
Z  0.0045 -0.0015  1.0000

PART 40
OFFSET -0.0675 -2.7312 -8.3920
X  1.0000  0.0030 -0.0045
Y -0.0029  1.0000  0.0015
Z  0.0045 -0.0015  1.0000

PART 41
OFFSET  20.6686 -2.6713 -5.6741
X  1.0000  0.0030 -0.0045
Y -0.0029  1.0000  0.0015
Z  0.0045 -0.0015  1.0000

PART 42
OFFSET  23.3678 -2.6658 -5.8218
X  1.0000  0.0030 -0.0045
Y -0.0029  1.0000  0.0015
Z  0.0045 -0.0015  1.0000

PART 43
OFFSET  27.7719 -2.6528 -5.8418
X  1.0000  0.0030 -0.0045
Y -0.0029  1.0000  0.0015
Z  0.0045 -0.0015  1.0000

PART 44
OFFSET -17.5622 -4.8127 -7.1043
X -0.8905  0.0587  0.4512
Y -0.2194 -0.9241 -0.3129
Z  0.3985 -0.3776  0.8358

PART 45
OFFSET -6.7924 -5.5228 -12.5605
X -0.8801 -0.0869 -0.4668
Y  0.4746 -0.1314 -0.8703
Z  0.0143 -0.9875  0.1569

PART 46
OFFSET  0.6929 -4.7836 -8.5899
X -0.8801 -0.0869 -0.4668
Y  0.4748 -0.1567 -0.8660
Z  0.0021 -0.9838  0.1792

PART 47
OFFSET  1.6188 -3.3869 -7.5142
X -0.8829 -0.0832 -0.4622
Y -0.0186  0.9896 -0.1425
Z  0.4692 -0.1172 -0.8753

PART 48
OFFSET  1.5289 -3.9243 -6.4229
X -0.8829 -0.0832 -0.4622
Y -0.0186  0.9896 -0.1425
Z  0.4692 -0.1172 -0.8753

PART 49
OFFSET  1.7031 -5.2753 -6.2883
X -0.8829 -0.0832 -0.4622
Y -0.0186  0.9896 -0.1425
Z  0.4692 -0.1172 -0.8753

PART 50
OFFSET  3.3910 -4.5171 -7.1588
X -0.9553 -0.1442 -0.2580
Y  0.2812 -0.1753 -0.9435
Z  0.0909 -0.9739  0.2080

PART 51
OFFSET  3.5120 -3.8832 -6.2177
X -0.4991 -0.6790 -0.5384
Y  0.5741  0.2064 -0.7924
Z  0.6491 -0.7045  0.2868

PART 52
OFFSET  4.4955 -2.3994 -4.9926
X -0.9007 -0.3513  0.2557
Y -0.0636 -0.4756 -0.8774
Z  0.4299 -0.8065  0.4060

PART 53
OFFSET  5.8975 -1.7702 -5.5032
X -0.5297 -0.0242  0.8479
Y -0.6558 -0.6222 -0.4275
Z  0.5379 -0.7824  0.3137

PART 54
OFFSET  6.4568 -1.6977 -6.4272
X -0.8717  0.3565  0.3363
Y  0.0935  0.7945 -0.6000
Z -0.4811 -0.4915 -0.7259

PART 55
OFFSET  4.4821 -4.3859 -7.9928
X -0.9319 -0.2747  0.2367
Y  0.3249 -0.9224  0.2088
Z  0.1610  0.2715  0.9489

PART 56
OFFSET  6.5596 -3.6160 -8.4121
X -0.1032 -0.9924  0.0670
Y  0.9460 -0.1187 -0.3017
Z  0.3073  0.0323  0.9511

PART 57
OFFSET  6.7057 -2.2110 -8.5070
X  0.7711 -0.5926 -0.2328
Y  0.5725  0.8054 -0.1536
Z  0.2785 -0.0148  0.9603

PART 58
OFFSET  6.0220 -1.6856 -8.3006
X  0.9020  0.3029 -0.3077
Y -0.3014  0.9520  0.0537
Z  0.3091  0.0443  0.9500

PART 59
OFFSET  5.1651 -1.9734 -8.0084
X -0.5454 -0.8357  0.0642
Y -0.7689  0.5294  0.3585
Z -0.3336  0.1461 -0.9313

PART 60
OFFSET  4.5180 -4.3737 -7.2800
X -0.9681 -0.2468  0.0428
Y  0.2497 -0.9370  0.2444
Z -0.0202  0.2473  0.9687

PART 61
OFFSET  7.0391 -3.7905 -7.5297
X -0.1291 -0.9748  0.1820
Y  0.9397 -0.1789 -0.2915
Z  0.3167  0.1334  0.9391

PART 62
OFFSET  7.2589 -2.1309 -7.8395
X  0.8814 -0.4085 -0.2373
Y  0.3606  0.9062 -0.2207
Z  0.3052  0.1090  0.9460

PART 63
OFFSET  6.0374 -1.5648 -7.5106
X  0.8276  0.4639 -0.3161
Y -0.4747  0.8789  0.0470
Z  0.2996  0.1111  0.9476

PART 64
OFFSET  5.1399 -2.0679 -7.1678
X -0.3922 -0.8767  0.2787
Y -0.8756  0.4486  0.1789
Z -0.2819 -0.1739 -0.9436

PART 65
OFFSET -0.7742 -5.4912 -7.3231
X -0.9280 -0.3726 -0.0024
Y -0.3535  0.8823 -0.3107
Z  0.1179 -0.2874 -0.9505

PART 66
OFFSET  6.9351 -4.1849 -5.3647
X -0.9876 -0.0178 -0.1558
Y  0.0017 -0.9947  0.1025
Z -0.1568  0.1010  0.9824

PART 67
OFFSET  8.6739 -4.1535 -5.0904
X -0.3633 -0.9273  0.0902
Y  0.9192 -0.3409  0.1973
Z -0.1522  0.1546  0.9762

PART 68
OFFSET  9.1063 -3.0168 -5.1407
X  0.0523 -0.9944  0.0919
Y  0.9860  0.0660  0.1533
Z -0.1585  0.0826  0.9839

PART 69
OFFSET  9.0473 -1.8936 -5.2445
X -0.9517  0.2874  0.1084
Y  0.2667  0.9482 -0.1726
Z -0.1524 -0.1353 -0.9790

PART 70
OFFSET  7.1220 -4.2157 -6.4531
X -0.2589 -0.9417  0.2148
Y  0.9575 -0.2795 -0.0711
Z  0.1270  0.1873  0.9741

PART 71
OFFSET  7.6279 -2.3760 -6.8728
X  0.8304 -0.5571 -0.0055
Y  0.5356  0.8009 -0.2677
Z  0.1535  0.2193  0.9635

PART 72
OFFSET  6.4150 -1.5622 -6.8648
X  0.8828  0.3901 -0.2618
Y -0.4420  0.8785 -0.1813
Z  0.1593  0.2758  0.9479

PART 73
OFFSET  5.4137 -2.0054 -6.5750
X -0.4048 -0.8779  0.2560
Y -0.8921  0.4406  0.1004
Z -0.2009 -0.1877 -0.9615

PART 74
OFFSET  0.0000 -0.0000 -0.0000
X  1.0000 -0.0000  0.0000
Y  0.0000  1.0000  0.0000
Z  0.0000 -0.0000  1.0000

PART 75
OFFSET  0.0000 -0.0000 -0.0000
X  1.0000 -0.0002  0.0006
Y  0.0002  1.0000 -0.0001
Z -0.0006  0.0001  1.0000

PART 76
OFFSET  1.5379  0.0003  4.1367
X  1.0000 -0.0002  0.0006
Y  0.0002  1.0000 -0.0001
Z -0.0006  0.0001  1.0000


FRAME 502
PART 0
OFFSET -4.6318 -0.0000 -1.3770
X  1.0000 -0.0000  0.0000
Y  0.0000  1.0000  0.0000
Z  0.0000 -0.0000  1.0000

PART 1
OFFSET -4.6318 -0.0000 -1.3770
X  1.0000 -0.0000  0.0000
Y  0.0000  1.0000  0.0000
Z  0.0000 -0.0000  1.0000

PART 2
OFFSET -3.5060  6.3408 -6.7125
X  0.8584  0.0366 -0.5117
Y -0.0616 -0.9829 -0.1737
Z -0.5093  0.1806 -0.8414

PART 3
OFFSET  6.8751  6.7837 -12.9012
X  0.6366 -0.6181  0.4613
Y -0.7050 -0.2239  0.6729
Z -0.3126 -0.7536 -0.5783

PART 4
OFFSET  12.2894  1.5268 -8.9779
X  0.6366 -0.6181  0.4613
Y -0.7057 -0.2255  0.6717
Z -0.3111 -0.7531 -0.5797

PART 5
OFFSET  14.2861  2.1791 -7.8325
X  0.6416 -0.6147  0.4588
Y  0.3210  0.7584  0.5673
Z -0.6967 -0.2167  0.6839

PART 6
OFFSET  13.5919  0.6309 -9.7772
X  0.6416 -0.6147  0.4588
Y  0.3210  0.7584  0.5673
Z -0.6967 -0.2167  0.6839

PART 7
OFFSET  12.9298  1.0712 -6.3097
X  0.6416 -0.6147  0.4588
Y  0.3210  0.7584  0.5673
Z -0.6967 -0.2167  0.6839

PART 8
OFFSET  12.3951 -0.0430 -7.2827
X  0.6416 -0.6147  0.4588
Y  0.3210  0.7584  0.5673
Z -0.6967 -0.2167  0.6839

PART 9
OFFSET  12.1705 -0.5527 -8.4824
X  0.6416 -0.6147  0.4588
Y  0.3210  0.7584  0.5673
Z -0.6967 -0.2167  0.6839

PART 10
OFFSET  14.2409 -0.3680 -7.5638
X  0.9684 -0.1490  0.1997
Y -0.2368 -0.3003  0.9240
Z -0.0777 -0.9421 -0.3261

PART 11
OFFSET  14.4161 -1.1116 -6.7161
X  0.5298 -0.7500  0.3959
Y -0.5347  0.0668  0.8424
Z -0.6583 -0.6580 -0.3657

PART 12
OFFSET  15.4695 -2.7601 -5.7982
X  0.9311 -0.3456 -0.1163
Y -0.1024 -0.5540  0.8262
Z -0.3500 -0.7574 -0.5512

PART 13
OFFSET  16.9396 -3.3698 -6.0970
X  0.6659 -0.0962 -0.7399
Y  0.5030 -0.6745  0.5404
Z -0.5510 -0.7320 -0.4007

PART 14
OFFSET  17.6430 -3.5189 -6.9062
X  0.9491  0.2602 -0.1774
Y -0.1165  0.8134  0.5699
Z  0.2926 -0.5202  0.8024

PART 15
OFFSET  15.2982 -0.3630 -8.4501
X  0.9443 -0.0923 -0.3158
Y -0.1488 -0.9759 -0.1597
Z -0.2935  0.1978 -0.9353

PART 16
OFFSET  17.4444 -0.7190 -9.0430
X  0.4626 -0.8790 -0.1152
Y -0.8164 -0.4730  0.3313
Z -0.3457 -0.0592 -0.9365

PART 17
OFFSET  18.0994 -1.9635 -9.2062
X -0.7018 -0.6522  0.2864
Y -0.6452  0.7524  0.1325
Z -0.3019 -0.0918 -0.9489

PART 18
OFFSET  17.4771 -2.5418 -8.9522
X -0.9055 -0.2600  0.3353
Y -0.2564  0.9650  0.0557
Z -0.3380 -0.0355 -0.9405

PART 19
OFFSET  16.6168 -2.7888 -8.6337
X  0.9025 -0.4018 -0.1554
Y  0.3464  0.8913 -0.2926
Z  0.2560  0.2102  0.9435

PART 20
OFFSET  15.3647 -0.4638 -7.7465
X  0.9939 -0.0553 -0.0957
Y -0.0871 -0.9248 -0.3703
Z -0.0680  0.3764 -0.9240

PART 21
OFFSET  17.9305 -0.6940 -8.0963
X  0.4807 -0.8453 -0.2331
Y -0.8125 -0.5294  0.2441
Z -0.3298  0.0720 -0.9413

PART 22
OFFSET  18.7490 -2.1332 -8.4932
X -0.7024 -0.6858  0.1904
Y -0.6412  0.7258  0.2492
Z -0.3091  0.0529 -0.9496

PART 23
OFFSET  17.7755 -3.0837 -8.2293
X -0.9380  0.1535  0.3107
Y  0.1640  0.9864  0.0075
Z -0.3053  0.0580 -0.9505

PART 24
OFFSET  16.7581 -2.9172 -7.8923
X  0.6599 -0.6864 -0.3056
Y  0.6849  0.7167 -0.1311
Z  0.3090 -0.1228  0.9431

PART 25
OFFSET  16.8087 -1.8091 -5.6557
X  0.9354 -0.3441 -0.0814
Y  0.3465  0.8457  0.4059
Z -0.0708 -0.4079  0.9103

PART 26
OFFSET  17.8648 -0.8250 -5.9674
X  0.9739 -0.1655 -0.1551
Y -0.2128 -0.9032 -0.3727
Z -0.0784  0.3960 -0.9149

PART 27
OFFSET  19.5796 -1.1165 -6.2404
X  0.8501 -0.4114 -0.3288
Y -0.5142 -0.7833 -0.3494
Z -0.1138  0.4660 -0.8774

PART 28
OFFSET  20.6200 -1.6449 -6.5868
X  0.6800 -0.6667 -0.3052
Y -0.7329 -0.6304 -0.2559
Z -0.0218  0.3977 -0.9173

PART 29
OFFSET  21.3880 -2.3980 -6.9315
X  0.4341  0.8980  0.0723
Y -0.8587  0.3882  0.3345
Z  0.2723 -0.2073  0.9396

PART 30
OFFSET  18.0045 -0.6524 -7.0496
X  0.5432 -0.7550 -0.3674
Y -0.7694 -0.6228  0.1423
Z -0.3362  0.2054 -0.9191

PART 31
OFFSET  19.0657 -2.1273 -7.7673
X -0.6901 -0.7160  0.1056
Y -0.6190  0.6595  0.4264
Z -0.3749  0.2289 -0.8984

PART 32
OFFSET  18.0577 -3.1730 -7.6131
X -0.9203 -0.0385  0.3893
Y  0.0741  0.9600  0.2701
Z -0.3841  0.2774 -0.8806

PART 33
OFFSET  17.0126 -3.2153 -7.1786
X  0.6829 -0.6014 -0.4147
Y  0.6187  0.7780 -0.1094
Z  0.3885 -0.1819  0.9033

PART 34
OFFSET  16.8757 -2.0460 -8.0171
X -0.1226  0.3336 -0.9347
Y  0.0777  0.9421  0.3261
Z  0.9894 -0.0327 -0.1414

PART 35
OFFSET  8.2504 -2.8197 -4.8312
X  0.9999  0.0103 -0.0130
Y -0.0102  0.9999  0.0059
Z  0.0131 -0.0058  0.9999

PART 36
OFFSET  8.2504 -2.8197 -4.8312
X  0.9999  0.0103 -0.0130
Y -0.0102  0.9999  0.0059
Z  0.0131 -0.0058  0.9999

PART 37
OFFSET  13.5840 -3.0606 -2.5448
X  0.9999  0.0101  0.0074
Y -0.0102  0.9999  0.0059
Z -0.0073 -0.0060  1.0000

PART 38
OFFSET  12.4651 -2.7631 -4.6070
X  0.9999  0.0103 -0.0130
Y -0.0102  0.9999  0.0059
Z  0.0131 -0.0058  0.9999

PART 39
OFFSET  31.8734 -2.5678 -4.0784
X  0.9999  0.0103 -0.0130
Y -0.0102  0.9999  0.0059
Z  0.0131 -0.0058  0.9999

PART 40
OFFSET -0.1027 -2.8830 -8.5261
X  0.9999  0.0103 -0.0130
Y -0.0102  0.9999  0.0059
Z  0.0131 -0.0058  0.9999

PART 41
OFFSET  20.6549 -2.6839 -5.9846
X  0.9999  0.0103 -0.0130
Y -0.0102  0.9999  0.0059
Z  0.0131 -0.0058  0.9999

PART 42
OFFSET  23.3525 -2.6581 -6.1552
X  0.9999  0.0103 -0.0130
Y -0.0102  0.9999  0.0059
Z  0.0131 -0.0058  0.9999

PART 43
OFFSET  27.7562 -2.6129 -6.2126
X  0.9999  0.0103 -0.0130
Y -0.0102  0.9999  0.0059
Z  0.0131 -0.0058  0.9999

PART 44
OFFSET -17.4319 -4.8127 -7.2283
X -0.8833  0.0629  0.4646
Y -0.2316 -0.9202 -0.3157
Z  0.4077 -0.3865  0.8273

PART 45
OFFSET -6.7498 -5.5737 -12.8476
X -0.8754 -0.0799 -0.4768
Y  0.4834 -0.1273 -0.8661
Z  0.0085 -0.9886  0.1501

PART 46
OFFSET  0.6954 -4.8940 -8.7920
X -0.8754 -0.0799 -0.4768
Y  0.4835 -0.1454 -0.8632
Z -0.0003 -0.9861  0.1659

PART 47
OFFSET  1.6155 -3.5089 -7.6967
X -0.8782 -0.0762 -0.4722
Y -0.0129  0.9907 -0.1358
Z  0.4781 -0.1132 -0.8710

PART 48
OFFSET  1.5116 -4.0535 -6.6102
X -0.8782 -0.0762 -0.4722
Y -0.0129  0.9907 -0.1358
Z  0.4781 -0.1132 -0.8710

PART 49
OFFSET  1.6787 -5.4061 -6.4832
X -0.8782 -0.0762 -0.4722
Y -0.0129  0.9907 -0.1358
Z  0.4781 -0.1132 -0.8710

PART 50
OFFSET  3.3790 -4.6490 -7.3302
X -0.9564 -0.1501 -0.2505
Y  0.2744 -0.1691 -0.9466
Z  0.0997 -0.9741  0.2029

PART 51
OFFSET  3.5035 -4.0184 -6.3874
X -0.4987 -0.6803 -0.5371
Y  0.5658  0.2140 -0.7963
Z  0.6566 -0.7010  0.2782

PART 52
OFFSET  4.4866 -2.5327 -5.1643
X -0.8959 -0.3590  0.2618
Y -0.0676 -0.4722 -0.8789
Z  0.4392 -0.8051  0.3988

PART 53
OFFSET  5.8797 -1.8912 -5.6840
X -0.5222 -0.0317  0.8522
Y -0.6549 -0.6252 -0.4246
Z  0.5462 -0.7799  0.3057

PART 54
OFFSET  6.4305 -1.8106 -6.6123
X -0.8713  0.3487  0.3452
Y  0.0826  0.7978 -0.5972
Z -0.4837 -0.4919 -0.7239

PART 55
OFFSET  4.4620 -4.5063 -8.1729
X -0.9279 -0.2825  0.2435
Y  0.3334 -0.9209  0.2020
Z  0.1671  0.2686  0.9487

PART 56
OFFSET  6.5302 -3.7195 -8.6065
X -0.0954 -0.9934  0.0635
Y  0.9442 -0.1105 -0.3102
Z  0.3152  0.0304  0.9485

PART 57
OFFSET  6.6653 -2.3130 -8.6965
X  0.7734 -0.5860 -0.2419
Y  0.5653  0.8102 -0.1550
Z  0.2868 -0.0169  0.9578

PART 58
OFFSET  5.9796 -1.7935 -8.4820
X  0.8971  0.3108 -0.3140
Y -0.3078  0.9495  0.0604
Z  0.3169  0.0425  0.9475

PART 59
OFFSET  5.1273 -2.0888 -8.1837
X -0.5388 -0.8399  0.0652
Y -0.7696  0.5222  0.3674
Z -0.3426  0.1477 -0.9278

PART 60
OFFSET  4.5039 -4.4969 -7.4604
X -0.9659 -0.2541  0.0500
Y  0.2586 -0.9362  0.2382
Z -0.0137  0.2430  0.9699

PART 61
OFFSET  7.0185 -3.8943 -7.7290
X -0.1205 -0.9765  0.1788
Y  0.9384 -0.1708 -0.3003
Z  0.3238  0.1316  0.9369

PART 62
OFFSET  7.2236 -2.2318 -8.0333
X  0.8823 -0.4010 -0.2466
Y  0.3521  0.9098 -0.2198
Z  0.3125  0.1071  0.9439

PART 63
OFFSET  6.0009 -1.6760 -7.6916
X  0.8215  0.4713 -0.3211
Y -0.4806  0.8752  0.0549
Z  0.3069  0.1092  0.9455

PART 64
OFFSET  5.1100 -2.1871 -7.3433
X -0.3834 -0.8807  0.2782
Y -0.8773  0.4414  0.1884
Z -0.2887 -0.1718 -0.9419

PART 65
OFFSET -0.7802 -5.6527 -7.4634
X -0.9252 -0.3794  0.0039
Y -0.3625  0.8811 -0.3038
Z  0.1118 -0.2825 -0.9527

PART 66
OFFSET  6.9358 -4.2988 -5.5649
X -0.9888 -0.0243 -0.1475
Y  0.0098 -0.9951  0.0982
Z -0.1492  0.0956  0.9842

PART 67
OFFSET  8.6767 -4.2560 -5.3053
X -0.3557 -0.9303  0.0892
Y  0.9233 -0.3350  0.1880
Z -0.1450  0.1492  0.9781

PART 68
OFFSET  9.1004 -3.1159 -5.3543
X  0.0602 -0.9944  0.0871
Y  0.9867  0.0725  0.1452
Z -0.1507  0.0772  0.9856

PART 69
OFFSET  9.0323 -1.9928 -5.4527
X -0.9528  0.2800  0.1178
Y  0.2583  0.9509 -0.1707
Z -0.1598 -0.1322 -0.9783

PART 70
OFFSET  7.1137 -4.3235 -6.6550
X -0.2503 -0.9445  0.2129
Y  0.9589 -0.2722 -0.0804
Z  0.1339  0.1840  0.9738

PART 71
OFFSET  7.6026 -2.4784 -7.0709
X  0.8343 -0.5510 -0.0150
Y  0.5275  0.8060 -0.2687
Z  0.1601  0.2163  0.9631

PART 72
OFFSET  6.3839 -1.6735 -7.0490
X  0.8776  0.3976 -0.2676
Y -0.4499  0.8760 -0.1737
Z  0.1654  0.2728  0.9477

PART 73
OFFSET  5.3884 -2.1252 -6.7527
X -0.3962 -0.8819  0.2556
Y -0.8944  0.4337  0.1099
Z -0.2078 -0.1850 -0.9605

PART 74
OFFSET  0.0000 -0.0000 -0.0000
X  1.0000 -0.0000  0.0000
Y  0.0000  1.0000  0.0000
Z  0.0000 -0.0000  1.0000

PART 75
OFFSET  0.0000 -0.0000 -0.0000
X  1.0000 -0.0008  0.0023
Y  0.0008  1.0000 -0.0006
Z -0.0023  0.0006  1.0000

PART 76
OFFSET  1.5308  0.0011  4.1393
X  1.0000 -0.0008  0.0023
Y  0.0008  1.0000 -0.0006
Z -0.0023  0.0006  1.0000


FRAME 503
PART 0
OFFSET -4.6318 -0.0000 -1.3770
X  1.0000 -0.0000  0.0000
Y  0.0000  1.0000  0.0000
Z  0.0000 -0.0000  1.0000

PART 1
OFFSET -4.6318 -0.0000 -1.3770
X  1.0000 -0.0000  0.0000
Y  0.0000  1.0000  0.0000
Z  0.0000 -0.0000  1.0000

PART 2
OFFSET -3.5060  6.3408 -6.7125
X  0.8601  0.1782 -0.4780
Y -0.0100 -0.9309 -0.3652
Z -0.5100  0.3189 -0.7989

PART 3
OFFSET  6.8961  8.4961 -12.4929
X  0.5938 -0.6994  0.3977
Y -0.7584 -0.3215  0.5669
Z -0.2686 -0.6383 -0.7214

PART 4
OFFSET  11.9469  2.5474 -9.1099
X  0.5938 -0.6994  0.3977
Y -0.7155 -0.2329  0.6587
Z -0.3680 -0.6757 -0.6387

PART 5
OFFSET  13.8476  2.9576 -7.7158
X  0.5990 -0.6958  0.3963
Y  0.2779  0.6448  0.7120
Z -0.7510 -0.3164  0.5796

PART 6
OFFSET  13.3052  1.7757 -9.9450
X  0.5990 -0.6958  0.3963
Y  0.2779  0.6448  0.7120
Z -0.7510 -0.3164  0.5796

PART 7
OFFSET  12.3664  1.6331 -6.5165
X  0.5990 -0.6958  0.3963
Y  0.2779  0.6448  0.7120
Z -0.7510 -0.3164  0.5796

PART 8
OFFSET  11.9066  0.7107 -7.7048
X  0.5990 -0.6958  0.3963
Y  0.2779  0.6448  0.7120
Z -0.7510 -0.3164  0.5796

PART 9
OFFSET  11.7774  0.4166 -8.9878
X  0.5990 -0.6958  0.3963
Y  0.2779  0.6448  0.7120
Z -0.7510 -0.3164  0.5796

PART 10
OFFSET  13.7674  0.4032 -7.8905
X  0.9599 -0.2361  0.1514
Y -0.2337 -0.3748  0.8972
Z -0.1550 -0.8966 -0.4149

PART 11
OFFSET  13.9100 -0.4328 -7.1269
X  0.4325 -0.8127  0.3905
Y -0.5555  0.1009  0.8253
Z -0.7101 -0.5739 -0.4078

PART 12
OFFSET  14.7484 -2.2083 -6.2246
X  0.8668 -0.4985  0.0080
Y -0.2915 -0.4936  0.8194
Z -0.4045 -0.7126 -0.5732

PART 13
OFFSET  16.1199 -3.0635 -6.3247
X  0.7830 -0.3946 -0.4808
Y  0.1441 -0.6368  0.7574
Z -0.6051 -0.6624 -0.4418

PART 14
OFFSET  16.9414 -3.5313 -6.8520
X  0.9964  0.0029  0.0849
Y -0.0357  0.9216  0.3866
Z -0.0771 -0.3882  0.9183

PART 15
OFFSET  14.7985  0.4236 -8.8069
X  0.9209 -0.1196 -0.3710
Y -0.2340 -0.9309 -0.2806
Z -0.3117  0.3453 -0.8852

PART 16
OFFSET  16.8844 -0.0097 -9.5459
X  0.5086 -0.8186 -0.2667
Y -0.7618 -0.5723  0.3036
Z -0.4012  0.0488 -0.9147

PART 17
OFFSET  17.6045 -1.1687 -9.9235
X -0.5198 -0.8353  0.1790
Y -0.7765  0.5493  0.3088
Z -0.3562  0.0215 -0.9341

PART 18
OFFSET  17.1436 -1.9093 -9.7648
X -0.7635 -0.5743  0.2954
Y -0.5049  0.8160  0.2813
Z -0.4026  0.0656 -0.9130

PART 19
OFFSET  16.4183 -2.4549 -9.4842
X  0.9592 -0.0825 -0.2705
Y  0.0593  0.9939 -0.0931
Z  0.2765  0.0733  0.9582

PART 20
OFFSET  14.8760  0.2478 -8.1194
X  0.9843 -0.1150 -0.1339
Y -0.1643 -0.8742 -0.4569
Z -0.0646  0.4717 -0.8794

PART 21
OFFSET  17.4082 -0.1252 -8.5749
X  0.5218 -0.7680 -0.3715
Y -0.7657 -0.6136  0.1930
Z -0.3761  0.1837 -0.9082

PART 22
OFFSET  18.2965 -1.4326 -9.2072
X -0.5305 -0.8462  0.0502
Y -0.7700  0.5058  0.3890
Z -0.3545  0.1677 -0.9199

PART 23
OFFSET  17.5613 -2.6054 -9.1377
X -0.9247 -0.2169  0.3129
Y -0.1452  0.9606  0.2368
Z -0.3520  0.1735 -0.9198

PART 24
OFFSET  16.5584 -2.8407 -8.7983
X  0.8232 -0.3625 -0.4369
Y  0.4262  0.9030  0.0539
Z  0.3750 -0.2306  0.8979

PART 25
OFFSET  16.2722 -1.4001 -6.2216
X  0.9052 -0.3989 -0.1464
Y  0.4180  0.7739  0.4757
Z -0.0765 -0.4918  0.8673

PART 26
OFFSET  17.3889 -0.4661 -6.4696
X  0.9614 -0.1901 -0.1991
Y -0.2596 -0.8666 -0.4261
Z -0.0916  0.4613 -0.8825

PART 27
OFFSET  19.0816 -0.8007 -6.8202
X  0.8463 -0.3856 -0.3677
Y -0.5181 -0.7565 -0.3991
Z -0.1242  0.5282 -0.8400

PART 28
OFFSET  20.1179 -1.3016 -7.2162
X  0.7001 -0.6219 -0.3509
Y -0.7133 -0.6316 -0.3038
Z -0.0327  0.4630 -0.8857

PART 29
OFFSET  20.9087 -2.0040 -7.6125
X  0.4068  0.9028  0.1394
Y -0.8704  0.3368  0.3592
Z  0.2773 -0.2674  0.9228

PART 30
OFFSET  17.5123 -0.1951 -7.5335
X  0.5669 -0.6817 -0.4624
Y -0.7497 -0.6596  0.0533
Z -0.3414  0.3165 -0.8850

PART 31
OFFSET  18.6198 -1.5269 -8.4369
X -0.5214 -0.8477 -0.0982
Y -0.7632  0.4117  0.4980
Z -0.3817  0.3346 -0.8616

PART 32
OFFSET  17.8582 -2.7651 -8.5804
X -0.8803 -0.4094  0.2397
Y -0.2520  0.8316  0.4949
Z -0.4019  0.3753 -0.8352

PART 33
OFFSET  16.8585 -3.2266 -8.3152
X  0.8616 -0.2413 -0.4465
Y  0.3428  0.9254  0.1616
Z  0.3742 -0.2923  0.8801

PART 34
OFFSET  16.2594 -1.4011 -8.5957
X -0.1224  0.4342 -0.8925
Y  0.1550  0.8966  0.4149
Z  0.9803 -0.0876 -0.1770

PART 35
OFFSET  8.2488 -2.9631 -5.0916
X  0.9996  0.0196 -0.0178
Y -0.0193  0.9997  0.0133
Z  0.0181 -0.0129  0.9998

PART 36
OFFSET  8.2488 -2.9631 -5.0916
X  0.9996  0.0196 -0.0178
Y -0.0193  0.9997  0.0133
Z  0.0181 -0.0129  0.9998

PART 37
OFFSET  13.5957 -3.1716 -2.8330
X  0.9998  0.0193  0.0026
Y -0.0193  0.9997  0.0133
Z -0.0023 -0.0133  0.9999

PART 38
OFFSET  12.4639 -2.8694 -4.8875
X  0.9996  0.0196 -0.0178
Y -0.0193  0.9997  0.0133
Z  0.0181 -0.0129  0.9998

PART 39
OFFSET  31.8719 -2.4992 -4.4520
X  0.9996  0.0196 -0.0178
Y -0.0193  0.9997  0.0133
Z  0.0181 -0.0129  0.9998

PART 40
OFFSET -0.1215 -3.0763 -8.7461
X  0.9996  0.0196 -0.0178
Y -0.0193  0.9997  0.0133
Z  0.0181 -0.0129  0.9998

PART 41
OFFSET  20.6457 -2.7047 -6.3043
X  0.9996  0.0196 -0.0178
Y -0.0193  0.9997  0.0133
Z  0.0181 -0.0129  0.9998

PART 42
OFFSET  23.3422 -2.6528 -6.4879
X  0.9996  0.0196 -0.0178
Y -0.0193  0.9997  0.0133
Z  0.0181 -0.0129  0.9998

PART 43
OFFSET  27.7448 -2.5666 -6.5664
X  0.9996  0.0196 -0.0178
Y -0.0193  0.9997  0.0133
Z  0.0181 -0.0129  0.9998

PART 44
OFFSET -17.2257 -4.8127 -7.4246
X -0.8732  0.0681  0.4826
Y -0.2478 -0.9147 -0.3192
Z  0.4197 -0.3983  0.8156

PART 45
OFFSET -6.6653 -5.6362 -13.2610
X -0.8683 -0.0706 -0.4909
Y  0.4960 -0.1221 -0.8597
Z  0.0008 -0.9900  0.1411

PART 46
OFFSET  0.7201 -5.0355 -9.0853
X -0.8683 -0.0706 -0.4909
Y  0.4960 -0.1300 -0.8585
Z -0.0032 -0.9890  0.1480

PART 47
OFFSET  1.6308 -3.6656 -7.9632
X -0.8712 -0.0669 -0.4863
Y -0.0054  0.9919 -0.1268
Z  0.4908 -0.1079 -0.8645

PART 48
OFFSET  1.5072 -4.2194 -6.8836
X -0.8712 -0.0669 -0.4863
Y -0.0054  0.9919 -0.1268
Z  0.4908 -0.1079 -0.8645

PART 49
OFFSET  1.6649 -5.5741 -6.7665
X -0.8712 -0.0669 -0.4863
Y -0.0054  0.9919 -0.1268
Z  0.4908 -0.1079 -0.8645

PART 50
OFFSET  3.3822 -4.8189 -7.5803
X -0.9562 -0.1570 -0.2469
Y  0.2713 -0.1596 -0.9492
Z  0.1096 -0.9746  0.1953

PART 51
OFFSET  3.5055 -4.1941 -6.6334
X -0.4951 -0.6809 -0.5397
Y  0.5599  0.2250 -0.7974
Z  0.6644 -0.6970  0.2698

PART 52
OFFSET  4.4810 -2.7084 -5.4042
X -0.8912 -0.3691  0.2635
Y -0.0676 -0.4664 -0.8820
Z  0.4485 -0.8039  0.3907

PART 53
OFFSET  5.8655 -2.0503 -5.9260
X -0.5177 -0.0428  0.8545
Y -0.6512 -0.6280 -0.4260
Z  0.5549 -0.7770  0.2973

PART 54
OFFSET  6.4110 -1.9578 -6.8564
X -0.8728  0.3381  0.3520
Y  0.0723  0.8029 -0.5918
Z -0.4827 -0.4910 -0.7252

PART 55
OFFSET  4.4597 -4.6600 -8.4272
X -0.9240 -0.2928  0.2459
Y  0.3428 -0.9192  0.1936
Z  0.1694  0.2631  0.9498

PART 56
OFFSET  6.5184 -3.8511 -8.8650
X -0.0860 -0.9947  0.0567
Y  0.9436 -0.0995 -0.3156
Z  0.3196  0.0264  0.9472

PART 57
OFFSET  6.6401 -2.4428 -8.9453
X  0.7775 -0.5770 -0.2500
Y  0.5571  0.8164 -0.1517
Z  0.2917 -0.0213  0.9563

PART 58
OFFSET  5.9507 -1.9312 -8.7236
X  0.8927  0.3213 -0.3161
Y -0.3162  0.9462  0.0689
Z  0.3212  0.0384  0.9462

PART 59
OFFSET  5.1027 -2.2365 -8.4234
X -0.5307 -0.8453  0.0617
Y -0.7726  0.5124  0.3750
Z -0.3485  0.1514 -0.9250

PART 60
OFFSET  4.5050 -4.6555 -7.7148
X -0.9633 -0.2633  0.0528
Y  0.2683 -0.9355  0.2300
Z -0.0111  0.2357  0.9718

PART 61
OFFSET  7.0126 -4.0278 -7.9912
X -0.1106 -0.9788  0.1722
Y  0.9385 -0.1599 -0.3061
Z  0.3272  0.1277  0.9363

PART 62
OFFSET  7.2009 -2.3613 -8.2843
X  0.8847 -0.3911 -0.2538
Y  0.3426  0.9146 -0.2148
Z  0.3162  0.1031  0.9431

PART 63
OFFSET  5.9749 -1.8193 -7.9325
X  0.8155  0.4812 -0.3216
Y -0.4884  0.8703  0.0637
Z  0.3105  0.1051  0.9447

PART 64
OFFSET  5.0904 -2.3412 -7.5837
X -0.3739 -0.8862  0.2736
Y -0.8804  0.4319  0.1959
Z -0.2917 -0.1676 -0.9417

PART 65
OFFSET -0.7683 -5.8599 -7.7005
X -0.9217 -0.3879  0.0056
Y -0.3721  0.8799 -0.2955
Z  0.1097 -0.2744 -0.9553

PART 66
OFFSET  6.9443 -4.4488 -5.8298
X -0.9892 -0.0323 -0.1429
Y  0.0194 -0.9957  0.0908
Z -0.1452  0.0870  0.9856

PART 67
OFFSET  8.6860 -4.3919 -5.5783
X -0.3467 -0.9342  0.0841
Y  0.9272 -0.3279  0.1810
Z -0.1415  0.1407  0.9799

PART 68
OFFSET  9.0989 -3.2477 -5.6210
X  0.0698 -0.9944  0.0795
Y  0.9867  0.0805  0.1409
Z -0.1465  0.0686  0.9868

PART 69
OFFSET  9.0201 -2.1245 -5.7108
X -0.9547  0.2703  0.1245
Y  0.2487  0.9544 -0.1649
Z -0.1634 -0.1265 -0.9784

PART 70
OFFSET  7.1170 -4.4639 -6.9209
X -0.2405 -0.9483  0.2071
Y  0.9609 -0.2628 -0.0871
Z  0.1370  0.1781  0.9744

PART 71
OFFSET  7.5869 -2.6114 -7.3255
X  0.8393 -0.5432 -0.0231
Y  0.5187  0.8127 -0.2653
Z  0.1629  0.2107  0.9639

PART 72
OFFSET  6.3610 -1.8180 -7.2918
X  0.8726  0.4077 -0.2690
Y -0.4587  0.8731 -0.1650
Z  0.1676  0.2674  0.9489

PART 73
OFFSET  5.3712 -2.2810 -6.9940
X -0.3868 -0.8873  0.2510
Y -0.8977  0.4246  0.1175
Z -0.2108 -0.1799 -0.9608

PART 74
OFFSET  0.0000 -0.0000 -0.0000
X  1.0000 -0.0000  0.0000
Y  0.0000  1.0000  0.0000
Z  0.0000 -0.0000  1.0000

PART 75
OFFSET  0.0000 -0.0000 -0.0000
X  1.0000 -0.0018  0.0050
Y  0.0018  1.0000 -0.0012
Z -0.0050  0.0012  1.0000

PART 76
OFFSET  1.5197  0.0024  4.1434
X  1.0000 -0.0018  0.0050
Y  0.0018  1.0000 -0.0012
Z -0.0050  0.0012  1.0000


FRAME 504
PART 0
OFFSET -4.6318 -0.0000 -1.3770
X  1.0000 -0.0000  0.0000
Y  0.0000  1.0000  0.0000
Z  0.0000 -0.0000  1.0000

PART 1
OFFSET -4.6318 -0.0000 -1.3770
X  1.0000 -0.0000  0.0000
Y  0.0000  1.0000  0.0000
Z  0.0000 -0.0000  1.0000

PART 2
OFFSET -3.5060  6.3408 -6.7125
X  0.8581  0.3021 -0.4151
Y  0.0460 -0.8505 -0.5239
Z -0.5114  0.4305 -0.7437

PART 3
OFFSET  6.8721  9.9949 -11.7330
X  0.5493 -0.7685  0.3280
Y -0.8058 -0.3834  0.4513
Z -0.2211 -0.5123 -0.8299

PART 4
OFFSET  11.5444  3.4584 -8.9428
X  0.5493 -0.7685  0.3280
Y -0.7219 -0.2388  0.6495
Z -0.4208 -0.5936 -0.6859

PART 5
OFFSET  13.3356  3.5964 -7.3626
X  0.5547 -0.7649  0.3276
Y  0.2312  0.5199  0.8224
Z -0.7993 -0.3804  0.4652

PART 6
OFFSET  12.9518  2.7863 -9.7828
X  0.5547 -0.7649  0.3276
Y  0.2312  0.5199  0.8224
Z -0.7993 -0.3804  0.4652

PART 7
OFFSET  11.7434  2.1456 -6.4986
X  0.5547 -0.7649  0.3276
Y  0.2312  0.5199  0.8224
Z -0.7993 -0.3804  0.4652

PART 8
OFFSET  11.3640  1.4297 -7.8468
X  0.5547 -0.7649  0.3276
Y  0.2312  0.5199  0.8224
Z -0.7993 -0.3804  0.4652

PART 9
OFFSET  11.3317  1.3397 -9.1660
X  0.5547 -0.7649  0.3276
Y  0.2312  0.5199  0.8224
Z -0.7993 -0.3804  0.4652

PART 10
OFFSET  13.2285  1.1024 -7.9371
X  0.9362 -0.3370  0.0999
Y -0.2537 -0.4511  0.8557
