// Export filename: `C:\projects\cod\t5\xanim_export\t5_viewmodels\ak47\ak47_grenadier_gl_d2p_out.XANIM_EXPORT`
// Source filename: `D:\projects\devanim\t5\animation_assets\viewmodels\ak47\ViewModel_AK47_GrenadeLauncher_animated.fbx`
// Export time: Sat Jun 05 16:37:23 2010

ANIMATION
VERSION 3

NUMPARTS 77
PART 0 "tag_ads"
PART 1 "tag_torso"
PART 2 "J_Shoulder_LE"
PART 3 "J_Elbow_LE"
PART 4 "J_WristTwist_LE"
PART 5 "J_Sleave_Reshape_Bottom_LE_1"
PART 6 "J_Sleave_Reshape_Bottom_LE_2"
PART 7 "J_Sleave_Reshape_Top_LE_1"
PART 8 "J_Sleave_Reshape_Top_LE_2"
PART 9 "J_Sleave_Reshape_Top_LE_3"
PART 10 "J_Wrist_LE"
PART 11 "J_Thumb_LE_0"
PART 12 "J_Thumb_LE_1"
PART 13 "J_Thumb_LE_2"
PART 14 "J_Thumb_LE_3"
PART 15 "J_PinkyPalm_LE"
PART 16 "J_Pinky_LE_0"
PART 17 "J_Pinky_LE_1"
PART 18 "J_Pinky_LE_2"
PART 19 "J_Pinky_LE_3"
PART 20 "J_RingPalm_LE"
PART 21 "J_Ring_LE_0"
PART 22 "J_Ring_LE_1"
PART 23 "J_Ring_LE_2"
PART 24 "J_Ring_LE_3"
PART 25 "J_Webbing_LE"
PART 26 "J_Index_LE_0"
PART 27 "J_Index_LE_1"
PART 28 "J_Index_LE_2"
PART 29 "J_Index_LE_3"
PART 30 "J_Mid_LE_0"
PART 31 "J_Mid_LE_1"
PART 32 "J_Mid_LE_2"
PART 33 "J_Mid_LE_3"
PART 34 "tag_knife_attach"
PART 35 "tag_weapon"
PART 36 "J_Gun"
PART 37 "J_bolt"
PART 38 "TAG_CLIP"
PART 39 "TAG_FLASH"
PART 40 "TAG_BOUNCING_GRENADE_LAUNCHER"
PART 41 "J_BOUNCING_TRIGGER"
PART 42 "J_BOUNCING_GRENADE_AMMO"
PART 43 "J_BOUNCING_GRENADE_TIP"
PART 44 "J_Shoulder_RI"
PART 45 "J_Elbow_RI"
PART 46 "J_WristTwist_RI"
PART 47 "J_Sleave_Reshape_Top_RI_3"
PART 48 "J_Sleave_Reshape_Top_RI_2"
PART 49 "J_Sleave_Reshape_Top_RI_1"
PART 50 "J_Wrist_RI"
PART 51 "J_Thumb_RI_0"
PART 52 "J_Thumb_RI_1"
PART 53 "J_Thumb_RI_2"
PART 54 "J_Thumb_RI_3"
PART 55 "J_PinkyPalm_RI"
PART 56 "J_Pinky_RI_0"
PART 57 "J_Pinky_RI_1"
PART 58 "J_Pinky_RI_2"
PART 59 "J_Pinky_RI_3"
PART 60 "J_RingPalm_RI"
PART 61 "J_Ring_RI_0"
PART 62 "J_Ring_RI_1"
PART 63 "J_Ring_RI_2"
PART 64 "J_Ring_RI_3"
PART 65 "J_Webbing_RI"
PART 66 "J_Index_RI_0"
PART 67 "J_Index_RI_1"
PART 68 "J_Index_RI_2"
PART 69 "J_Index_RI_3"
PART 70 "J_Mid_RI_0"
PART 71 "J_Mid_RI_1"
PART 72 "J_Mid_RI_2"
PART 73 "J_Mid_RI_3"
PART 74 "tag_cambone"
PART 75 "tag_camera"
PART 76 "tag_gasmask"

FRAMERATE 30
NUMFRAMES 11

FRAME 1985
PART 0
OFFSET -4.6318 -0.0000 -1.3770
X  1.0000 -0.0000  0.0000
Y  0.0000  1.0000  0.0000
Z  0.0000 -0.0000  1.0000

PART 1
OFFSET -4.6318 -0.0000 -1.3770
X  1.0000 -0.0000  0.0000
Y  0.0000  1.0000  0.0000
Z  0.0000 -0.0000  1.0000

PART 2
OFFSET -3.5060  6.3408 -6.7125
X  0.8215 -0.1370 -0.5535
Y -0.1177 -0.9905  0.0705
Z -0.5579  0.0072 -0.8299

PART 3
OFFSET  6.4295  4.6835 -13.4059
X  0.6822 -0.5267  0.5072
Y -0.6212 -0.0516  0.7819
Z -0.3857 -0.8485 -0.3624

PART 4
OFFSET  12.2316  0.2039 -9.0918
X  0.6822 -0.5267  0.5072
Y -0.6726 -0.1798  0.7178
Z -0.2869 -0.8308 -0.4769

PART 5
OFFSET  14.3563  1.0176 -8.3516
X  0.6869 -0.5241  0.5035
Y  0.3927  0.8506  0.3497
Z -0.6116 -0.0424  0.7901

PART 6
OFFSET  13.4218 -0.8850 -9.8238
X  0.6869 -0.5241  0.5035
Y  0.3927  0.8506  0.3497
Z -0.6116 -0.0424  0.7901

PART 7
OFFSET  13.1830  0.3059 -6.4800
X  0.6869 -0.5241  0.5035
Y  0.3927  0.8506  0.3497
Z -0.6116 -0.0424  0.7901

PART 8
OFFSET  12.1394 -1.2873 -6.9224
X  0.6869 -0.5241  0.5035
Y  0.3927  0.8506  0.3497
Z -0.6116 -0.0424  0.7901

PART 9
OFFSET  11.7688 -2.0330 -7.9500
X  0.6869 -0.5241  0.5035
Y  0.3927  0.8506  0.3497
Z -0.6116 -0.0424  0.7901

PART 10
OFFSET  14.3229 -1.4107 -7.5369
X  0.9904 -0.0668  0.1212
Y -0.1326 -0.2071  0.9693
Z -0.0396 -0.9760 -0.2140

PART 11
OFFSET  14.6242 -2.0414 -6.6348
X  0.6775 -0.6511  0.3422
Y -0.3940  0.0716  0.9163
Z -0.6211 -0.7556 -0.2080

PART 12
OFFSET  16.0122 -3.4813 -5.8165
X  0.9050 -0.1719 -0.3892
Y  0.2418 -0.5449  0.8029
Z -0.3501 -0.8207 -0.4515

PART 13
OFFSET  17.4195 -3.8181 -6.5433
X  0.1752  0.1936 -0.9653
Y  0.8428 -0.5363  0.0454
Z -0.5089 -0.8215 -0.2571

PART 14
OFFSET  17.6000 -3.6555 -7.5981
X  0.6299  0.5601 -0.5380
Y  0.0331  0.6727  0.7392
Z  0.7760 -0.4834  0.4052

PART 15
OFFSET  15.2950 -1.4427 -8.5154
X  0.9234 -0.0718 -0.3771
Y -0.0813 -0.9966 -0.0092
Z -0.3751  0.0391 -0.9261

PART 16
OFFSET  17.4144 -1.7320 -9.2288
X  0.4032 -0.9151 -0.0047
Y -0.8192 -0.3633  0.4437
Z -0.4077 -0.1751 -0.8962

PART 17
OFFSET  17.9853 -3.0276 -9.2355
X -0.8010 -0.4233  0.4234
Y -0.4731  0.8809 -0.0145
Z -0.3668 -0.2120 -0.9058

PART 18
OFFSET  17.2751 -3.4028 -8.8601
X -0.9207  0.0706  0.3839
Y  0.0069  0.9863 -0.1646
Z -0.3903 -0.1489 -0.9086

PART 19
OFFSET  16.4004 -3.3358 -8.4954
X  0.7563 -0.6516 -0.0589
Y  0.5484  0.6804 -0.4862
Z  0.3569  0.3354  0.8719

PART 20
OFFSET  15.4302 -1.4587 -7.8147
X  0.9830 -0.0058 -0.1836
Y -0.0540 -0.9644 -0.2587
Z -0.1756  0.2643 -0.9483

PART 21
OFFSET  17.9646 -1.5727 -8.3821
X  0.4125 -0.9014 -0.1314
Y -0.8222 -0.4306  0.3723
Z -0.3922 -0.0455 -0.9188

PART 22
OFFSET  18.6670 -3.1074 -8.6059
X -0.8060 -0.4703  0.3595
Y -0.4592  0.8800  0.1215
Z -0.3735 -0.0671 -0.9252

PART 23
OFFSET  17.5499 -3.7591 -8.1077
X -0.8195  0.4930  0.2923
Y  0.4387  0.8677 -0.2337
Z -0.3689 -0.0633 -0.9273

PART 24
OFFSET  16.6612 -3.2244 -7.7907
X  0.4027 -0.9027 -0.1516
Y  0.8445  0.4302 -0.3189
Z  0.3531  0.0004  0.9356

PART 25
OFFSET  17.1442 -2.4685 -5.7388
X  0.9465 -0.2941 -0.1329
Y  0.3204  0.9057  0.2777
Z  0.0387 -0.3054  0.9514

PART 26
OFFSET  18.0967 -1.4643 -6.2539
X  0.9619 -0.1493 -0.2290
Y -0.2117 -0.9368 -0.2786
Z -0.1729  0.3164 -0.9327

PART 27
OFFSET  19.7903 -1.7271 -6.6570
X  0.8101 -0.4463 -0.3802
Y -0.5488 -0.8054 -0.2238
Z -0.2064  0.3900 -0.8974

PART 28
OFFSET  20.7876 -2.2935 -7.0647
X  0.6197 -0.7165 -0.3203
Y -0.7757 -0.6212 -0.1114
Z -0.1192  0.3175 -0.9407

PART 29
OFFSET  21.4876 -3.1027 -7.4265
X  0.4650  0.8833 -0.0598
Y -0.8016  0.4487  0.3951
Z  0.3759 -0.1358  0.9167

PART 30
OFFSET  18.1278 -1.4075 -7.3567
X  0.4793 -0.8223 -0.3068
Y -0.7635 -0.5630  0.3163
Z -0.4328  0.0827 -0.8977

PART 31
OFFSET  19.0641 -3.0140 -7.9560
X -0.7860 -0.5066  0.3544
Y -0.4049  0.8550  0.3242
Z -0.4672  0.1113 -0.8771

PART 32
OFFSET  17.9161 -3.7540 -7.4384
X -0.7960  0.3543  0.4908
Y  0.3887  0.9207 -0.0344
Z -0.4641  0.1633 -0.8706

PART 33
OFFSET  17.0110 -3.3521 -6.8887
X  0.3918 -0.8702 -0.2987
Y  0.7729  0.4874 -0.4062
Z  0.4991 -0.0717  0.8636

PART 34
OFFSET  17.0191 -2.9674 -8.0566
X -0.2277  0.2173 -0.9492
Y  0.0396  0.9760  0.2140
Z  0.9729  0.0111 -0.2309

PART 35
OFFSET  8.2284 -2.6584 -4.3968
X  0.9914 -0.0046 -0.1309
Y  0.0023  0.9998 -0.0173
Z  0.1310  0.0168  0.9912

PART 36
OFFSET  8.2284 -2.6584 -4.3968
X  0.9914 -0.0046 -0.1309
Y  0.0023  0.9998 -0.0173
Z  0.1310  0.0168  0.9912

PART 37
OFFSET  13.7914 -2.9246 -2.7491
X  0.9939 -0.0042 -0.1106
Y  0.0023  0.9998 -0.0173
Z  0.1107  0.0169  0.9937

PART 38
OFFSET  12.4405 -2.6579 -4.6718
X  0.9914 -0.0046 -0.1309
Y  0.0023  0.9998 -0.0173
Z  0.1310  0.0168  0.9912

PART 39
OFFSET  28.0482 -2.7529 -8.1133
X  0.9914 -0.0046 -0.1309
Y  0.0023  0.9998 -0.0173
Z  0.1310  0.0168  0.9912

PART 40
OFFSET -0.5027 -2.6844 -7.0797
X  0.9914 -0.0046 -0.1309
Y  0.0023  0.9998 -0.0173
Z  0.1310  0.0168  0.9912

PART 41
OFFSET  20.4107 -2.7291 -7.0057
X  0.9914 -0.0046 -0.1309
Y  0.0023  0.9998 -0.0173
Z  0.1310  0.0168  0.9912

PART 42
OFFSET  23.0694 -2.7464 -7.4934
X  0.9914 -0.0046 -0.1309
Y  0.0023  0.9998 -0.0173
Z  0.1310  0.0168  0.9912

PART 43
OFFSET  27.4357 -2.7665 -8.0700
X  0.9914 -0.0046 -0.1309
Y  0.0023  0.9998 -0.0173
Z  0.1310  0.0168  0.9912

PART 44
OFFSET -10.8444 -11.7139 -5.9426
X -0.9391  0.3234 -0.1160
Y -0.2273 -0.3316  0.9156
Z  0.2577  0.8862  0.3849

PART 45
OFFSET  0.5132 -15.6254 -4.5403
X -0.2214 -0.9638  0.1486
Y  0.9731 -0.2083  0.0987
Z -0.0642  0.1664  0.9840

PART 46
OFFSET  2.3962 -7.4279 -5.8040
X -0.2214 -0.9638  0.1486
Y  0.1694 -0.1881 -0.9674
Z  0.9604 -0.1890  0.2049

PART 47
OFFSET  2.1295 -6.0991 -7.2629
X -0.2269 -0.9630  0.1450
Y  0.0505 -0.1603 -0.9858
Z  0.9726 -0.2164  0.0850

PART 48
OFFSET  1.2724 -5.4207 -6.7215
X -0.2269 -0.9630  0.1450
Y  0.0505 -0.1603 -0.9858
Z  0.9726 -0.2164  0.0850

PART 49
OFFSET  1.3463 -5.1294 -5.3861
X -0.2269 -0.9630  0.1450
Y  0.0505 -0.1603 -0.9858
Z  0.9726 -0.2164  0.0850

PART 50
OFFSET  3.0749 -4.4731 -6.2595
X -0.9810 -0.1418 -0.1324
Y  0.1587 -0.1946 -0.9680
Z  0.1115 -0.9706  0.2134

PART 51
OFFSET  3.3172 -3.8231 -5.3535
X -0.5666 -0.6850 -0.4580
Y  0.4703  0.1876 -0.8623
Z  0.6766 -0.7040  0.2159

PART 52
OFFSET  4.4553 -2.3244 -4.2912
X -0.8628 -0.3399  0.3741
Y -0.1764 -0.4911 -0.8531
Z  0.4737 -0.8021  0.3637

PART 53
OFFSET  5.7846 -1.7152 -4.9868
X -0.4183 -0.0047  0.9083
Y -0.7078 -0.6251 -0.3292
Z  0.5693 -0.7806  0.2581

PART 54
OFFSET  6.2229 -1.6637 -5.9752
X -0.8203  0.3691  0.4369
Y  0.0209  0.7827 -0.6220
Z -0.5715 -0.5011 -0.6498

PART 55
OFFSET  4.0524 -4.3654 -7.2271
X -0.8959 -0.2634  0.3578
Y  0.3441 -0.9208  0.1836
Z  0.2811  0.2876  0.9156

PART 56
OFFSET  6.0641 -3.6188 -7.9203
X -0.0989 -0.9902  0.0985
Y  0.8996 -0.1312 -0.4165
Z  0.4253  0.0474  0.9038

PART 57
OFFSET  6.2041 -2.2168 -8.0596
X  0.7325 -0.6025 -0.3170
Y  0.5526  0.7981 -0.2401
Z  0.3977  0.0007  0.9175

PART 58
OFFSET  5.5547 -1.6827 -7.7786
X  0.8574  0.2905 -0.4249
Y -0.2874  0.9550  0.0731
Z  0.4270  0.0594  0.9023

PART 59
OFFSET  4.7401 -1.9587 -7.3749
X -0.5371 -0.8303  0.1486
Y -0.7147  0.5416  0.4427
Z -0.4480  0.1316 -0.8843

PART 60
OFFSET  4.1783 -4.3404 -6.5249
X -0.9562 -0.2388  0.1695
Y  0.2739 -0.9342  0.2287
Z  0.1038  0.2651  0.9586

PART 61
OFFSET  6.6505 -3.7806 -7.1023
X -0.1100 -0.9703  0.2154
Y  0.8944 -0.1912 -0.4045
Z  0.4336  0.1482  0.8888

PART 62
OFFSET  6.8377 -2.1287 -7.4690
X  0.8422 -0.4193 -0.3390
Y  0.3343  0.8993 -0.2818
Z  0.4230  0.1240  0.8976

PART 63
OFFSET  5.6705 -1.5476 -6.9993
X  0.7833  0.4519 -0.4269
Y -0.4605  0.8831  0.0899
Z  0.4176  0.1262  0.8998

PART 64
OFFSET  4.8210 -2.0376 -6.5363
X -0.3582 -0.8685  0.3427
Y -0.8437  0.4583  0.2796
Z -0.3999 -0.1890 -0.8969

PART 65
OFFSET -1.0824 -5.4191 -5.8775
X -0.9227 -0.3657  0.1220
Y -0.3855  0.8791 -0.2803
Z -0.0048 -0.3057 -0.9521

PART 66
OFFSET  6.8191 -4.1345 -4.9344
X -0.9995 -0.0133 -0.0294
Y  0.0096 -0.9927  0.1205
Z -0.0308  0.1201  0.9923

PART 67
OFFSET  8.5789 -4.1111 -4.8827
X -0.3536 -0.9228  0.1531
Y  0.9350 -0.3440  0.0861
Z -0.0267  0.1736  0.9845

PART 68
OFFSET  9.0071 -2.9788 -5.0090
X  0.0584 -0.9929  0.1035
Y  0.9978  0.0614  0.0262
Z -0.0324  0.1018  0.9943

PART 69
OFFSET  8.9411 -1.8572 -5.1259
X -0.9288  0.2964  0.2223
Y  0.2475  0.9429 -0.2230
Z -0.2757 -0.1521 -0.9491

PART 70
OFFSET  6.8667 -4.1866 -6.0369
X -0.2345 -0.9357  0.2638
Y  0.9394 -0.2879 -0.1861
Z  0.2501  0.2041  0.9465

PART 71
OFFSET  7.3247 -2.3587 -6.5522
X  0.8202 -0.5633 -0.0997
Y  0.5015  0.7919 -0.3484
Z  0.2753  0.2358  0.9320

PART 72
OFFSET  6.1267 -1.5360 -6.4065
X  0.8445  0.3787 -0.3787
Y -0.4569  0.8783 -0.1407
Z  0.2793  0.2919  0.9148

PART 73
OFFSET  5.1680 -1.9663 -5.9842
X -0.3736 -0.8700  0.3218
Y -0.8700  0.4490  0.2039
Z -0.3219 -0.2038 -0.9246

PART 74
OFFSET  0.0000 -0.0000 -0.0000
X  1.0000 -0.0000  0.0000
Y  0.0000  1.0000  0.0000
Z  0.0000 -0.0000  1.0000

PART 75
OFFSET  0.0000 -0.0000 -0.0000
X  0.9976 -0.0000  0.0698
Y  0.0049  0.9976 -0.0696
Z -0.0696  0.0698  0.9951

PART 76
OFFSET  1.2489  0.2885  4.2231
X  0.9976 -0.0000  0.0698
Y  0.0049  0.9976 -0.0696
Z -0.0696  0.0698  0.9951


FRAME 1986
PART 0
OFFSET -4.6318 -0.0000 -1.3770
X  1.0000 -0.0000  0.0000
Y  0.0000  1.0000  0.0000
Z  0.0000 -0.0000  1.0000

PART 1
OFFSET -4.6318 -0.0000 -1.3770
X  1.0000 -0.0000  0.0000
Y  0.0000  1.0000  0.0000
Z  0.0000 -0.0000  1.0000

PART 2
OFFSET -3.5060  6.3408 -6.7125
X  0.8225 -0.1384 -0.5517
Y -0.1177 -0.9904  0.0731
Z -0.5565  0.0048 -0.8308

PART 3
OFFSET  6.4409  4.6669 -13.3848
X  0.6802 -0.5252  0.5114
Y -0.6239 -0.0485  0.7800
Z -0.3849 -0.8496 -0.3606

PART 4
OFFSET  12.2261  0.1997 -9.0354
X  0.6802 -0.5252  0.5114
Y -0.6780 -0.1855  0.7113
Z -0.2787 -0.8305 -0.4822

PART 5
OFFSET  14.3487  1.0149 -8.2910
X  0.6849 -0.5226  0.5077
Y  0.3920  0.8516  0.3479
Z -0.6142 -0.0393  0.7881

PART 6
OFFSET  13.4182 -0.8924 -9.7595
X  0.6849 -0.5226  0.5077
Y  0.3920  0.8516  0.3479
Z -0.6142 -0.0393  0.7881

PART 7
OFFSET  13.1688  0.3105 -6.4208
X  0.6849 -0.5226  0.5077
Y  0.3920  0.8516  0.3479
Z -0.6142 -0.0393  0.7881

PART 8
OFFSET  12.1388 -1.2700 -6.8642
X  0.6849 -0.5226  0.5077
Y  0.3920  0.8516  0.3479
Z -0.6142 -0.0393  0.7881

PART 9
OFFSET  11.7712 -2.0191 -7.8904
X  0.6849 -0.5226  0.5077
Y  0.3920  0.8516  0.3479
Z -0.6142 -0.0393  0.7881

PART 10
OFFSET  14.3113 -1.4105 -7.4677
X  0.9892 -0.0883  0.1169
Y -0.1346 -0.2331  0.9631
Z -0.0578 -0.9684 -0.2424

PART 11
OFFSET  14.6027 -2.0727 -6.5853
X  0.6661 -0.6731  0.3214
Y -0.3910  0.0518  0.9189
Z -0.6352 -0.7377 -0.2287

PART 12
OFFSET  15.9656 -3.5611 -5.8128
X  0.9010 -0.1768 -0.3962
Y  0.2333 -0.5725  0.7860
Z -0.3658 -0.8006 -0.4746

PART 13
OFFSET  17.3652 -3.9020 -6.5525
X  0.1770  0.2187 -0.9596
Y  0.8330 -0.5526  0.0277
Z -0.5242 -0.8042 -0.2800

PART 14
OFFSET  17.5468 -3.7118 -7.6025
X  0.6390  0.5642 -0.5228
Y  0.0468  0.6500  0.7585
Z  0.7678 -0.5092  0.3890

PART 15
OFFSET  15.2809 -1.4314 -8.4490
X  0.9212 -0.0775 -0.3812
Y -0.0995 -0.9943 -0.0382
Z -0.3760  0.0731 -0.9237

PART 16
OFFSET  17.3934 -1.7381 -9.1756
X  0.3865 -0.9217 -0.0325
Y -0.8249 -0.3612  0.4348
Z -0.4125 -0.1412 -0.9000

PART 17
OFFSET  17.9405 -3.0431 -9.2217
X -0.8078 -0.4209  0.4126
Y -0.4570  0.8894  0.0124
Z -0.3722 -0.1785 -0.9108

PART 18
OFFSET  17.2242 -3.4163 -8.8558
X -0.9185  0.0760  0.3880
Y  0.0247  0.9905 -0.1356
Z -0.3946 -0.1150 -0.9116

PART 19
OFFSET  16.3516 -3.3441 -8.4872
X  0.7441 -0.6633 -0.0798
Y  0.5598  0.6843 -0.4673
Z  0.3645  0.3030  0.8805

PART 20
OFFSET  15.4171 -1.4704 -7.7494
X  0.9824 -0.0183 -0.1860
Y -0.0721 -0.9553 -0.2868
Z -0.1724  0.2952 -0.9398

PART 21
OFFSET  17.9480 -1.6138 -8.3259
X  0.3958 -0.9045 -0.1588
Y -0.8293 -0.4263  0.3614
Z -0.3946 -0.0113 -0.9188

PART 22
OFFSET  18.6217 -3.1538 -8.5963
X -0.8138 -0.4659  0.3474
Y -0.4429  0.8842  0.1484
Z -0.3763 -0.0331 -0.9259

PART 23
OFFSET  17.4939 -3.7994 -8.1148
X -0.8098  0.4990  0.3085
Y  0.4540  0.8661 -0.2092
Z -0.3716 -0.0293 -0.9279

PART 24
OFFSET  16.6157 -3.2582 -7.7802
X  0.3858 -0.9050 -0.1789
Y  0.8516  0.4240 -0.3082
Z  0.3548 -0.0335  0.9344

PART 25
OFFSET  17.1160 -2.5718 -5.7081
X  0.9407 -0.3073 -0.1437
Y  0.3374  0.8911  0.3034
Z  0.0348 -0.3339  0.9420

PART 26
OFFSET  18.0858 -1.5704 -6.1957
X  0.9586 -0.1600 -0.2355
Y -0.2293 -0.9242 -0.3054
Z -0.1688  0.3468 -0.9226

PART 27
OFFSET  19.7736 -1.8521 -6.6103
X  0.8011 -0.4496 -0.3951
Y -0.5639 -0.7884 -0.2461
Z -0.2008  0.4199 -0.8851

PART 28
OFFSET  20.7596 -2.4242 -7.0368
X  0.6060 -0.7179 -0.3426
Y -0.7871 -0.6034 -0.1277
Z -0.1151  0.3471 -0.9307

PART 29
OFFSET  21.4441 -3.2351 -7.4239
X  0.4809  0.8761 -0.0349
Y -0.7925  0.4514  0.4100
Z  0.3750 -0.1695  0.9114

PART 30
OFFSET  18.1160 -1.4819 -7.2965
X  0.4636 -0.8215 -0.3319
Y -0.7731 -0.5581  0.3014
Z -0.4328  0.1169 -0.8939

PART 31
OFFSET  19.0217 -3.0867 -7.9449
X -0.7944 -0.5024  0.3412
Y -0.3886  0.8523  0.3501
Z -0.4667  0.1455 -0.8724

PART 32
OFFSET  17.8613 -3.8206 -7.4465
X -0.7885  0.3542  0.5028
Y  0.4053  0.9141 -0.0083
Z -0.4626  0.1973 -0.8644

PART 33
OFFSET  16.9647 -3.4187 -6.8831
X  0.3753 -0.8681 -0.3250
Y  0.7810  0.4850 -0.3935
Z  0.4992 -0.1061  0.8599

PART 34
OFFSET  16.9777 -3.0001 -8.0392
X -0.2254  0.2492 -0.9418
Y  0.0578  0.9684  0.2424
Z  0.9725  0.0002 -0.2327

PART 35
OFFSET  8.2007 -2.6387 -4.3514
X  0.9909 -0.0188 -0.1333
Y  0.0206  0.9997  0.0121
Z  0.1331 -0.0147  0.9910

PART 36
OFFSET  8.2007 -2.6387 -4.3514
X  0.9909 -0.0188 -0.1333
Y  0.0206  0.9997  0.0121
Z  0.1331 -0.0147  0.9910

PART 37
OFFSET  13.7609 -3.0545 -2.7253
X  0.9934 -0.0191 -0.1130
Y  0.0206  0.9997  0.0121
Z  0.1128 -0.0143  0.9935

PART 38
OFFSET  12.4116 -2.7069 -4.6362
X  0.9909 -0.0188 -0.1333
Y  0.0206  0.9997  0.0121
Z  0.1331 -0.0147  0.9910

PART 39
OFFSET  28.0087 -2.9848 -8.1154
X  0.9909 -0.0188 -0.1333
Y  0.0206  0.9997  0.0121
Z  0.1331 -0.0147  0.9910

PART 40
OFFSET -0.5342 -2.4270 -7.0135
X  0.9909 -0.0188 -0.1333
Y  0.0206  0.9997  0.0121
Z  0.1331 -0.0147  0.9910

PART 41
OFFSET  20.3749 -2.8545 -6.9897
X  0.9909 -0.0188 -0.1333
Y  0.0206  0.9997  0.0121
Z  0.1331 -0.0147  0.9910

PART 42
OFFSET  23.0321 -2.9058 -7.4839
X  0.9909 -0.0188 -0.1333
Y  0.0206  0.9997  0.0121
Z  0.1331 -0.0147  0.9910

PART 43
OFFSET  27.3962 -2.9885 -8.0711
X  0.9909 -0.0188 -0.1333
Y  0.0206  0.9997  0.0121
Z  0.1331 -0.0147  0.9910

PART 44
OFFSET -11.0338 -11.5206 -5.9739
X -0.9402  0.3262 -0.0984
Y -0.2177 -0.3532  0.9099
Z  0.2620  0.8769  0.4031

PART 45
OFFSET  0.3367 -15.4651 -4.7840
X -0.2312 -0.9646  0.1271
Y  0.9714 -0.2216  0.0849
Z -0.0538  0.1431  0.9882

PART 46
OFFSET  2.3029 -7.2609 -5.8650
X -0.2312 -0.9646  0.1271
Y  0.1465 -0.1637 -0.9756
Z  0.9618 -0.2069  0.1792

PART 47
OFFSET  2.0389 -5.8940 -7.2887
X -0.2367 -0.9637  0.1236
Y  0.0401 -0.1368 -0.9898
Z  0.9707 -0.2294  0.0711

PART 48
OFFSET  1.1944 -5.2195 -6.7234
X -0.2367 -0.9637  0.1236
Y  0.0401 -0.1368 -0.9898
Z  0.9707 -0.2294  0.0711

PART 49
OFFSET  1.2831 -4.9616 -5.3820
X -0.2367 -0.9637  0.1236
Y  0.0401 -0.1368 -0.9898
Z  0.9707 -0.2294  0.0711

PART 50
OFFSET  3.0116 -4.3038 -6.2546
X -0.9837 -0.1200 -0.1342
Y  0.1534 -0.1689 -0.9736
Z  0.0942 -0.9783  0.1846

PART 51
OFFSET  3.2673 -3.6852 -5.3305
X -0.5798 -0.6608 -0.4766
Y  0.4721  0.2042 -0.8576
Z  0.6640 -0.7222  0.1935

PART 52
OFFSET  4.4345 -2.2394 -4.2272
X -0.8682 -0.3350  0.3660
Y -0.1869 -0.4625 -0.8667
Z  0.4596 -0.8209  0.3389

PART 53
OFFSET  5.7735 -1.6343 -4.9078
X -0.4167 -0.0238  0.9087
Y -0.7196 -0.6021 -0.3457
Z  0.5554 -0.7980  0.2337

PART 54
OFFSET  6.2109 -1.5617 -5.8953
X -0.8127  0.3710  0.4494
Y  0.0341  0.8001 -0.5988
Z -0.5817 -0.4713 -0.6629

PART 55
OFFSET  3.9892 -4.1855 -7.2209
X -0.8999 -0.2574  0.3520
Y  0.3275 -0.9319  0.1557
Z  0.2880  0.2554  0.9229

PART 56
OFFSET  6.0129 -3.4556 -7.8965
X -0.1168 -0.9907  0.0696
Y  0.8963 -0.1353 -0.4223
Z  0.4278  0.0131  0.9038

PART 57
OFFSET  6.1782 -2.0529 -7.9950
X  0.7208 -0.6061 -0.3363
Y  0.5666  0.7947 -0.2179
Z  0.3993 -0.0335  0.9162

PART 58
OFFSET  5.5391 -1.5155 -7.6969
X  0.8618  0.2872 -0.4182
Y -0.2697  0.9575  0.1018
Z  0.4297  0.0251  0.9026

PART 59
OFFSET  4.7204 -1.7884 -7.2996
X -0.5519 -0.8244  0.1254
Y -0.7039  0.5412  0.4600
Z -0.4471  0.1656 -0.8790

PART 60
OFFSET  4.1167 -4.1834 -6.5185
X -0.9601 -0.2262  0.1647
Y  0.2572 -0.9453  0.2006
Z  0.1103  0.2349  0.9657

PART 61
OFFSET  6.5977 -3.6520 -7.0850
X -0.1273 -0.9741  0.1871
Y  0.8900 -0.1954 -0.4120
Z  0.4379  0.1141  0.8918

PART 62
OFFSET  6.8144 -1.9937 -7.4036
X  0.8338 -0.4244 -0.3531
Y  0.3502  0.9010 -0.2561
Z  0.4268  0.0898  0.8999

PART 63
OFFSET  5.6588 -1.4055 -6.9142
X  0.7906  0.4499 -0.4153
Y -0.4441  0.8883  0.1168
Z  0.4215  0.0921  0.9021

PART 64
OFFSET  4.8013 -1.8934 -6.4638
X -0.3734 -0.8715  0.3179
Y -0.8347  0.4652  0.2949
Z -0.4049 -0.1553 -0.9011

PART 65
OFFSET -1.1617 -5.1848 -5.8908
X -0.9290 -0.3523  0.1134
Y -0.3699  0.8938 -0.2535
Z -0.0120 -0.2774 -0.9607

PART 66
OFFSET  6.7637 -4.0725 -4.9289
X -0.9996  0.0058 -0.0274
Y -0.0083 -0.9958  0.0913
Z -0.0268  0.0915  0.9954

PART 67
OFFSET  8.5237 -4.0827 -4.8805
X -0.3701 -0.9203  0.1268
Y  0.9287 -0.3634  0.0737
Z -0.0218  0.1450  0.9892

PART 68
OFFSET  8.9723 -2.9551 -4.9746
X  0.0405 -0.9964  0.0742
Y  0.9988  0.0425  0.0257
Z -0.0287  0.0731  0.9969

PART 69
OFFSET  8.9266 -1.8296 -5.0584
X -0.9229  0.3066  0.2331
Y  0.2643  0.9444 -0.1958
Z -0.2801 -0.1191 -0.9525

PART 70
OFFSET  6.8084 -4.0930 -6.0325
X -0.2510 -0.9386  0.2367
Y  0.9337 -0.2993 -0.1967
Z  0.2555  0.1716  0.9515

PART 71
OFFSET  7.2988 -2.2595 -6.4950
X  0.8096 -0.5750 -0.1181
Y  0.5152  0.7925 -0.3262
Z  0.2812  0.2032  0.9379

PART 72
OFFSET  6.1163 -1.4196 -6.3224
X  0.8506  0.3742 -0.3694
Y -0.4410  0.8902 -0.1138
Z  0.2863  0.2597  0.9223

PART 73
OFFSET  5.1506 -1.8447 -5.9106
X -0.3888 -0.8721  0.2970
Y -0.8613  0.4586  0.2190
Z -0.3272 -0.1706 -0.9294

PART 74
OFFSET  0.0000 -0.0000 -0.0000
X  1.0000 -0.0000  0.0000
Y  0.0000  1.0000  0.0000
Z  0.0000 -0.0000  1.0000

PART 75
OFFSET  0.0000 -0.0000 -0.0000
X  0.9992 -0.0000  0.0401
Y  0.0008  0.9998 -0.0203
Z -0.0401  0.0203  0.9990

PART 76
OFFSET  1.3735  0.0839  4.1933
X  0.9992 -0.0000  0.0401
Y  0.0008  0.9998 -0.0203
Z -0.0401  0.0203  0.9990


FRAME 1987
PART 0
OFFSET -4.6318 -0.0000 -1.3770
X  1.0000 -0.0000  0.0000
Y  0.0000  1.0000  0.0000
Z  0.0000 -0.0000  1.0000

PART 1
OFFSET -4.6318 -0.0000 -1.3770
X  1.0000 -0.0000  0.0000
Y  0.0000  1.0000  0.0000
Z  0.0000 -0.0000  1.0000

PART 2
OFFSET -3.5060  6.3408 -6.7125
X  0.8324 -0.1537 -0.5325
Y -0.1077 -0.9873  0.1166
Z -0.5436 -0.0397 -0.8384

PART 3
OFFSET  6.5609  4.4824 -13.1519
X  0.6849 -0.4930  0.5365
Y -0.6278 -0.0256  0.7779
Z -0.3698 -0.8696 -0.3271

PART 4
OFFSET  12.3863  0.2892 -8.5886
X  0.6849 -0.4930  0.5365
Y -0.6969 -0.2284  0.6798
Z -0.2126 -0.8395 -0.5000

PART 5
OFFSET  14.4917  1.1672 -7.8671
X  0.6896 -0.4905  0.5328
Y  0.3769  0.8713  0.3144
Z -0.6184 -0.0160  0.7857

PART 6
OFFSET  13.5992 -0.8136 -9.2601
X  0.6896 -0.4905  0.5328
Y  0.3769  0.8713  0.3144
Z -0.6184 -0.0160  0.7857

PART 7
OFFSET  13.3111  0.5229 -5.9757
X  0.6896 -0.4905  0.5328
Y  0.3769  0.8713  0.3144
Z -0.6184 -0.0160  0.7857

PART 8
OFFSET  12.3214 -1.0755 -6.3625
X  0.6896 -0.4905  0.5328
Y  0.3769  0.8713  0.3144
Z -0.6184 -0.0160  0.7857

PART 9
OFFSET  11.9714 -1.8722 -7.3586
X  0.6896 -0.4905  0.5328
Y  0.3769  0.8713  0.3144
Z -0.6184 -0.0160  0.7857

PART 10
OFFSET  14.4860 -1.2222 -6.9439
X  0.9808 -0.1045  0.1648
Y -0.1888 -0.2949  0.9367
Z -0.0493 -0.9498 -0.3090

PART 11
OFFSET  14.7248 -1.9438 -6.0927
X  0.6439 -0.6987  0.3119
Y -0.4409 -0.0055  0.8976
Z -0.6254 -0.7154 -0.3116

PART 12
OFFSET  16.0355 -3.4918 -5.3473
X  0.9206 -0.1581 -0.3572
Y  0.1866 -0.6252  0.7578
Z -0.3431 -0.7643 -0.5460

PART 13
OFFSET  17.4720 -3.7954 -6.0302
X  0.2308  0.2800 -0.9318
Y  0.8274 -0.5605  0.0365
Z -0.5121 -0.7794 -0.3610

PART 14
OFFSET  17.7122 -3.5378 -7.0538
X  0.6698  0.5918 -0.4485
Y  0.0081  0.5981  0.8014
Z  0.7425 -0.5404  0.3958

PART 15
OFFSET  15.5082 -1.1868 -7.8698
X  0.9405 -0.0602 -0.3345
Y -0.1023 -0.9887 -0.1095
Z -0.3241  0.1372 -0.9360

PART 16
OFFSET  17.6559 -1.4633 -8.4984
X  0.3830 -0.9209 -0.0724
Y -0.8495 -0.3819  0.3640
Z -0.3629 -0.0779 -0.9286

PART 17
OFFSET  18.1981 -2.7672 -8.6010
X -0.8315 -0.4401  0.3389
Y -0.4525  0.8906  0.0464
Z -0.3223 -0.1148 -0.9397

PART 18
OFFSET  17.4609 -3.1574 -8.3005
X -0.9381  0.0583  0.3413
Y  0.0372  0.9970 -0.0680
Z -0.3443 -0.0511 -0.9375

PART 19
OFFSET  16.5696 -3.1020 -7.9762
X  0.7440 -0.6630 -0.0828
Y  0.5882  0.7087 -0.3895
Z  0.3169  0.2411  0.9173

PART 20
OFFSET  15.6053 -1.2731 -7.1679
X  0.9910 -0.0146 -0.1327
Y -0.0610 -0.9336 -0.3531
Z -0.1188  0.3580 -0.9261

PART 21
OFFSET  18.1634 -1.4002 -7.6133
X  0.3993 -0.8955 -0.1966
Y -0.8501 -0.4419  0.2864
Z -0.3433  0.0528 -0.9377

PART 22
OFFSET  18.8432 -2.9248 -7.9480
X -0.8341 -0.4807  0.2707
Y -0.4459  0.8763  0.1823
Z -0.3248  0.0314 -0.9453

PART 23
OFFSET  17.6873 -3.5910 -7.5729
X -0.8230  0.4846  0.2962
Y  0.4693  0.8740 -0.1261
Z -0.3200  0.0353 -0.9468

PART 24
OFFSET  16.7947 -3.0654 -7.2516
X  0.3905 -0.8946 -0.2172
Y  0.8695  0.4359 -0.2322
Z  0.3025 -0.0982  0.9481

PART 25
OFFSET  17.1834 -2.5216 -5.1143
X  0.9456 -0.3054 -0.1120
Y  0.3247  0.8662  0.3799
Z -0.0190 -0.3956  0.9182

PART 26
OFFSET  18.1836 -1.4987 -5.4805
X  0.9693 -0.1525 -0.1928
Y -0.2168 -0.9000 -0.3782
Z -0.1158  0.4084 -0.9054

PART 27
OFFSET  19.8903 -1.7672 -5.8199
X  0.8194 -0.4296 -0.3796
Y -0.5534 -0.7654 -0.3284
Z -0.1495  0.4791 -0.8649

PART 28
OFFSET  20.8955 -2.3185 -6.2288
X  0.6203 -0.6990 -0.3559
Y -0.7819 -0.5868 -0.2104
Z -0.0617  0.4088 -0.9105

PART 29
OFFSET  21.5961 -3.1081 -6.6308
X  0.4866  0.8722  0.0497
Y -0.8117  0.4303  0.3951
Z  0.3232 -0.2326  0.9173

PART 30
OFFSET  18.2750 -1.3380 -6.5697
X  0.4770 -0.8018 -0.3598
Y -0.7914 -0.5700  0.2209
Z -0.3822  0.1794 -0.9065

PART 31
OFFSET  19.2069 -2.9044 -7.2726
X -0.8146 -0.5169  0.2631
Y -0.4030  0.8307  0.3841
Z -0.4171  0.2069 -0.8850

PART 32
OFFSET  18.0171 -3.6594 -6.8884
X -0.8132  0.3271  0.4813
Y  0.4098  0.9091  0.0746
Z -0.4131  0.2579 -0.8734

PART 33
OFFSET  17.0928 -3.2878 -6.3495
X  0.3882 -0.8480 -0.3609
Y  0.8040  0.5030 -0.3171
Z  0.4505 -0.1670  0.8770

PART 34
OFFSET  17.1718 -2.7939 -7.4728
X -0.1718  0.3128 -0.9341
Y  0.0493  0.9498  0.3090
Z  0.9839  0.0071 -0.1786

PART 35
OFFSET  8.2065 -2.6001 -4.2552
X  0.9966 -0.0186 -0.0798
Y  0.0249  0.9965  0.0795
Z  0.0781 -0.0813  0.9936

PART 36
OFFSET  8.2065 -2.6001 -4.2552
X  0.9966 -0.0186 -0.0798
Y  0.0249  0.9965  0.0795
Z  0.0781 -0.0813  0.9936

PART 37
OFFSET  13.6663 -3.1708 -2.3583
X  0.9980 -0.0202 -0.0595
Y  0.0249  0.9965  0.0795
Z  0.0577 -0.0809  0.9951

PART 38
OFFSET  12.4263 -2.6861 -4.3129
X  0.9966 -0.0186 -0.0798
Y  0.0249  0.9965  0.0795
Z  0.0781 -0.0813  0.9936

PART 39
OFFSET  28.1901 -2.8700 -6.9437
X  0.9966 -0.0186 -0.0798
Y  0.0249  0.9965  0.0795
Z  0.0781 -0.0813  0.9936

PART 40
OFFSET -0.3670 -2.1367 -7.3715
X  0.9966 -0.0186 -0.0798
Y  0.0249  0.9965  0.0795
Z  0.0781 -0.0813  0.9936

PART 41
OFFSET  20.5066 -2.7476 -6.2315
X  0.9966 -0.0186 -0.0798
Y  0.0249  0.9965  0.0795
Z  0.0781 -0.0813  0.9936

PART 42
OFFSET  23.1866 -2.7894 -6.5819
X  0.9966 -0.0186 -0.0798
Y  0.0249  0.9965  0.0795
Z  0.0781 -0.0813  0.9936

PART 43
OFFSET  27.5760 -2.8712 -6.9334
X  0.9966 -0.0186 -0.0798
Y  0.0249  0.9965  0.0795
Z  0.0781 -0.0813  0.9936

PART 44
OFFSET -11.5478 -10.9961 -6.0589
X -0.9387  0.3415 -0.0466
Y -0.1871 -0.3915  0.9010
Z  0.2894  0.8545  0.4314

PART 45
OFFSET -0.1949 -15.1262 -5.4955
X -0.2866 -0.9537  0.0908
Y  0.9579 -0.2840  0.0411
Z -0.0135  0.0987  0.9950

PART 46
OFFSET  2.2431 -7.0144 -6.2676
X -0.2866 -0.9537  0.0908
Y  0.0556 -0.1112 -0.9922
Z  0.9564 -0.2794  0.0849

PART 47
OFFSET  2.0199 -5.5676 -7.6174
X -0.2923 -0.9523  0.0875
Y  0.0002 -0.0916 -0.9958
Z  0.9563 -0.2910  0.0269

PART 48
OFFSET  1.2374 -4.8707 -6.9930
X -0.2923 -0.9523  0.0875
Y  0.0002 -0.0916 -0.9958
Z  0.9563 -0.2910  0.0269

PART 49
OFFSET  1.3844 -4.6831 -5.6452
X -0.2923 -0.9523  0.0875
Y  0.0002 -0.0916 -0.9958
Z  0.9563 -0.2910  0.0269

PART 50
OFFSET  3.1219 -4.0905 -6.5459
X -0.9754 -0.1023 -0.1955
Y  0.2061 -0.1056 -0.9728
Z  0.0788 -0.9891  0.1241

PART 51
OFFSET  3.3294 -3.5365 -5.5701
X -0.5560 -0.6228 -0.5504
Y  0.5197  0.2563 -0.8150
Z  0.6486 -0.7392  0.1812

PART 52
OFFSET  4.4413 -2.1769 -4.3111
X -0.8888 -0.3508  0.2949
Y -0.1411 -0.4026 -0.9044
Z  0.4360 -0.8455  0.3083

PART 53
OFFSET  5.8188 -1.5399 -4.8756
X -0.4663 -0.0801  0.8810
Y -0.7025 -0.5717 -0.4238
Z  0.5376 -0.8165  0.2103

PART 54
OFFSET  6.3105 -1.4062 -5.8307
X -0.8343  0.3476  0.4279
Y  0.0711  0.8376 -0.5416
Z -0.5467 -0.4215 -0.7236

PART 55
OFFSET  4.1520 -3.9172 -7.4472
X -0.9193 -0.2722  0.2844
Y  0.3137 -0.9430  0.1112
Z  0.2379  0.1914  0.9522

PART 56
OFFSET  6.2136 -3.1620 -7.9611
X -0.1255 -0.9921 -0.0028
Y  0.9176 -0.1150 -0.3806
Z  0.3773 -0.0504  0.9247

PART 57
OFFSET  6.3913 -1.7574 -7.9570
X  0.7351 -0.5889 -0.3358
Y  0.5818  0.8023 -0.1333
Z  0.3479 -0.0974  0.9325

PART 58
OFFSET  5.7394 -1.2353 -7.6593
X  0.8850  0.3067 -0.3504
Y -0.2701  0.9510  0.1502
Z  0.3793 -0.0383  0.9245

PART 59
OFFSET  4.8987 -1.5266 -7.3264
X -0.5622 -0.8260  0.0400
Y -0.7254  0.5158  0.4557
Z -0.3971  0.2272 -0.8892

PART 60
OFFSET  4.2406 -3.9626 -6.7404
X -0.9688 -0.2282  0.0965
Y  0.2409 -0.9587  0.1512
Z  0.0580  0.1697  0.9838

PART 61
OFFSET  6.7517 -3.4167 -7.1336
X -0.1424 -0.9831  0.1148
Y  0.9104 -0.1756 -0.3747
Z  0.3885  0.0511  0.9200

PART 62
OFFSET  6.9941 -1.7429 -7.3290
X  0.8498 -0.4074 -0.3343
Y  0.3684  0.9128 -0.1761
Z  0.3769  0.0265  0.9259

PART 63
OFFSET  5.8163 -1.1782 -6.8657
X  0.8146  0.4694 -0.3406
Y -0.4453  0.8825  0.1510
Z  0.3715  0.0286  0.9280

PART 64
OFFSET  4.9328 -1.6873 -6.4963
X -0.3948 -0.8873  0.2384
Y -0.8473  0.4519  0.2790
Z -0.3553 -0.0919 -0.9302

PART 65
OFFSET -1.0695 -4.9571 -6.4704
X -0.9356 -0.3508  0.0387
Y -0.3507  0.9118 -0.2134
Z  0.0396 -0.2133 -0.9762

PART 66
OFFSET  6.7963 -3.9800 -5.0043
X -0.9965  0.0163 -0.0817
Y -0.0184 -0.9995  0.0244
Z -0.0813  0.0258  0.9964

PART 67
OFFSET  8.5508 -4.0087 -4.8605
X -0.3813 -0.9234  0.0449
Y  0.9214 -0.3756  0.1002
Z -0.0756  0.0796  0.9940

PART 68
OFFSET  9.0097 -2.8814 -4.8547
X  0.0312 -0.9995  0.0100
Y  0.9960  0.0320  0.0831
Z -0.0833  0.0074  0.9965

PART 69
OFFSET  8.9744 -1.7524 -4.8660
X -0.9327  0.2986  0.2021
Y  0.2795  0.9529 -0.1179
Z -0.2277 -0.0535 -0.9723

PART 70
OFFSET  6.9017 -3.9280 -6.1028
X -0.2685 -0.9499  0.1598
Y  0.9416 -0.2938 -0.1647
Z  0.2034  0.1062  0.9733

PART 71
OFFSET  7.4262 -2.0723 -6.4149
X  0.8120 -0.5730 -0.1116
Y  0.5365  0.8078 -0.2442
Z  0.2300  0.1384  0.9633

PART 72
OFFSET  6.2403 -1.2354 -6.2520
X  0.8716  0.3903 -0.2966
Y -0.4296  0.8996 -0.0784
Z  0.2362  0.1958  0.9518

PART 73
OFFSET  5.2512 -1.6782 -5.9229
X -0.4091 -0.8864  0.2167
Y -0.8697  0.4506  0.2015
Z -0.2763 -0.1060 -0.9552

PART 74
OFFSET  0.0000 -0.0000 -0.0000
X  1.0000 -0.0000  0.0000
Y  0.0000  1.0000  0.0000
Z  0.0000 -0.0000  1.0000

PART 75
OFFSET -0.0000 -0.0000 -0.0000
X  1.0000 -0.0000 -0.0052
Y  0.0003  0.9988  0.0495
Z  0.0052 -0.0495  0.9988

PART 76
OFFSET  1.5618 -0.2048  4.1227
X  1.0000 -0.0000 -0.0052
Y  0.0003  0.9988  0.0495
Z  0.0052 -0.0495  0.9988


FRAME 1988
PART 0
OFFSET -4.6318 -0.0000 -1.3770
X  1.0000 -0.0000  0.0000
Y  0.0000  1.0000  0.0000
Z  0.0000 -0.0000  1.0000

PART 1
OFFSET -4.6318 -0.0000 -1.3770
X  1.0000 -0.0000  0.0000
Y  0.0000  1.0000  0.0000
Z  0.0000 -0.0000  1.0000

PART 2
OFFSET -3.5060  6.3408 -6.7125
X  0.8461 -0.1708 -0.5049
Y -0.0984 -0.9810  0.1669
Z -0.5239 -0.0915 -0.8469

PART 3
OFFSET  6.7265  4.2754 -12.8192
X  0.6886 -0.4546  0.5649
Y -0.6341  0.0003  0.7732
Z -0.3517 -0.8907 -0.2881

PART 4
OFFSET  12.5836  0.4086 -8.0146
X  0.6886 -0.4546  0.5649
Y -0.7134 -0.2855  0.6400
Z -0.1297 -0.8437 -0.5209

PART 5
OFFSET  14.6670  1.3573 -7.3192
X  0.6933 -0.4522  0.5611
Y  0.3589  0.8918  0.2753
Z -0.6249  0.0105  0.7806

PART 6
OFFSET  13.8213 -0.7032 -8.6229
X  0.6933 -0.4522  0.5611
Y  0.3589  0.8918  0.2753
Z -0.6249  0.0105  0.7806

PART 7
OFFSET  13.4812  0.7830 -5.4086
X  0.6933 -0.4522  0.5611
Y  0.3589  0.8918  0.2753
Z -0.6249  0.0105  0.7806

PART 8
OFFSET  12.5363 -0.8345 -5.7310
X  0.6933 -0.4522  0.5611
Y  0.3589  0.8918  0.2753
Z -0.6249  0.0105  0.7806

PART 9
OFFSET  12.2090 -1.6838 -6.6906
X  0.6933 -0.4522  0.5611
Y  0.3589  0.8918  0.2753
Z -0.6249  0.0105  0.7806

PART 10
OFFSET  14.6947 -0.9851 -6.2828
X  0.9668 -0.1158  0.2279
Y -0.2548 -0.3630  0.8963
Z -0.0211 -0.9246 -0.3804

PART 11
OFFSET  14.8751 -1.7672 -5.4715
X  0.6235 -0.7193  0.3062
Y -0.5050 -0.0716  0.8601
Z -0.5968 -0.6910 -0.4079

PART 12
OFFSET  16.1371 -3.3650 -4.7477
X  0.9450 -0.1310 -0.2996
Y  0.1346 -0.6790  0.7217
Z -0.2980 -0.7223 -0.6241

PART 13
OFFSET  17.6213 -3.6169 -5.3442
X  0.2964  0.3478 -0.8895
Y  0.8258 -0.5612  0.0557
Z -0.4799 -0.7510 -0.4535

PART 14
OFFSET  17.9339 -3.2848 -6.3259
X  0.6972  0.6235 -0.3538
Y -0.0538  0.5376  0.8415
Z  0.7149 -0.5676  0.4084

PART 15
OFFSET  15.7814 -0.8813 -7.1266
X  0.9627 -0.0351 -0.2684
Y -0.0882 -0.9780 -0.1888
Z -0.2559  0.2054 -0.9446

PART 16
OFFSET  17.9708 -1.1099 -7.6151
X  0.3926 -0.9129 -0.1115
Y -0.8715 -0.4080  0.2721
Z -0.2938 -0.0097 -0.9558

PART 17
OFFSET  18.5266 -2.4024 -7.7729
X -0.8514 -0.4642  0.2442
Y -0.4598  0.8845  0.0783
Z -0.2523 -0.0456 -0.9666

PART 18
OFFSET  17.7718 -2.8140 -7.5564
X -0.9608  0.0326  0.2752
Y  0.0362  0.9993  0.0080
Z -0.2748  0.0176 -0.9614

PART 19
OFFSET  16.8590 -2.7831 -7.2950
X  0.7519 -0.6548 -0.0765
Y  0.6109  0.7357 -0.2925
Z  0.2478  0.1732  0.9532

PART 20
OFFSET  15.8276 -1.0189 -6.4277
X  0.9981 -0.0043 -0.0607
Y -0.0297 -0.9052 -0.4240
Z -0.0531  0.4250 -0.9036

PART 21
OFFSET  18.4121 -1.1117 -6.6930
X  0.4178 -0.8784 -0.2319
Y -0.8661 -0.4622  0.1904
Z -0.2744  0.1213 -0.9539

PART 22
OFFSET  19.1234 -2.6073 -7.0878
X -0.8487 -0.4997  0.1731
Y -0.4631  0.8604  0.2129
Z -0.2553  0.1005 -0.9616

PART 23
OFFSET  17.9471 -3.2998 -6.8479
X -0.8452  0.4612  0.2699
Y  0.4721  0.8811 -0.0271
Z -0.2504  0.1045 -0.9625

PART 24
OFFSET  17.0304 -2.7996 -6.5551
X  0.4105 -0.8760 -0.2530
Y  0.8815  0.4523 -0.1356
Z  0.2332 -0.1674  0.9579

PART 25
OFFSET  17.2592 -2.4140 -4.3610
X  0.9530 -0.2958 -0.0647
Y  0.2911  0.8361  0.4649
Z -0.0835 -0.4620  0.8830

PART 26
OFFSET  18.2775 -1.3665 -4.5774
X  0.9817 -0.1374 -0.1321
Y -0.1834 -0.8699 -0.4579
Z -0.0520  0.4737 -0.8792

PART 27
OFFSET  20.0059 -1.6085 -4.8099
X  0.8473 -0.4001 -0.3491
Y -0.5235 -0.7396 -0.4230
Z -0.0889  0.5413 -0.8361

PART 28
OFFSET  21.0414 -2.1278 -5.1836
X  0.6487 -0.6707 -0.3598
Y -0.7611 -0.5701 -0.3094
Z  0.0023  0.4745 -0.8803

PART 29
OFFSET  21.7741 -2.8853 -5.5900
X  0.4765  0.8665  0.1488
Y -0.8408  0.3997  0.3651
Z  0.2569 -0.2991  0.9190

PART 30
OFFSET  18.4470 -1.1262 -5.6423
X  0.5067 -0.7730 -0.3817
Y -0.8020 -0.5850  0.1202
Z -0.3162  0.2453 -0.9164

PART 31
OFFSET  19.4368 -2.6363 -6.3880
X -0.8286 -0.5352  0.1644
Y -0.4348  0.8000  0.4134
Z -0.3527  0.2711 -0.8956

PART 32
OFFSET  18.2266 -3.4181 -6.1480
X -0.8480  0.2905  0.4432
Y  0.3980  0.9014  0.1707
Z -0.3500  0.3211 -0.8800

PART 33
OFFSET  17.2634 -3.0875 -5.6523
X  0.4184 -0.8190 -0.3926
Y  0.8220  0.5254 -0.2199
Z  0.3864 -0.2307  0.8930

PART 34
OFFSET  17.4210 -2.5124 -6.7277
X -0.1052  0.3804 -0.9188
Y  0.0211  0.9246  0.3804
Z  0.9942  0.0207 -0.1052

PART 35
OFFSET  8.2442 -2.5598 -4.1681
X  0.9999 -0.0122 -0.0079
Y  0.0132  0.9880  0.1538
Z  0.0060 -0.1539  0.9881

PART 36
OFFSET  8.2442 -2.5598 -4.1681
X  0.9999 -0.0122 -0.0079
Y  0.0132  0.9880  0.1538
Z  0.0060 -0.1539  0.9881

PART 37
OFFSET  13.5546 -3.2655 -1.9243
X  0.9998 -0.0153  0.0122
Y  0.0132  0.9880  0.1538
Z -0.0145 -0.1537  0.9880

PART 38
OFFSET  12.4575 -2.6392 -3.9235
X  0.9999 -0.0122 -0.0079
Y  0.0132  0.9880  0.1538
Z  0.0060 -0.1539  0.9881

PART 39
OFFSET  28.3718 -2.6216 -5.4021
X  0.9999 -0.0122 -0.0079
Y  0.0132  0.9880  0.1538
Z  0.0060 -0.1539  0.9881

PART 40
OFFSET -0.0821 -1.8733 -7.8602
X  0.9999 -0.0122 -0.0079
Y  0.0132  0.9880  0.1538
Z  0.0060 -0.1539  0.9881

PART 41
OFFSET  20.6563 -2.5557 -5.2461
X  0.9999 -0.0122 -0.0079
Y  0.0132  0.9880  0.1538
Z  0.0060 -0.1539  0.9881

PART 42
OFFSET  23.3549 -2.5703 -5.4018
X  0.9999 -0.0122 -0.0079
Y  0.0132  0.9880  0.1538
Z  0.0060 -0.1539  0.9881

PART 43
OFFSET  27.7587 -2.6239 -5.4368
X  0.9999 -0.0122 -0.0079
Y  0.0132  0.9880  0.1538
Z  0.0060 -0.1539  0.9881

PART 44
OFFSET -12.3053 -10.2232 -6.1842
X -0.9319  0.3607  0.0382
Y -0.1456 -0.4684  0.8715
Z  0.3322  0.8066  0.4890

PART 45
OFFSET -1.0350 -14.5855 -6.6460
X -0.3789 -0.9251  0.0243
Y  0.9244 -0.3795 -0.0377
Z  0.0441  0.0082  0.9990

PART 46
OFFSET  2.1874 -6.7168 -6.8526
X -0.3789 -0.9251  0.0243
Y  0.0596 -0.0506 -0.9969
Z  0.9235 -0.3762  0.0744

PART 47
OFFSET  2.0506 -5.1377 -8.0579
X -0.3844 -0.9229  0.0215
Y -0.0566  0.0003 -0.9984
Z  0.9214 -0.3850 -0.0523

PART 48
OFFSET  1.3747 -4.4272 -7.3326
X -0.3844 -0.9229  0.0215
Y -0.0566  0.0003 -0.9984
Z  0.9214 -0.3850 -0.0523

PART 49
OFFSET  1.6042 -4.3790 -5.9840
X -0.3844 -0.9229  0.0215
Y -0.0566  0.0003 -0.9984
Z  0.9214 -0.3850 -0.0523

PART 50
OFFSET  3.3488 -3.8806 -6.9271
X -0.9579 -0.0881 -0.2732
Y  0.2770 -0.0338 -0.9603
Z  0.0754 -0.9955  0.0568

PART 51
OFFSET  3.4815 -3.3996 -5.9008
X -0.5108 -0.5810 -0.6337
Y  0.5762  0.3157 -0.7539
Z  0.6380 -0.7502  0.1736

PART 52
OFFSET  4.4907 -2.1356 -4.4678
X -0.9058 -0.3720  0.2027
Y -0.0725 -0.3352 -0.9393
Z  0.4173 -0.8656  0.2767

PART 53
OFFSET  5.9020 -1.4582 -4.8821
X -0.5288 -0.1448  0.8363
Y -0.6664 -0.5394 -0.5147
Z  0.5256 -0.8295  0.1887

PART 54
OFFSET  6.4610 -1.2545 -5.7864
X -0.8653  0.3148  0.3901
Y  0.1055  0.8751 -0.4723
Z -0.4900 -0.3675 -0.7905

PART 55
OFFSET  4.4407 -3.6411 -7.7356
X -0.9359 -0.2928  0.1958
Y  0.3103 -0.9485  0.0645
Z  0.1668  0.1211  0.9785

PART 56
OFFSET  6.5298 -2.8492 -8.0409
X -0.1191 -0.9893 -0.0846
Y  0.9435 -0.0863 -0.3199
Z  0.3092 -0.1179  0.9437

PART 57
OFFSET  6.6985 -1.4486 -7.9211
X  0.7611 -0.5623 -0.3234
Y  0.5853  0.8102 -0.0314
Z  0.2796 -0.1654  0.9458

PART 58
OFFSET  6.0237 -0.9501 -7.6344
X  0.9063  0.3320 -0.2614
Y -0.2859  0.9373  0.1993
Z  0.3112 -0.1059  0.9444

PART 59
OFFSET  5.1626 -1.2655 -7.3860
X -0.5588 -0.8270 -0.0617
Y -0.7597  0.4806  0.4380
Z -0.3326  0.2916 -0.8968

PART 60
OFFSET  4.4779 -3.7383 -7.0294
X -0.9719 -0.2352  0.0085
Y  0.2349 -0.9671  0.0978
Z -0.0148  0.0971  0.9952

PART 61
OFFSET  7.0077 -3.1637 -7.1972
X -0.1446 -0.9890  0.0318
Y  0.9362 -0.1472 -0.3190
Z  0.3202 -0.0164  0.9472

PART 62
OFFSET  7.2539 -1.4799 -7.2514
X  0.8743 -0.3814 -0.3002
Y  0.3749  0.9235 -0.0815
Z  0.3083 -0.0413  0.9504

PART 63
OFFSET  6.0422 -0.9514 -6.8353
X  0.8345  0.4935 -0.2449
Y -0.4603  0.8688  0.1823
Z  0.3028 -0.0394  0.9523

PART 64
OFFSET  5.1371 -1.4866 -6.5696
X -0.4059 -0.9026  0.1434
Y -0.8680  0.4298  0.2486
Z -0.2860 -0.0236 -0.9579

PART 65
OFFSET -0.8318 -4.7525 -7.2216
X -0.9339 -0.3532 -0.0555
Y -0.3396  0.9249 -0.1712
Z  0.1118 -0.1410 -0.9837

PART 66
OFFSET  6.9005 -3.8817 -5.1172
X -0.9880  0.0218 -0.1529
Y -0.0142 -0.9986 -0.0502
Z -0.1537 -0.0475  0.9870

PART 67
OFFSET  8.6400 -3.9200 -4.8481
X -0.3781 -0.9244 -0.0507
Y  0.9138 -0.3814  0.1395
Z -0.1483  0.0064  0.9889

PART 68
OFFSET  9.0907 -2.7959 -4.7264
X  0.0363 -0.9975 -0.0609
Y  0.9871  0.0263  0.1577
Z -0.1557 -0.0658  0.9856

PART 69
OFFSET  9.0497 -1.6692 -4.6576
X -0.9467  0.2825  0.1547
Y  0.2817  0.9591 -0.0271
Z -0.1560  0.0179 -0.9876

PART 70
OFFSET  7.0853 -3.7492 -6.1983
X -0.2739 -0.9592  0.0698
Y  0.9528 -0.2805 -0.1166
Z  0.1314  0.0346  0.9907

PART 71
OFFSET  7.6203 -1.8753 -6.3347
X  0.8213 -0.5628 -0.0936
Y  0.5481  0.8238 -0.1446
Z  0.1585  0.0675  0.9851

PART 72
OFFSET  6.4207 -1.0532 -6.1981
X  0.8886  0.4115 -0.2028
Y -0.4280  0.9027 -0.0436
Z  0.1651  0.1255  0.9783

PART 73
OFFSET  5.4129 -1.5195 -5.9753
X -0.4186 -0.9001  0.1208
Y -0.8847  0.4342  0.1698
Z -0.2053 -0.0358 -0.9780

PART 74
OFFSET  0.0000 -0.0000 -0.0000
X  1.0000 -0.0000  0.0000
Y  0.0000  1.0000  0.0000
Z  0.0000 -0.0000  1.0000

PART 75
OFFSET -0.0000 -0.0000 -0.0000
X  0.9994 -0.0000 -0.0349
Y  0.0030  0.9964  0.0847
Z  0.0348 -0.0848  0.9958

PART 76
OFFSET  1.6833 -0.3506  4.0646
X  0.9994 -0.0000 -0.0349
Y  0.0030  0.9964  0.0847
Z  0.0348 -0.0848  0.9958


FRAME 1989
PART 0
OFFSET -4.6318 -0.0000 -1.3770
X  1.0000 -0.0000  0.0000
Y  0.0000  1.0000  0.0000
Z  0.0000 -0.0000  1.0000

PART 1
OFFSET -4.6318 -0.0000 -1.3770
X  1.0000 -0.0000  0.0000
Y  0.0000  1.0000  0.0000
Z  0.0000 -0.0000  1.0000

PART 2
OFFSET -3.5060  6.3408 -6.7125
X  0.8557 -0.1808 -0.4849
Y -0.0943 -0.9758  0.1974
Z -0.5089 -0.1231 -0.8520

PART 3
OFFSET  6.8423  4.1541 -12.5771
X  0.6899 -0.4309  0.5817
Y -0.6388  0.0156  0.7692
Z -0.3405 -0.9023 -0.2645

PART 4
OFFSET  12.7101  0.4891 -7.6295
X  0.6899 -0.4309  0.5817
Y -0.7202 -0.3275  0.6116
Z -0.0730 -0.8409 -0.5363

PART 5
OFFSET  14.7791  1.4795 -6.9494
X  0.6946 -0.4286  0.5778
Y  0.3478  0.9031  0.2518
Z -0.6298  0.0261  0.7764

PART 6
OFFSET  13.9632 -0.6263 -8.1985
X  0.6946 -0.4286  0.5778
Y  0.3478  0.9031  0.2518
Z -0.6298  0.0261  0.7764

PART 7
OFFSET  13.5877  0.9474 -5.0301
X  0.6946 -0.4286  0.5778
Y  0.3478  0.9031  0.2518
Z -0.6298  0.0261  0.7764

PART 8
OFFSET  12.6749 -0.6739 -5.3164
X  0.6946 -0.4286  0.5778
Y  0.3478  0.9031  0.2518
Z -0.6298  0.0261  0.7764

PART 9
OFFSET  12.3625 -1.5537 -6.2532
X  0.6946 -0.4286  0.5778
Y  0.3478  0.9031  0.2518
Z -0.6298  0.0261  0.7764

PART 10
OFFSET  14.8251 -0.8319 -5.8462
X  0.9542 -0.1233  0.2724
Y -0.2990 -0.4082  0.8625
