// Export filename: `C:\projects\cod\t5\xanim_export\t5_viewmodels\ak47\ak47_grip_idle.XANIM_EXPORT`
// Source filename: `D:\projects\devanim\t5\animation_assets\viewmodels/ak47/grip_set/ak47_GRIP_idle.fbx`
// Export time: Mon Oct 12 22:08:59 2009

ANIMATION
VERSION 3

NUMPARTS 75
PART 0 "J_Shoulder_RI"
PART 1 "J_Elbow_RI"
PART 2 "tag_cambone"
PART 3 "tag_camera"
PART 4 "tag_gasmask"
PART 5 "tag_ads"
PART 6 "tag_torso"
PART 7 "J_Shoulder_LE"
PART 8 "J_Elbow_LE"
PART 9 "J_WristTwist_LE"
PART 10 "J_Sleave_Reshape_Bottom_LE_1"
PART 11 "J_Sleave_Reshape_Bottom_LE_2"
PART 12 "J_Sleave_Reshape_Top_LE_1"
PART 13 "J_Sleave_Reshape_Top_LE_2"
PART 14 "J_Sleave_Reshape_Top_LE_3"
PART 15 "J_Thumb_LE_0"
PART 16 "J_Thumb_LE_1"
PART 17 "J_Thumb_LE_2"
PART 18 "J_Thumb_LE_3"
PART 19 "J_PinkyPalm_LE"
PART 20 "J_Pinky_LE_0"
PART 21 "J_Pinky_LE_1"
PART 22 "J_Pinky_LE_2"
PART 23 "J_Pinky_LE_3"
PART 24 "J_RingPalm_LE"
PART 25 "J_Ring_LE_0"
PART 26 "J_Ring_LE_1"
PART 27 "J_Ring_LE_2"
PART 28 "J_Webbing_LE"
PART 29 "J_Index_LE_2"
PART 30 "J_Mid_LE_0"
PART 31 "J_Wrist_LE"
PART 32 "J_Index_LE_0"
PART 33 "J_Index_LE_1"
PART 34 "J_Mid_LE_1"
PART 35 "tag_weapon"
PART 36 "J_Ring_LE_3"
PART 37 "tag_knife_attach"
PART 38 "J_Mid_LE_3"
PART 39 "J_Mid_LE_2"
PART 40 "J_Index_LE_3"
PART 41 "J_WristTwist_RI"
PART 42 "J_Sleave_Reshape_Top_RI_3"
PART 43 "J_Sleave_Reshape_Top_RI_2"
PART 44 "J_Sleave_Reshape_Top_RI_1"
PART 45 "J_Wrist_RI"
PART 46 "J_Thumb_RI_0"
PART 47 "J_Thumb_RI_1"
PART 48 "J_Thumb_RI_2"
PART 49 "J_Thumb_RI_3"
PART 50 "J_PinkyPalm_RI"
PART 51 "J_Pinky_RI_0"
PART 52 "J_Pinky_RI_1"
PART 53 "J_Pinky_RI_2"
PART 54 "J_Pinky_RI_3"
PART 55 "J_RingPalm_RI"
PART 56 "J_Ring_RI_0"
PART 57 "J_Ring_RI_1"
PART 58 "J_Ring_RI_2"
PART 59 "J_Ring_RI_3"
PART 60 "J_Webbing_RI"
PART 61 "J_Index_RI_0"
PART 62 "J_Index_RI_1"
PART 63 "J_Index_RI_2"
PART 64 "J_Index_RI_3"
PART 65 "J_Mid_RI_0"
PART 66 "J_Mid_RI_1"
PART 67 "J_Mid_RI_2"
PART 68 "J_Mid_RI_3"
PART 69 "J_Gun"
PART 70 "J_Bolt2"
PART 71 "TAG_CLIP"
PART 72 "J_Trigger"
PART 73 "TAG_BRASS"
PART 74 "TAG_FLASH"

FRAMERATE 30
NUMFRAMES 3

FRAME -2
PART 0
OFFSET -7.2604 -4.8127 -5.4071
X -0.4374  0.7155  0.5447
Y -0.3240 -0.6904  0.6468
Z  0.8389  0.1064  0.5338

PART 1
OFFSET -1.9711 -13.4662 -11.9952
X -0.4641 -0.7780 -0.4235
Y  0.8732 -0.3215 -0.3663
Z  0.1489 -0.5398  0.8285

PART 2
OFFSET  0.0000 -0.0000 -0.0000
X  1.0000 -0.0000  0.0000
Y  0.0000  1.0000  0.0000
Z  0.0000 -0.0000  1.0000

PART 3
OFFSET  0.0000 -0.0000 -0.0000
X  1.0000 -0.0000  0.0000
Y  0.0000  1.0000  0.0000
Z  0.0000 -0.0000  1.0000

PART 4
OFFSET  1.5404 -0.0000  4.1357
X  1.0000 -0.0000  0.0000
Y  0.0000  1.0000  0.0000
Z  0.0000 -0.0000  1.0000

PART 5
OFFSET  0.0000 -0.0000  0.0000
X  1.0000 -0.0000  0.0000
Y  0.0000  1.0000  0.0000
Z  0.0000 -0.0000  1.0000

PART 6
OFFSET -4.6318 -0.0000 -1.3770
X  1.0000 -0.0000  0.0000
Y  0.0000  1.0000  0.0000
Z  0.0000 -0.0000  1.0000

PART 7
OFFSET -3.5060  6.3408 -6.7125
X  0.9048 -0.2084 -0.3714
Y -0.1536 -0.9731  0.1718
Z -0.3972 -0.0984 -0.9124

PART 8
OFFSET  7.4363  3.8208 -11.2044
X  0.8527 -0.4283  0.2991
Y -0.4013 -0.1705  0.9000
Z -0.3344 -0.8874 -0.3172

PART 9
OFFSET  14.6891  0.1781 -8.6607
X  0.8527 -0.4283  0.2991
Y -0.3310 -0.0002  0.9436
Z -0.4041 -0.9037 -0.1419

PART 10
OFFSET  16.7886  1.2916 -8.3838
X  0.8560 -0.4249  0.2946
Y  0.3378  0.8910  0.3034
Z -0.3914 -0.1602  0.9062

PART 11
OFFSET  15.8135 -0.6901 -9.7189
X  0.8560 -0.4249  0.2946
Y  0.3378  0.8910  0.3034
Z -0.3914 -0.1602  0.9062

PART 12
OFFSET  16.2143  0.3516 -6.3410
X  0.8560 -0.4249  0.2946
Y  0.3378  0.8910  0.3034
Z -0.3914 -0.1602  0.9062

PART 13
OFFSET  15.6151 -0.9933 -6.8944
X  0.8560 -0.4249  0.2946
Y  0.3378  0.8910  0.3034
Z -0.3914 -0.1602  0.9062

PART 14
OFFSET  15.1206 -1.7576 -7.8539
X  0.8560 -0.4249  0.2946
Y  0.3378  0.8910  0.3034
Z -0.3914 -0.1602  0.9062

PART 15
OFFSET  17.1691 -1.5696 -6.6973
X  0.0662 -0.8115  0.5806
Y -0.9263  0.1663  0.3380
Z -0.3709 -0.5602 -0.7407

PART 16
OFFSET  17.1988 -3.3354 -5.4519
X  0.7418 -0.5854  0.3272
Y -0.6357 -0.4583  0.6212
Z -0.2137 -0.6687 -0.7121

PART 17
OFFSET  18.4103 -4.3280 -5.0406
X  0.9359 -0.0968 -0.3387
Y  0.1002 -0.8486  0.5194
Z -0.3377 -0.5200 -0.7845

PART 18
OFFSET  19.4086 -4.4710 -5.4340
X  0.9285  0.0877  0.3609
Y -0.3139  0.7049  0.6361
Z -0.1986 -0.7039  0.6820

PART 19
OFFSET  18.4679 -1.5890 -8.3275
X  0.9167 -0.3994 -0.0103
Y -0.3988 -0.9134 -0.0814
Z  0.0231  0.0788 -0.9966

PART 20
OFFSET  20.4754 -2.6098 -8.2156
X -0.4224 -0.8844  0.1987
Y -0.9033  0.4288 -0.0117
Z -0.0748 -0.1844 -0.9800

PART 21
OFFSET  19.8774 -3.8618 -7.9343
X -0.9973  0.0241  0.0700
Y  0.0066  0.9706 -0.2405
Z -0.0737 -0.2393 -0.9681

PART 22
OFFSET  18.9932 -3.8404 -7.8722
X -0.8026  0.5942 -0.0530
Y  0.5931  0.7852 -0.1779
Z -0.0641 -0.1742 -0.9826

PART 23
OFFSET  18.2307 -3.2759 -7.9225
X  0.2508 -0.9222  0.2943
Y  0.9561  0.1884 -0.2244
Z  0.1515  0.3377  0.9290

PART 24
OFFSET  18.3934 -1.4576 -7.6299
X  0.9596 -0.2360  0.1532
Y -0.2244 -0.9704 -0.0893
Z  0.1698  0.0513 -0.9841

PART 25
OFFSET  20.8223 -2.3229 -7.2978
X -0.3809 -0.9181  0.1101
Y -0.9200  0.3882  0.0545
Z -0.0927 -0.0805 -0.9924

PART 26
OFFSET  20.1739 -3.8859 -7.1104
X -0.9827  0.1690  0.0760
Y  0.1589  0.9795 -0.1238
Z -0.0953 -0.1096 -0.9894

PART 27
OFFSET  18.8120 -3.6516 -7.0051
X -0.6516  0.7581 -0.0254
Y  0.7533  0.6428 -0.1389
Z -0.0890 -0.1096 -0.9900

PART 28
OFFSET  19.1421 -2.2309 -4.9637
X  0.8379 -0.4909  0.2388
Y  0.4507  0.8689  0.2046
Z -0.3079 -0.0638  0.9493

PART 29
OFFSET  19.5707 -3.8132 -5.3640
X -0.9514  0.2590  0.1663
Y  0.2642  0.9644  0.0095
Z -0.1580  0.0530 -0.9860

PART 30
OFFSET  20.7755 -1.8052 -6.3283
X -0.1034 -0.9935  0.0472
Y -0.9946  0.1034 -0.0031
Z -0.0018 -0.0473 -0.9989

PART 31
OFFSET  17.3033 -1.1348 -7.7438
X  0.8658 -0.2205  0.4493
Y -0.4463  0.0663  0.8924
Z -0.2265 -0.9731 -0.0410

PART 32
OFFSET  20.4244 -1.5823 -5.3048
X  0.1460 -0.9868 -0.0707
Y -0.9795 -0.1542  0.1297
Z -0.1388  0.0503 -0.9890

PART 33
OFFSET  20.6814 -3.3196 -5.4292
X -0.9157 -0.4018  0.0039
Y -0.3997  0.9119  0.0927
Z -0.0408  0.0833 -0.9957

PART 34
OFFSET  20.5735 -3.7461 -6.2360
X -0.9790 -0.2033  0.0158
Y -0.2033  0.9791  0.0038
Z -0.0163  0.0005 -0.9999

PART 35
OFFSET  8.2563 -2.6698 -4.5431
X  1.0000 -0.0000  0.0000
Y  0.0000  1.0000  0.0000
Z  0.0000 -0.0000  1.0000

PART 36
OFFSET  18.1053 -2.8294 -7.0326
X  0.0992 -0.9937  0.0514
Y  0.9937  0.0963 -0.0566
Z  0.0513  0.0567  0.9971

PART 37
OFFSET  19.5457 -3.2513 -7.0692
X  0.1098  0.0164 -0.9938
Y  0.2266  0.9731  0.0410
Z  0.9678 -0.2297  0.1031

PART 38
OFFSET  18.2397 -3.3611 -6.1861
X  0.2264 -0.9739  0.0151
Y  0.9723  0.2250 -0.0628
Z  0.0578  0.0289  0.9979

PART 39
OFFSET  19.1435 -4.0431 -6.2129
X -0.7977  0.6024  0.0299
Y  0.6031  0.7966  0.0405
Z  0.0005  0.0503 -0.9987

PART 40
OFFSET  18.4960 -3.5206 -5.1761
X  0.0268 -0.9400 -0.3401
Y  0.9991  0.0366 -0.0224
Z  0.0335 -0.3392  0.9401

PART 41
OFFSET  1.9765 -6.8492 -8.3934
X -0.4641 -0.7780 -0.4235
Y  0.7732 -0.1226 -0.6222
Z  0.4322 -0.6162  0.6584

PART 42
OFFSET  1.8721 -4.8653 -8.5269
X -0.4697 -0.7744 -0.4238
Y -0.1603  0.5469 -0.8217
Z  0.8681 -0.3180 -0.3810

PART 43
OFFSET  1.3497 -4.6489 -7.4459
X -0.4697 -0.7744 -0.4238
Y -0.1603  0.5469 -0.8217
Z  0.8681 -0.3180 -0.3810

PART 44
OFFSET  1.7218 -5.3504 -6.3318
X -0.4697 -0.7744 -0.4238
Y -0.1603  0.5469 -0.8217
Z  0.8681 -0.3180 -0.3810

PART 45
OFFSET  3.3994 -4.4641 -7.0951
X -0.9546 -0.1418 -0.2621
Y  0.2850 -0.1775 -0.9420
Z  0.0871 -0.9739  0.2098

PART 46
OFFSET  3.5180 -3.8292 -6.1543
X -0.4986 -0.6783 -0.5397
Y  0.5783  0.2035 -0.7900
Z  0.6457 -0.7060  0.2908

PART 47
OFFSET  4.5003 -2.3464 -4.9271
X -0.9028 -0.3483  0.2521
Y -0.0610 -0.4767 -0.8770
Z  0.4256 -0.8071  0.4091

PART 48
OFFSET  5.9065 -1.7221 -5.4321
X -0.5336 -0.0214  0.8455
Y -0.6557 -0.6209 -0.4295
Z  0.5342 -0.7836  0.3173

PART 49
OFFSET  6.4702 -1.6526 -6.3536
X -0.8721  0.3596  0.3318
Y  0.0986  0.7934 -0.6007
Z -0.4792 -0.4912 -0.7274

PART 50
OFFSET  4.4947 -4.3373 -7.9243
X -0.9338 -0.2716  0.2329
Y  0.3213 -0.9230  0.2116
Z  0.1575  0.2724  0.9492

PART 51
OFFSET  6.5764 -3.5742 -8.3353
X -0.1064 -0.9920  0.0680
Y  0.9470 -0.1219 -0.2972
Z  0.3031  0.0328  0.9524

PART 52
OFFSET  6.7270 -2.1698 -8.4316
X  0.7704 -0.5952 -0.2284
Y  0.5756  0.8034 -0.1522
Z  0.2741 -0.0142  0.9616

PART 53
OFFSET  6.0439 -1.6420 -8.2291
X  0.9043  0.2998 -0.3040
Y -0.2988  0.9530  0.0509
Z  0.3049  0.0448  0.9513

PART 54
OFFSET  5.1848 -1.9268 -7.9403
X -0.5482 -0.8340  0.0630
Y -0.7690  0.5322  0.3543
Z -0.3290  0.1458 -0.9330

PART 55
OFFSET  4.5274 -4.3242 -7.2114
X -0.9690 -0.2439  0.0388
Y  0.2458 -0.9373  0.2469
Z -0.0239  0.2488  0.9683

PART 56
OFFSET  7.0514 -3.7488 -7.4504
X -0.1328 -0.9741  0.1828
Y  0.9405 -0.1821 -0.2870
Z  0.3128  0.1338  0.9403

PART 57
OFFSET  7.2775 -2.0904 -7.7617
X  0.8812 -0.4114 -0.2327
Y  0.3642  0.9048 -0.2204
Z  0.3012  0.1095  0.9472

PART 58
OFFSET  6.0562 -1.5202 -7.4391
X  0.8304  0.4610 -0.3130
Y -0.4723  0.8804  0.0436
Z  0.2956  0.1116  0.9488

PART 59
OFFSET  5.1556 -2.0201 -7.0996
X -0.3960 -0.8751  0.2782
Y -0.8751  0.4514  0.1743
Z -0.2781 -0.1744 -0.9446

PART 60
OFFSET -0.7678 -5.4264 -7.2768
X -0.9290 -0.3699 -0.0061
Y -0.3495  0.8829 -0.3136
Z  0.1214 -0.2892 -0.9495

PART 61
OFFSET  6.9363 -4.1395 -5.2855
X -0.9870 -0.0151 -0.1603
Y -0.0017 -0.9946  0.1040
Z -0.1610  0.1029  0.9816

PART 62
OFFSET  8.6740 -4.1128 -5.0032
X -0.3664 -0.9261  0.0899
Y  0.9173 -0.3433  0.2020
Z -0.1562  0.1565  0.9753

PART 63
OFFSET  9.1099 -2.9774 -5.0533
X  0.0489 -0.9944  0.0936
Y  0.9855  0.0633  0.1577
Z -0.1627  0.0845  0.9830

PART 64
OFFSET  9.0547 -1.8542 -5.1590
X -0.9513  0.2903  0.1037
Y  0.2703  0.9472 -0.1728
Z -0.1484 -0.1363 -0.9795

PART 65
OFFSET  7.1281 -4.1725 -6.3730
X -0.2627 -0.9406  0.2150
Y  0.9570 -0.2824 -0.0663
Z  0.1231  0.1883  0.9744

PART 66
OFFSET  7.6413 -2.3349 -6.7930
X  0.8288 -0.5596 -0.0009
Y  0.5392  0.7990 -0.2664
Z  0.1498  0.2203  0.9639

PART 67
OFFSET  6.4308 -1.5176 -6.7917
X  0.8851  0.3871 -0.2584
Y -0.4386  0.8795 -0.1846
Z  0.1558  0.2767  0.9482

PART 68
OFFSET  5.4270 -1.9574 -6.5059
X -0.4085 -0.8763  0.2554
Y -0.8912  0.4434  0.0957
Z -0.1971 -0.1885 -0.9621

PART 69
OFFSET  8.2563 -2.6698 -4.5431
X  1.0000 -0.0000  0.0000
Y  0.0000  1.0000  0.0000
Z  0.0000 -0.0000  1.0000

PART 70
OFFSET  13.5649 -2.9514 -2.1855
X  0.9998 -0.0000  0.0204
Y  0.0000  1.0000 -0.0000
Z -0.0204  0.0000  0.9998

PART 71
OFFSET  12.4681 -2.6548 -4.2640
X  1.0000 -0.0000  0.0000
Y  0.0000  1.0000  0.0000
Z  0.0000 -0.0000  1.0000

PART 72
OFFSET  10.6572 -2.6698 -5.6761
X  1.0000 -0.0000  0.0000
Y  0.0000  1.0000  0.0000
Z  0.0000 -0.0000  1.0000

PART 73
OFFSET  14.2297 -3.5065 -2.1284
X  0.0000 -0.8192  0.5736
Y  1.0000  0.0000  0.0000
Z -0.0000  0.5736  0.8192

PART 74
OFFSET  33.6623 -2.6540 -3.1888
X  1.0000 -0.0000  0.0000
Y  0.0000  1.0000  0.0000
Z  0.0000 -0.0000  1.0000


FRAME -1
PART 0
OFFSET -7.2604 -4.8127 -5.4071
X -0.4374  0.7155  0.5447
Y -0.3240 -0.6904  0.6468
Z  0.8389  0.1064  0.5338

PART 1
OFFSET -1.9711 -13.4662 -11.9952
X -0.4641 -0.7780 -0.4235
Y  0.8732 -0.3215 -0.3663
Z  0.1489 -0.5398  0.8285

PART 2
OFFSET  0.0000 -0.0000 -0.0000
X  1.0000 -0.0000  0.0000
Y  0.0000  1.0000  0.0000
Z  0.0000 -0.0000  1.0000

PART 3
OFFSET  0.0000 -0.0000 -0.0000
X  1.0000 -0.0000  0.0000
Y  0.0000  1.0000  0.0000
Z  0.0000 -0.0000  1.0000

PART 4
OFFSET  1.5404 -0.0000  4.1357
X  1.0000 -0.0000  0.0000
Y  0.0000  1.0000  0.0000
Z  0.0000 -0.0000  1.0000

PART 5
OFFSET  0.0000 -0.0000  0.0000
X  1.0000 -0.0000  0.0000
Y  0.0000  1.0000  0.0000
Z  0.0000 -0.0000  1.0000

PART 6
OFFSET -4.6318 -0.0000 -1.3770
X  1.0000 -0.0000  0.0000
Y  0.0000  1.0000  0.0000
Z  0.0000 -0.0000  1.0000

PART 7
OFFSET -3.5060  6.3408 -6.7125
X  0.9048 -0.2084 -0.3714
Y -0.1536 -0.9731  0.1718
Z -0.3972 -0.0984 -0.9124

PART 8
OFFSET  7.4363  3.8208 -11.2044
X  0.8527 -0.4283  0.2991
Y -0.4013 -0.1705  0.9000
Z -0.3344 -0.8874 -0.3172

PART 9
OFFSET  14.6891  0.1781 -8.6607
X  0.8527 -0.4283  0.2991
Y -0.3310 -0.0002  0.9436
Z -0.4041 -0.9037 -0.1419

PART 10
OFFSET  16.7886  1.2916 -8.3838
X  0.8560 -0.4249  0.2946
Y  0.3378  0.8910  0.3034
Z -0.3914 -0.1602  0.9062

PART 11
OFFSET  15.8135 -0.6901 -9.7189
X  0.8560 -0.4249  0.2946
Y  0.3378  0.8910  0.3034
Z -0.3914 -0.1602  0.9062

PART 12
OFFSET  16.2143  0.3516 -6.3410
X  0.8560 -0.4249  0.2946
Y  0.3378  0.8910  0.3034
Z -0.3914 -0.1602  0.9062

PART 13
OFFSET  15.6151 -0.9933 -6.8944
X  0.8560 -0.4249  0.2946
Y  0.3378  0.8910  0.3034
Z -0.3914 -0.1602  0.9062

PART 14
OFFSET  15.1206 -1.7576 -7.8539
X  0.8560 -0.4249  0.2946
Y  0.3378  0.8910  0.3034
Z -0.3914 -0.1602  0.9062

PART 15
OFFSET  17.1691 -1.5696 -6.6973
X  0.0662 -0.8115  0.5806
Y -0.9263  0.1663  0.3380
Z -0.3709 -0.5602 -0.7407

PART 16
OFFSET  17.1988 -3.3354 -5.4519
X  0.7418 -0.5854  0.3272
Y -0.6357 -0.4583  0.6212
Z -0.2137 -0.6687 -0.7121

PART 17
OFFSET  18.4103 -4.3280 -5.0406
X  0.9359 -0.0968 -0.3387
Y  0.1002 -0.8486  0.5194
Z -0.3377 -0.5200 -0.7845

PART 18
OFFSET  19.4086 -4.4710 -5.4340
X  0.9285  0.0877  0.3609
Y -0.3139  0.7049  0.6361
Z -0.1986 -0.7039  0.6820

PART 19
OFFSET  18.4679 -1.5890 -8.3275
X  0.9167 -0.3994 -0.0103
Y -0.3988 -0.9134 -0.0814
Z  0.0231  0.0788 -0.9966

PART 20
OFFSET  20.4754 -2.6098 -8.2156
X -0.4224 -0.8844  0.1987
Y -0.9033  0.4288 -0.0117
Z -0.0748 -0.1844 -0.9800

PART 21
OFFSET  19.8774 -3.8618 -7.9343
X -0.9973  0.0241  0.0700
Y  0.0066  0.9706 -0.2405
Z -0.0737 -0.2393 -0.9681

PART 22
OFFSET  18.9932 -3.8404 -7.8722
X -0.8026  0.5942 -0.0530
Y  0.5931  0.7852 -0.1779
Z -0.0641 -0.1742 -0.9826

PART 23
OFFSET  18.2307 -3.2759 -7.9225
X  0.2508 -0.9222  0.2943
Y  0.9561  0.1884 -0.2244
Z  0.1515  0.3377  0.9290

PART 24
OFFSET  18.3934 -1.4576 -7.6299
X  0.9596 -0.2360  0.1532
Y -0.2244 -0.9704 -0.0893
Z  0.1698  0.0513 -0.9841

PART 25
OFFSET  20.8223 -2.3229 -7.2978
X -0.3809 -0.9181  0.1101
Y -0.9200  0.3882  0.0545
Z -0.0927 -0.0805 -0.9924

PART 26
OFFSET  20.1739 -3.8859 -7.1104
X -0.9827  0.1690  0.0760
Y  0.1589  0.9795 -0.1238
Z -0.0953 -0.1096 -0.9894

PART 27
OFFSET  18.8120 -3.6516 -7.0051
X -0.6516  0.7581 -0.0254
Y  0.7533  0.6428 -0.1389
Z -0.0890 -0.1096 -0.9900

PART 28
OFFSET  19.1421 -2.2309 -4.9637
X  0.8379 -0.4909  0.2388
Y  0.4507  0.8689  0.2046
Z -0.3079 -0.0638  0.9493

PART 29
OFFSET  19.5707 -3.8132 -5.3640
X -0.9514  0.2590  0.1663
Y  0.2642  0.9644  0.0095
Z -0.1580  0.0530 -0.9860

PART 30
OFFSET  20.7755 -1.8052 -6.3283
X -0.1034 -0.9935  0.0472
Y -0.9946  0.1034 -0.0031
Z -0.0018 -0.0473 -0.9989

PART 31
OFFSET  17.3033 -1.1348 -7.7438
X  0.8658 -0.2205  0.4493
Y -0.4463  0.0663  0.8924
Z -0.2265 -0.9731 -0.0410

PART 32
OFFSET  20.4244 -1.5823 -5.3048
X  0.1460 -0.9868 -0.0707
Y -0.9795 -0.1542  0.1297
Z -0.1388  0.0503 -0.9890

PART 33
OFFSET  20.6814 -3.3196 -5.4292
X -0.9157 -0.4018  0.0039
Y -0.3997  0.9119  0.0927
Z -0.0408  0.0833 -0.9957

PART 34
OFFSET  20.5735 -3.7461 -6.2360
X -0.9790 -0.2033  0.0158
Y -0.2033  0.9791  0.0038
Z -0.0163  0.0005 -0.9999

PART 35
OFFSET  8.2563 -2.6698 -4.5431
X  1.0000 -0.0000  0.0000
Y  0.0000  1.0000  0.0000
Z  0.0000 -0.0000  1.0000

PART 36
OFFSET  18.1053 -2.8294 -7.0326
X  0.0992 -0.9937  0.0514
Y  0.9937  0.0963 -0.0566
Z  0.0513  0.0567  0.9971

PART 37
OFFSET  19.5457 -3.2513 -7.0692
X  0.1098  0.0164 -0.9938
Y  0.2266  0.9731  0.0410
Z  0.9678 -0.2297  0.1031

PART 38
OFFSET  18.2397 -3.3611 -6.1861
X  0.2264 -0.9739  0.0151
Y  0.9723  0.2250 -0.0628
Z  0.0578  0.0289  0.9979

PART 39
OFFSET  19.1435 -4.0431 -6.2129
X -0.7977  0.6024  0.0299
Y  0.6031  0.7966  0.0405
Z  0.0005  0.0503 -0.9987

PART 40
OFFSET  18.4960 -3.5206 -5.1761
X  0.0268 -0.9400 -0.3401
Y  0.9991  0.0366 -0.0224
Z  0.0335 -0.3392  0.9401

PART 41
OFFSET  1.9765 -6.8492 -8.3934
X -0.4641 -0.7780 -0.4235
Y  0.7732 -0.1226 -0.6222
Z  0.4322 -0.6162  0.6584

PART 42
OFFSET  1.8721 -4.8653 -8.5269
X -0.4697 -0.7744 -0.4238
Y -0.1603  0.5469 -0.8217
Z  0.8681 -0.3180 -0.3810

PART 43
OFFSET  1.3497 -4.6489 -7.4459
X -0.4697 -0.7744 -0.4238
Y -0.1603  0.5469 -0.8217
Z  0.8681 -0.3180 -0.3810

PART 44
OFFSET  1.7218 -5.3504 -6.3318
X -0.4697 -0.7744 -0.4238
Y -0.1603  0.5469 -0.8217
Z  0.8681 -0.3180 -0.3810

PART 45
OFFSET  3.3994 -4.4641 -7.0951
X -0.9546 -0.1418 -0.2621
Y  0.2850 -0.1775 -0.9420
Z  0.0871 -0.9739  0.2098

PART 46
OFFSET  3.5180 -3.8292 -6.1543
X -0.4986 -0.6783 -0.5397
Y  0.5783  0.2035 -0.7900
Z  0.6457 -0.7060  0.2908

PART 47
OFFSET  4.5003 -2.3464 -4.9271
X -0.9028 -0.3483  0.2521
Y -0.0610 -0.4767 -0.8770
Z  0.4256 -0.8071  0.4091

PART 48
OFFSET  5.9065 -1.7221 -5.4321
X -0.5336 -0.0214  0.8455
Y -0.6557 -0.6209 -0.4295
Z  0.5342 -0.7836  0.3173

PART 49
OFFSET  6.4702 -1.6526 -6.3536
X -0.8721  0.3596  0.3318
Y  0.0986  0.7934 -0.6007
Z -0.4792 -0.4912 -0.7274

PART 50
OFFSET  4.4947 -4.3373 -7.9243
X -0.9338 -0.2716  0.2329
Y  0.3213 -0.9230  0.2116
Z  0.1575  0.2724  0.9492

PART 51
OFFSET  6.5764 -3.5742 -8.3353
X -0.1064 -0.9920  0.0680
Y  0.9470 -0.1219 -0.2972
Z  0.3031  0.0328  0.9524

PART 52
OFFSET  6.7270 -2.1698 -8.4316
X  0.7704 -0.5952 -0.2284
Y  0.5756  0.8034 -0.1522
Z  0.2741 -0.0142  0.9616

PART 53
OFFSET  6.0439 -1.6420 -8.2291
X  0.9043  0.2998 -0.3040
Y -0.2988  0.9530  0.0509
Z  0.3049  0.0448  0.9513

PART 54
OFFSET  5.1848 -1.9268 -7.9403
X -0.5482 -0.8340  0.0630
Y -0.7690  0.5322  0.3543
Z -0.3290  0.1458 -0.9330

PART 55
OFFSET  4.5274 -4.3242 -7.2114
X -0.9690 -0.2439  0.0388
Y  0.2458 -0.9373  0.2469
Z -0.0239  0.2488  0.9683

PART 56
OFFSET  7.0514 -3.7488 -7.4504
X -0.1328 -0.9741  0.1828
Y  0.9405 -0.1821 -0.2870
Z  0.3128  0.1338  0.9403

PART 57
OFFSET  7.2775 -2.0904 -7.7617
X  0.8812 -0.4114 -0.2327
Y  0.3642  0.9048 -0.2204
Z  0.3012  0.1095  0.9472

PART 58
OFFSET  6.0562 -1.5202 -7.4391
X  0.8304  0.4610 -0.3130
Y -0.4723  0.8804  0.0436
Z  0.2956  0.1116  0.9488

PART 59
OFFSET  5.1556 -2.0201 -7.0996
X -0.3960 -0.8751  0.2782
Y -0.8751  0.4514  0.1743
Z -0.2781 -0.1744 -0.9446

PART 60
OFFSET -0.7678 -5.4264 -7.2768
X -0.9290 -0.3699 -0.0061
Y -0.3495  0.8829 -0.3136
Z  0.1214 -0.2892 -0.9495

PART 61
OFFSET  6.9363 -4.1395 -5.2855
X -0.9870 -0.0151 -0.1603
Y -0.0017 -0.9946  0.1040
Z -0.1610  0.1029  0.9816

PART 62
OFFSET  8.6740 -4.1128 -5.0032
X -0.3664 -0.9261  0.0899
Y  0.9173 -0.3433  0.2020
Z -0.1562  0.1565  0.9753

PART 63
OFFSET  9.1099 -2.9774 -5.0533
X  0.0489 -0.9944  0.0936
Y  0.9855  0.0633  0.1577
Z -0.1627  0.0845  0.9830

PART 64
OFFSET  9.0547 -1.8542 -5.1590
X -0.9513  0.2903  0.1037
Y  0.2703  0.9472 -0.1728
Z -0.1484 -0.1363 -0.9795

PART 65
OFFSET  7.1281 -4.1725 -6.3730
X -0.2627 -0.9406  0.2150
Y  0.9570 -0.2824 -0.0663
Z  0.1231  0.1883  0.9744

PART 66
OFFSET  7.6413 -2.3349 -6.7930
X  0.8288 -0.5596 -0.0009
Y  0.5392  0.7990 -0.2664
Z  0.1498  0.2203  0.9639

PART 67
OFFSET  6.4308 -1.5176 -6.7917
X  0.8851  0.3871 -0.2584
Y -0.4386  0.8795 -0.1846
Z  0.1558  0.2767  0.9482

PART 68
OFFSET  5.4270 -1.9574 -6.5059
X -0.4085 -0.8763  0.2554
Y -0.8912  0.4434  0.0957
Z -0.1971 -0.1885 -0.9621

PART 69
OFFSET  8.2563 -2.6698 -4.5431
X  1.0000 -0.0000  0.0000
Y  0.0000  1.0000  0.0000
Z  0.0000 -0.0000  1.0000

PART 70
OFFSET  13.5649 -2.9514 -2.1855
X  0.9998 -0.0000  0.0204
Y  0.0000  1.0000 -0.0000
Z -0.0204  0.0000  0.9998

PART 71
OFFSET  12.4681 -2.6548 -4.2640
X  1.0000 -0.0000  0.0000
Y  0.0000  1.0000  0.0000
Z  0.0000 -0.0000  1.0000

PART 72
OFFSET  10.6572 -2.6698 -5.6761
X  1.0000 -0.0000  0.0000
Y  0.0000  1.0000  0.0000
Z  0.0000 -0.0000  1.0000

PART 73
OFFSET  14.2297 -3.5065 -2.1284
X  0.0000 -0.8192  0.5736
Y  1.0000  0.0000  0.0000
Z -0.0000  0.5736  0.8192

PART 74
OFFSET  33.6623 -2.6540 -3.1888
X  1.0000 -0.0000  0.0000
Y  0.0000  1.0000  0.0000
Z  0.0000 -0.0000  1.0000


FRAME 0
PART 0
OFFSET -7.2604 -4.8127 -5.4071
X -0.4374  0.7155  0.5447
Y -0.3240 -0.6904  0.6468
Z  0.8389  0.1064  0.5338

PART 1
OFFSET -1.9711 -13.4662 -11.9952
X -0.4641 -0.7780 -0.4235
Y  0.8732 -0.3215 -0.3663
Z  0.1489 -0.5398  0.8285

PART 2
OFFSET  0.0000 -0.0000 -0.0000
X  1.0000 -0.0000  0.0000
Y  0.0000  1.0000  0.0000
Z  0.0000 -0.0000  1.0000

PART 3
OFFSET  0.0000 -0.0000 -0.0000
X  1.0000 -0.0000  0.0000
Y  0.0000  1.0000  0.0000
Z  0.0000 -0.0000  1.0000

PART 4
OFFSET  1.5404 -0.0000  4.1357
X  1.0000 -0.0000  0.0000
Y  0.0000  1.0000  0.0000
Z  0.0000 -0.0000  1.0000

PART 5
OFFSET  0.0000 -0.0000  0.0000
X  1.0000 -0.0000  0.0000
Y  0.0000  1.0000  0.0000
Z  0.0000 -0.0000  1.0000

PART 6
OFFSET -4.6318 -0.0000 -1.3770
X  1.0000 -0.0000  0.0000
Y  0.0000  1.0000  0.0000
Z  0.0000 -0.0000  1.0000

PART 7
OFFSET -3.5060  6.3408 -6.7125
X  0.9048 -0.2084 -0.3714
Y -0.1536 -0.9731  0.1718
Z -0.3972 -0.0984 -0.9124

PART 8
OFFSET  7.4363  3.8208 -11.2044
X  0.8527 -0.4283  0.2991
Y -0.4013 -0.1705  0.9000
Z -0.3344 -0.8874 -0.3172

PART 9
OFFSET  14.6891  0.1781 -8.6607
X  0.8527 -0.4283  0.2991
Y -0.3310 -0.0002  0.9436
Z -0.4041 -0.9037 -0.1419

PART 10
OFFSET  16.7886  1.2916 -8.3838
X  0.8560 -0.4249  0.2946
Y  0.3378  0.8910  0.3034
Z -0.3914 -0.1602  0.9062

PART 11
OFFSET  15.8135 -0.6901 -9.7189
X  0.8560 -0.4249  0.2946
Y  0.3378  0.8910  0.3034
Z -0.3914 -0.1602  0.9062

PART 12
OFFSET  16.2143  0.3516 -6.3410
X  0.8560 -0.4249  0.2946
Y  0.3378  0.8910  0.3034
Z -0.3914 -0.1602  0.9062

PART 13
OFFSET  15.6151 -0.9933 -6.8944
X  0.8560 -0.4249  0.2946
Y  0.3378  0.8910  0.3034
Z -0.3914 -0.1602  0.9062

PART 14
OFFSET  15.1206 -1.7576 -7.8539
X  0.8560 -0.4249  0.2946
Y  0.3378  0.8910  0.3034
Z -0.3914 -0.1602  0.9062

PART 15
OFFSET  17.1691 -1.5696 -6.6973
X  0.0662 -0.8115  0.5806
Y -0.9263  0.1663  0.3380
Z -0.3709 -0.5602 -0.7407

PART 16
OFFSET  17.1988 -3.3354 -5.4519
X  0.7418 -0.5854  0.3272
Y -0.6357 -0.4583  0.6212
Z -0.2137 -0.6687 -0.7121

PART 17
OFFSET  18.4103 -4.3280 -5.0406
X  0.9359 -0.0968 -0.3387
Y  0.1002 -0.8486  0.5194
Z -0.3377 -0.5200 -0.7845

PART 18
OFFSET  19.4086 -4.4710 -5.4340
X  0.9285  0.0877  0.3609
Y -0.3139  0.7049  0.6361
Z -0.1986 -0.7039  0.6820

PART 19
OFFSET  18.4679 -1.5890 -8.3275
X  0.9167 -0.3994 -0.0103
Y -0.3988 -0.9134 -0.0814
Z  0.0231  0.0788 -0.9966

PART 20
OFFSET  20.4754 -2.6098 -8.2156
X -0.4224 -0.8844  0.1987
Y -0.9033  0.4288 -0.0117
Z -0.0748 -0.1844 -0.9800

PART 21
OFFSET  19.8774 -3.8618 -7.9343
X -0.9973  0.0241  0.0700
Y  0.0066  0.9706 -0.2405
Z -0.0737 -0.2393 -0.9681

PART 22
OFFSET  18.9932 -3.8404 -7.8722
X -0.8026  0.5942 -0.0530
Y  0.5931  0.7852 -0.1779
Z -0.0641 -0.1742 -0.9826

PART 23
OFFSET  18.2307 -3.2759 -7.9225
X  0.2508 -0.9222  0.2943
Y  0.9561  0.1884 -0.2244
Z  0.1515  0.3377  0.9290

PART 24
OFFSET  18.3934 -1.4576 -7.6299
X  0.9596 -0.2360  0.1532
Y -0.2244 -0.9704 -0.0893
Z  0.1698  0.0513 -0.9841

PART 25
OFFSET  20.8223 -2.3229 -7.2978
X -0.3809 -0.9181  0.1101
Y -0.9200  0.3882  0.0545
Z -0.0927 -0.0805 -0.9924

PART 26
OFFSET  20.1739 -3.8859 -7.1104
X -0.9827  0.1690  0.0760
Y  0.1589  0.9795 -0.1238
Z -0.0953 -0.1096 -0.9894

PART 27
OFFSET  18.8120 -3.6516 -7.0051
X -0.6516  0.7581 -0.0254
Y  0.7533  0.6428 -0.1389
Z -0.0890 -0.1096 -0.9900

PART 28
OFFSET  19.1421 -2.2309 -4.9637
X  0.8379 -0.4909  0.2388
Y  0.4507  0.8689  0.2046
Z -0.3079 -0.0638  0.9493

PART 29
OFFSET  19.5707 -3.8132 -5.3640
X -0.9514  0.2590  0.1663
Y  0.2642  0.9644  0.0095
Z -0.1580  0.0530 -0.9860

PART 30
OFFSET  20.7755 -1.8052 -6.3283
X -0.1034 -0.9935  0.0472
Y -0.9946  0.1034 -0.0031
Z -0.0018 -0.0473 -0.9989

PART 31
OFFSET  17.3033 -1.1348 -7.7438
X  0.8658 -0.2205  0.4493
Y -0.4463  0.0663  0.8924
Z -0.2265 -0.9731 -0.0410

PART 32
OFFSET  20.4244 -1.5823 -5.3048
X  0.1460 -0.9868 -0.0707
Y -0.9795 -0.1542  0.1297
Z -0.1388  0.0503 -0.9890

PART 33
OFFSET  20.6814 -3.3196 -5.4292
X -0.9157 -0.4018  0.0039
Y -0.3997  0.9119  0.0927
Z -0.0408  0.0833 -0.9957

PART 34
OFFSET  20.5735 -3.7461 -6.2360
X -0.9790 -0.2033  0.0158
Y -0.2033  0.9791  0.0038
Z -0.0163  0.0005 -0.9999

PART 35
OFFSET  8.2563 -2.6698 -4.5431
X  1.0000 -0.0000  0.0000
Y  0.0000  1.0000  0.0000
Z  0.0000 -0.0000  1.0000

PART 36
OFFSET  18.1053 -2.8294 -7.0326
X  0.0992 -0.9937  0.0514
Y  0.9937  0.0963 -0.0566
Z  0.0513  0.0567  0.9971

PART 37
OFFSET  19.5457 -3.2513 -7.0692
X  0.1098  0.0164 -0.9938
Y  0.2266  0.9731  0.0410
Z  0.9678 -0.2297  0.1031

PART 38
OFFSET  18.2397 -3.3611 -6.1861
X  0.2264 -0.9739  0.0151
Y  0.9723  0.2250 -0.0628
Z  0.0578  0.0289  0.9979

PART 39
OFFSET  19.1435 -4.0431 -6.2129
X -0.7977  0.6024  0.0299
Y  0.6031  0.7966  0.0405
Z  0.0005  0.0503 -0.9987

PART 40
OFFSET  18.4960 -3.5206 -5.1761
X  0.0268 -0.9400 -0.3401
Y  0.9991  0.0366 -0.0224
Z  0.0335 -0.3392  0.9401

PART 41
OFFSET  1.9765 -6.8492 -8.3934
X -0.4641 -0.7780 -0.4235
Y  0.7732 -0.1226 -0.6222
Z  0.4322 -0.6162  0.6584

PART 42
OFFSET  1.8721 -4.8653 -8.5269
X -0.4697 -0.7744 -0.4238
Y -0.1603  0.5469 -0.8217
Z  0.8681 -0.3180 -0.3810

PART 43
OFFSET  1.3497 -4.6489 -7.4459
X -0.4697 -0.7744 -0.4238
Y -0.1603  0.5469 -0.8217
Z  0.8681 -0.3180 -0.3810

PART 44
OFFSET  1.7218 -5.3504 -6.3318
X -0.4697 -0.7744 -0.4238
Y -0.1603  0.5469 -0.8217
Z  0.8681 -0.3180 -0.3810

PART 45
OFFSET  3.3994 -4.4641 -7.0951
X -0.9546 -0.1418 -0.2621
Y  0.2850 -0.1775 -0.9420
Z  0.0871 -0.9739  0.2098

PART 46
OFFSET  3.5180 -3.8292 -6.1543
X -0.4986 -0.6783 -0.5397
Y  0.5783  0.2035 -0.7900
Z  0.6457 -0.7060  0.2908

PART 47
OFFSET  4.5003 -2.3464 -4.9271
X -0.9028 -0.3483  0.2521
Y -0.0610 -0.4767 -0.8770
Z  0.4256 -0.8071  0.4091

PART 48
OFFSET  5.9065 -1.7221 -5.4321
X -0.5336 -0.0214  0.8455
Y -0.6557 -0.6209 -0.4295
Z  0.5342 -0.7836  0.3173

PART 49
OFFSET  6.4702 -1.6526 -6.3536
X -0.8721  0.3596  0.3318
Y  0.0986  0.7934 -0.6007
Z -0.4792 -0.4912 -0.7274

PART 50
OFFSET  4.4947 -4.3373 -7.9243
X -0.9338 -0.2716  0.2329
Y  0.3213 -0.9230  0.2116
Z  0.1575  0.2724  0.9492

PART 51
OFFSET  6.5764 -3.5742 -8.3353
X -0.1064 -0.9920  0.0680
Y  0.9470 -0.1219 -0.2972
Z  0.3031  0.0328  0.9524

PART 52
OFFSET  6.7270 -2.1698 -8.4316
X  0.7704 -0.5952 -0.2284
Y  0.5756  0.8034 -0.1522
Z  0.2741 -0.0142  0.9616

PART 53
OFFSET  6.0439 -1.6420 -8.2291
X  0.9043  0.2998 -0.3040
Y -0.2988  0.9530  0.0509
Z  0.3049  0.0448  0.9513

PART 54
OFFSET  5.1848 -1.9268 -7.9403
X -0.5482 -0.8340  0.0630
Y -0.7690  0.5322  0.3543
Z -0.3290  0.1458 -0.9330

PART 55
OFFSET  4.5274 -4.3242 -7.2114
X -0.9690 -0.2439  0.0388
Y  0.2458 -0.9373  0.2469
Z -0.0239  0.2488  0.9683

PART 56
OFFSET  7.0514 -3.7488 -7.4504
X -0.1328 -0.9741  0.1828
Y  0.9405 -0.1821 -0.2870
Z  0.3128  0.1338  0.9403

PART 57
OFFSET  7.2775 -2.0904 -7.7617
X  0.8812 -0.4114 -0.2327
Y  0.3642  0.9048 -0.2204
Z  0.3012  0.1095  0.9472

PART 58
OFFSET  6.0562 -1.5202 -7.4391
X  0.8304  0.4610 -0.3130
Y -0.4723  0.8804  0.0436
Z  0.2956  0.1116  0.9488

PART 59
OFFSET  5.1556 -2.0201 -7.0996
X -0.3960 -0.8751  0.2782
Y -0.8751  0.4514  0.1743
Z -0.2781 -0.1744 -0.9446

PART 60
OFFSET -0.7678 -5.4264 -7.2768
X -0.9290 -0.3699 -0.0061
Y -0.3495  0.8829 -0.3136
Z  0.1214 -0.2892 -0.9495

PART 61
OFFSET  6.9363 -4.1395 -5.2855
X -0.9870 -0.0151 -0.1603
Y -0.0017 -0.9946  0.1040
Z -0.1610  0.1029  0.9816

PART 62
OFFSET  8.6740 -4.1128 -5.0032
X -0.3664 -0.9261  0.0899
Y  0.9173 -0.3433  0.2020
Z -0.1562  0.1565  0.9753

PART 63
OFFSET  9.1099 -2.9774 -5.0533
X  0.0489 -0.9944  0.0936
Y  0.9855  0.0633  0.1577
Z -0.1627  0.0845  0.9830

PART 64
OFFSET  9.0547 -1.8542 -5.1590
X -0.9513  0.2903  0.1037
Y  0.2703  0.9472 -0.1728
Z -0.1484 -0.1363 -0.9795

PART 65
OFFSET  7.1281 -4.1725 -6.3730
X -0.2627 -0.9406  0.2150
Y  0.9570 -0.2824 -0.0663
Z  0.1231  0.1883  0.9744

PART 66
OFFSET  7.6413 -2.3349 -6.7930
X  0.8288 -0.5596 -0.0009
Y  0.5392  0.7990 -0.2664
Z  0.1498  0.2203  0.9639

PART 67
OFFSET  6.4308 -1.5176 -6.7917
X  0.8851  0.3871 -0.2584
Y -0.4386  0.8795 -0.1846
Z  0.1558  0.2767  0.9482

PART 68
OFFSET  5.4270 -1.9574 -6.5059
X -0.4085 -0.8763  0.2554
Y -0.8912  0.4434  0.0957
Z -0.1971 -0.1885 -0.9621

PART 69
OFFSET  8.2563 -2.6698 -4.5431
X  1.0000 -0.0000  0.0000
Y  0.0000  1.0000  0.0000
Z  0.0000 -0.0000  1.0000

PART 70
OFFSET  13.5649 -2.9514 -2.1855
X  0.9998 -0.0000  0.0204
Y  0.0000  1.0000 -0.0000
Z -0.0204  0.0000  0.9998

PART 71
OFFSET  12.4681 -2.6548 -4.2640
X  1.0000 -0.0000  0.0000
Y  0.0000  1.0000  0.0000
Z  0.0000 -0.0000  1.0000

PART 72
OFFSET  10.6572 -2.6698 -5.6761
X  1.0000 -0.0000  0.0000
Y  0.0000  1.0000  0.0000
Z  0.0000 -0.0000  1.0000

PART 73
OFFSET  14.2297 -3.5065 -2.1284
X  0.0000 -0.8192  0.5736
Y  1.0000  0.0000  0.0000
Z -0.0000  0.5736  0.8192

PART 74
OFFSET  33.6623 -2.6540 -3.1888
X  1.0000 -0.0000  0.0000
Y  0.0000  1.0000  0.0000
Z  0.0000 -0.0000  1.0000


NUMKEYS 0
