// Export filename: `C:\projects\cod\t5\xanim_export\t5_viewmodels\ak47\ak47_flame_ft_d2p_loop.XANIM_EXPORT`
// Source filename: `D:\projects\devanim\t5\animation_assets\viewmodels\ak47\ViewModel_AK47_FlameThrower_animated.fbx`
// Export time: Sat Jun 05 16:32:54 2010

ANIMATION
VERSION 3

NUMPARTS 81
PART 0 "tag_ads"
PART 1 "tag_torso"
PART 2 "J_Shoulder_LE"
PART 3 "J_Elbow_LE"
PART 4 "J_WristTwist_LE"
PART 5 "J_Sleave_Reshape_Bottom_LE_1"
PART 6 "J_Sleave_Reshape_Bottom_LE_2"
PART 7 "J_Sleave_Reshape_Top_LE_1"
PART 8 "J_Sleave_Reshape_Top_LE_2"
PART 9 "J_Sleave_Reshape_Top_LE_3"
PART 10 "J_Wrist_LE"
PART 11 "J_Thumb_LE_0"
PART 12 "J_Thumb_LE_1"
PART 13 "J_Thumb_LE_2"
PART 14 "J_Thumb_LE_3"
PART 15 "J_PinkyPalm_LE"
PART 16 "J_Pinky_LE_0"
PART 17 "J_Pinky_LE_1"
PART 18 "J_Pinky_LE_2"
PART 19 "J_Pinky_LE_3"
PART 20 "J_RingPalm_LE"
PART 21 "J_Ring_LE_0"
PART 22 "J_Ring_LE_1"
PART 23 "J_Ring_LE_2"
PART 24 "J_Ring_LE_3"
PART 25 "J_Webbing_LE"
PART 26 "J_Index_LE_0"
PART 27 "J_Index_LE_1"
PART 28 "J_Index_LE_2"
PART 29 "J_Index_LE_3"
PART 30 "J_Mid_LE_0"
PART 31 "J_Mid_LE_1"
PART 32 "J_Mid_LE_2"
PART 33 "J_Mid_LE_3"
PART 34 "tag_knife_attach"
PART 35 "tag_weapon"
PART 36 "J_Gun"
PART 37 "J_bolt"
PART 38 "TAG_CLIP"
PART 39 "TAG_FLASH"
PART 40 "tag_flame_unit"
PART 41 "tag_flamer_big_nozel"
PART 42 "tag_flamer_bracket"
PART 43 "tag_flamer_bottle"
PART 44 "tag_flamer_button"
PART 45 "tag_flamer_ring"
PART 46 "tag_flamer_flame"
PART 47 "tag_flamer_pilot_light"
PART 48 "J_Shoulder_RI"
PART 49 "J_Elbow_RI"
PART 50 "J_WristTwist_RI"
PART 51 "J_Sleave_Reshape_Top_RI_3"
PART 52 "J_Sleave_Reshape_Top_RI_2"
PART 53 "J_Sleave_Reshape_Top_RI_1"
PART 54 "J_Wrist_RI"
PART 55 "J_Thumb_RI_0"
PART 56 "J_Thumb_RI_1"
PART 57 "J_Thumb_RI_2"
PART 58 "J_Thumb_RI_3"
PART 59 "J_PinkyPalm_RI"
PART 60 "J_Pinky_RI_0"
PART 61 "J_Pinky_RI_1"
PART 62 "J_Pinky_RI_2"
PART 63 "J_Pinky_RI_3"
PART 64 "J_RingPalm_RI"
PART 65 "J_Ring_RI_0"
PART 66 "J_Ring_RI_1"
PART 67 "J_Ring_RI_2"
PART 68 "J_Ring_RI_3"
PART 69 "J_Webbing_RI"
PART 70 "J_Index_RI_0"
PART 71 "J_Index_RI_1"
PART 72 "J_Index_RI_2"
PART 73 "J_Index_RI_3"
PART 74 "J_Mid_RI_0"
PART 75 "J_Mid_RI_1"
PART 76 "J_Mid_RI_2"
PART 77 "J_Mid_RI_3"
PART 78 "tag_cambone"
PART 79 "tag_camera"
PART 80 "tag_gasmask"

FRAMERATE 30
NUMFRAMES 16

FRAME 1970
PART 0
OFFSET -4.6318 -0.0000 -1.3770
X  1.0000 -0.0000  0.0000
Y  0.0000  1.0000  0.0000
Z  0.0000 -0.0000  1.0000

PART 1
OFFSET -4.6318 -0.0000 -1.3770
X  1.0000 -0.0000  0.0000
Y  0.0000  1.0000  0.0000
Z  0.0000 -0.0000  1.0000

PART 2
OFFSET -3.5060  6.3408 -6.7125
X  0.6960 -0.1614 -0.6997
Y  0.2047 -0.8894  0.4087
Z -0.6883 -0.4277 -0.5860

PART 3
OFFSET  4.9112  4.3890 -15.1744
X  0.8648 -0.1276  0.4856
Y -0.4706  0.1306  0.8726
Z -0.1748 -0.9832  0.0529

PART 4
OFFSET  12.2670  3.3039 -11.0445
X  0.8648 -0.1276  0.4856
Y -0.4902 -0.4233  0.7619
Z  0.1084 -0.8969 -0.4287

PART 5
OFFSET  14.1539  4.7716 -11.1440
X  0.8681 -0.1257  0.4802
Y  0.1791  0.9816 -0.0669
Z -0.4630  0.1441  0.8746

PART 6
OFFSET  13.6074  2.2926 -11.6090
X  0.8681 -0.1257  0.4802
Y  0.1791  0.9816 -0.0669
Z -0.4630  0.1441  0.8746

PART 7
OFFSET  13.4916  4.6242 -8.9245
X  0.8681 -0.1257  0.4802
Y  0.1791  0.9816 -0.0669
Z -0.4630  0.1441  0.8746

PART 8
OFFSET  12.9125  2.8404 -8.5624
X  0.8681 -0.1257  0.4802
Y  0.1791  0.9816 -0.0669
Z -0.4630  0.1441  0.8746

PART 9
OFFSET  12.6338  1.6904 -9.1535
X  0.8681 -0.1257  0.4802
Y  0.1791  0.9816 -0.0669
Z -0.4630  0.1441  0.8746

PART 10
OFFSET  14.9184  2.9128 -9.5559
X  0.7060  0.6811 -0.1940
Y  0.0213  0.2534  0.9671
Z  0.7079 -0.6869  0.1644

PART 11
OFFSET  15.5472  3.1817 -8.6424
X  0.9207  0.2425  0.3056
Y -0.3579  0.2131  0.9091
Z  0.1553 -0.9465  0.2830

PART 12
OFFSET  17.5070  3.6736 -7.8764
X  0.7500  0.3213 -0.5781
Y  0.5299  0.2312  0.8159
Z  0.3958 -0.9183  0.0031

PART 13
OFFSET  18.7305  4.0757 -8.8580
X  0.0169 -0.2308 -0.9729
Y  0.9594  0.2777 -0.0492
Z  0.2815 -0.9325  0.2261

PART 14
OFFSET  18.7781  3.7882 -9.9005
X  0.0294  0.4859 -0.8735
Y -0.5107  0.7585  0.4047
Z  0.8592  0.4342  0.2705

PART 15
OFFSET  15.6360  3.0790 -10.7224
X  0.6875  0.3967 -0.6083
Y  0.6861 -0.6293  0.3651
Z -0.2379 -0.6683 -0.7048

PART 16
OFFSET  17.2995  3.9905 -11.9417
X  0.9492 -0.2567  0.1822
Y -0.2978 -0.5445  0.7841
Z -0.1020 -0.7985 -0.5933

PART 17
OFFSET  18.6433  3.6271 -11.6837
X -0.2402 -0.5764  0.7811
Y -0.9696  0.1813 -0.1644
Z -0.0468 -0.7968 -0.6024

PART 18
OFFSET  18.4303  3.1160 -10.9911
X -0.6851 -0.3923  0.6138
Y -0.7203  0.4911 -0.4900
Z -0.1092 -0.7778 -0.6190

PART 19
OFFSET  17.7795  2.7433 -10.4080
X  0.9919  0.1043 -0.0724
Y -0.1167  0.5249 -0.8431
Z -0.0499  0.8447  0.5328

PART 20
OFFSET  15.7066  3.4931 -10.1454
X  0.6696  0.5662 -0.4807
Y  0.6917 -0.7112  0.1257
Z -0.2707 -0.4166 -0.8678

PART 21
OFFSET  17.5107  4.8517 -11.4330
X  0.9509 -0.3029  0.0631
Y -0.2466 -0.6190  0.7457
Z -0.1868 -0.7246 -0.6633

PART 22
OFFSET  19.1297  4.3360 -11.3255
X -0.2057 -0.6369  0.7430
Y -0.9658  0.2547 -0.0491
Z -0.1580 -0.7276 -0.6675

PART 23
OFFSET  18.8446  3.4533 -10.2959
X -0.9269 -0.1264  0.3533
Y -0.3405  0.6788 -0.6506
Z -0.1576 -0.7233 -0.6723

PART 24
OFFSET  17.8393  3.3162 -9.9127
X  0.9462 -0.3198  0.0491
Y  0.2594  0.6590 -0.7060
Z  0.1934  0.6808  0.7065

PART 25
OFFSET  17.5080  5.0467 -8.5304
X  0.8570  0.4009 -0.3239
Y -0.4708  0.8645 -0.1757
Z  0.2096  0.3031  0.9296

PART 26
OFFSET  17.4222  6.0133 -9.6437
X  0.8755  0.1400 -0.4626
Y  0.3676 -0.8142  0.4494
Z -0.3137 -0.5635 -0.7642

PART 27
OFFSET  18.9636  6.2597 -10.4581
X  0.7843 -0.6203  0.0100
Y -0.4929 -0.6132  0.6172
Z -0.3768 -0.4890 -0.7867

PART 28
OFFSET  19.9399  5.5352 -10.3982
X  0.1480 -0.8190  0.5544
Y -0.9454  0.0474  0.3224
Z -0.2903 -0.5719 -0.7672

PART 29
OFFSET  20.1071  4.6102 -9.7719
X  0.7236  0.0629 -0.6873
Y -0.3837  0.8644 -0.3248
Z  0.5737  0.4988  0.6497

PART 30
OFFSET  17.4508  5.5425 -10.6427
X  0.9447 -0.2963 -0.1403
Y -0.1066 -0.6822  0.7233
Z -0.3101 -0.6684 -0.6761

PART 31
OFFSET  19.2964  4.9636 -10.9168
X -0.1651 -0.6468  0.7446
Y -0.9201  0.3730  0.1199
Z -0.3553 -0.6652 -0.6567

PART 32
OFFSET  19.0552  4.0189 -9.8292
X -0.8173 -0.0958  0.5683
Y -0.4223  0.7705 -0.4775
Z -0.3921 -0.6303 -0.6701

PART 33
OFFSET  18.1271  3.9054 -9.1900
X  0.9215 -0.3784 -0.0879
Y  0.1731  0.6025 -0.7792
Z  0.3478  0.7028  0.6206

PART 34
OFFSET  17.8997  3.5761 -10.3527
X -0.2706 -0.4788 -0.8352
Y -0.7079  0.6869 -0.1644
Z  0.6524  0.5468 -0.5248

PART 35
OFFSET  10.9629 -0.8802 -4.9912
X  0.6990  0.6712 -0.2467
Y -0.7068  0.5958 -0.3814
Z -0.1090  0.4410  0.8909

PART 36
OFFSET  10.9629 -0.8802 -4.9912
X  0.6990  0.6712 -0.2467
Y -0.7068  0.5958 -0.3814
Z -0.1090  0.4410  0.8909

PART 37
OFFSET  14.6100  3.5494 -4.0913
X  0.6966  0.6801 -0.2285
Y -0.7068  0.5958 -0.3814
Z -0.1233  0.4272  0.8957

PART 38
OFFSET  13.8659  2.0789 -5.7874
X  0.6990  0.6712 -0.2467
Y -0.7068  0.5958 -0.3814
Z -0.1090  0.4410  0.8909

PART 39
OFFSET  29.6561  16.3331 -13.0454
X  0.6990  0.6712 -0.2467
Y -0.7068  0.5958 -0.3814
Z -0.1090  0.4410  0.8909

PART 40
OFFSET  10.6886 -2.3946 -6.8486
X  0.6990  0.6712 -0.2467
Y -0.7068  0.5958 -0.3814
Z -0.1090  0.4410  0.8909

PART 41
OFFSET  28.9659  15.6843 -12.8470
X -0.7068  0.5958 -0.3814
Y -0.6990 -0.6712  0.2467
Z -0.1090  0.4410  0.8909

PART 42
OFFSET  21.0359  7.6576 -9.3929
X -0.3677  0.1512  0.9176
Y -0.6044 -0.7888 -0.1122
Z  0.7068 -0.5958  0.3814

PART 43
OFFSET  21.0359  7.6576 -9.3929
X -0.7068  0.5958 -0.3814
Y -0.6990 -0.6712  0.2467
Z -0.1090  0.4410  0.8909

PART 44
OFFSET  20.6001  7.3431 -9.8366
X -0.7068  0.5958 -0.3814
Y -0.6990 -0.6712  0.2467
Z -0.1090  0.4410  0.8909

PART 45
OFFSET  19.6107  8.1772 -10.3706
X -0.6521  0.7399  0.1654
Y -0.6990 -0.6712  0.2467
Z  0.2935  0.0453  0.9549

PART 46
OFFSET  27.3396  14.2106 -12.1131
X  0.6990  0.6712 -0.2467
Y -0.7068  0.5958 -0.3814
Z -0.1090  0.4410  0.8909

PART 47
OFFSET  25.9620  14.2398 -13.1649
X  0.8331  0.4414  0.3332
Y  0.0851  0.4928 -0.8659
Z -0.5465  0.7498  0.3730

PART 48
OFFSET -10.8444 -11.7139 -5.9426
X -0.9690  0.2245 -0.1036
Y -0.1807 -0.3570  0.9165
Z  0.1687  0.9067  0.3865

PART 49
OFFSET  0.8740 -14.4285 -4.6896
X -0.7121 -0.6995  0.0598
Y  0.6986 -0.6976  0.1590
Z -0.0695  0.1550  0.9855

PART 50
OFFSET  6.9310 -8.4791 -5.1985
X -0.7121 -0.6995  0.0598
Y  0.3679 -0.4444 -0.8168
Z  0.5979 -0.5596  0.5739

PART 51
OFFSET  7.5633 -7.1839 -6.5725
X -0.7160 -0.6958  0.0559
Y  0.0613 -0.1425 -0.9879
Z  0.6954 -0.7039  0.1447

PART 52
OFFSET  7.1438 -6.1639 -6.0517
X -0.7160 -0.6958  0.0559
Y  0.0613 -0.1425 -0.9879
Z  0.6954 -0.7039  0.1447

PART 53
OFFSET  7.2197 -5.9841 -4.6969
X -0.7160 -0.6958  0.0559
Y  0.0613 -0.1425 -0.9879
Z  0.6954 -0.7039  0.1447

PART 54
OFFSET  9.1142 -6.3347 -5.3820
X -0.5385 -0.8408  0.0561
Y  0.4273 -0.3298 -0.8418
Z  0.7263 -0.4293  0.5369

PART 55
OFFSET  8.6459 -5.4619 -4.8153
X  0.1897 -0.9768 -0.0991
Y  0.3465  0.1610 -0.9241
Z  0.9187  0.1410  0.3690

PART 56
OFFSET  8.1508 -3.3779 -4.5299
X -0.4124 -0.7023  0.5802
Y  0.3899 -0.7117 -0.5844
Z  0.8234 -0.0148  0.5673

PART 57
OFFSET  8.7476 -2.2848 -5.5649
X -0.4500  0.0020  0.8930
Y  0.0273 -0.9995  0.0160
Z  0.8926  0.0316  0.4498

PART 58
OFFSET  9.1929 -2.2714 -6.5515
X -0.8999 -0.2248  0.3736
Y -0.4263  0.2740 -0.8621
Z  0.0915 -0.9351 -0.3424

PART 59
OFFSET  9.8807 -5.8896 -6.4393
X -0.4862 -0.6859  0.5415
Y  0.8539 -0.2410  0.4613
Z -0.1859  0.6866  0.7028

PART 60
OFFSET  10.8412 -4.2190 -7.6101
X  0.6193 -0.6325  0.4652
Y  0.7805  0.4319 -0.4519
Z  0.0849  0.6430  0.7612

PART 61
OFFSET  9.9644 -3.3235 -8.2687
X  0.9841  0.0617 -0.1665
Y -0.1489  0.7979 -0.5841
Z  0.0968  0.5996  0.7944

PART 62
OFFSET  9.0919 -3.3783 -8.1211
X  0.4534  0.6515 -0.6083
Y -0.8879  0.3897 -0.2444
Z  0.0778  0.6509  0.7552

PART 63
OFFSET  8.6612 -3.9972 -7.5432
X  0.1994 -0.8371  0.5095
Y -0.9522 -0.0428  0.3023
Z -0.2312 -0.5454 -0.8056

PART 64
OFFSET  9.8165 -5.5454 -5.8172
X -0.5092 -0.7786  0.3667
Y  0.8074 -0.2846  0.5169
Z -0.2981  0.5592  0.7736

PART 65
OFFSET  11.2002 -3.6140 -6.8724
X  0.5757 -0.5889  0.5672
Y  0.8174  0.3962 -0.4182
Z  0.0216  0.7044  0.7095

PART 66
OFFSET  10.2200 -2.6113 -7.8380
X  0.9321  0.2437 -0.2678
Y -0.3609  0.6864 -0.6314
Z  0.0299  0.6852  0.7278

PART 67
OFFSET  8.9282 -2.9491 -7.4669
X  0.2888  0.6940 -0.6595
Y -0.9571  0.2267 -0.1804
Z  0.0243  0.6833  0.7297

PART 68
OFFSET  8.6150 -3.7018 -6.7516
X  0.3113 -0.6645  0.6793
Y -0.9498 -0.2416  0.1990
Z  0.0319 -0.7072 -0.7063

PART 69
OFFSET  6.9011 -9.7851 -4.1489
X -0.3873 -0.8467  0.3649
Y -0.8341  0.1532 -0.5299
Z  0.3927 -0.5096 -0.7656

PART 70
OFFSET  11.1600 -2.9693 -4.7662
X -0.6617 -0.7421  0.1065
Y  0.6904 -0.5479  0.4724
Z -0.2923  0.3861  0.8749

PART 71
OFFSET  12.3251 -1.6626 -4.9536
X  0.3886 -0.7581  0.5237
Y  0.8618  0.5002  0.0846
Z -0.3261  0.4185  0.8477

PART 72
OFFSET  11.8328 -0.7156 -5.5388
X  0.7268 -0.5184  0.4506
Y  0.6269  0.7687 -0.1268
Z -0.2807  0.3746  0.8837

PART 73
OFFSET  11.0119 -0.1301 -6.0478
X -0.8815 -0.4198  0.2163
Y -0.4617  0.6696 -0.5819
Z  0.0994 -0.6128 -0.7840

PART 74
OFFSET  11.4359 -3.3398 -5.7697
X  0.4577 -0.6420  0.6151
Y  0.8758  0.4448 -0.1874
Z -0.1533  0.6245  0.7658

PART 75
OFFSET  10.5417 -2.0857 -6.9714
X  0.9749  0.2225  0.0082
Y -0.1587  0.7205 -0.6751
Z -0.1561  0.6568  0.7377

PART 76
OFFSET  9.1177 -2.4106 -6.9834
X  0.3733  0.7108 -0.5962
Y -0.9081  0.1483 -0.3917
Z -0.1900  0.6876  0.7008

PART 77
OFFSET  8.6957 -3.2204 -6.3133
X  0.3059 -0.6837  0.6626
Y -0.9468 -0.2918  0.1360
Z  0.1004 -0.6689 -0.7365

PART 78
OFFSET  0.0000 -0.0000 -0.0000
X  1.0000 -0.0000  0.0000
Y  0.0000  1.0000  0.0000
Z  0.0000 -0.0000  1.0000

PART 79
OFFSET -0.0000 -0.0000 -0.0000
X  0.9945 -0.0000 -0.1045
Y  0.0073  0.9976  0.0694
Z  0.1043 -0.0698  0.9921

PART 80
OFFSET  1.9633 -0.2885  3.9421
X  0.9945 -0.0000 -0.1045
Y  0.0073  0.9976  0.0694
Z  0.1043 -0.0698  0.9921


FRAME 1971
PART 0
OFFSET -4.6318 -0.0000 -1.3770
X  1.0000 -0.0000  0.0000
Y  0.0000  1.0000  0.0000
Z  0.0000 -0.0000  1.0000

PART 1
OFFSET -4.6318 -0.0000 -1.3770
X  1.0000 -0.0000  0.0000
Y  0.0000  1.0000  0.0000
Z  0.0000 -0.0000  1.0000

PART 2
OFFSET -3.5060  6.3408 -6.7125
X  0.7107 -0.1661 -0.6836
Y  0.2030 -0.8820  0.4253
Z -0.6736 -0.4411 -0.5931

PART 3
OFFSET  5.0890  4.3319 -14.9800
X  0.8520 -0.1131  0.5111
Y -0.4956  0.1404  0.8571
Z -0.1687 -0.9836  0.0636

PART 4
OFFSET  12.3360  3.3701 -10.6327
X  0.8520 -0.1131  0.5111
Y -0.5027 -0.4493  0.7386
Z  0.1461 -0.8862 -0.4396

PART 5
OFFSET  14.2137  4.8512 -10.7034
X  0.8554 -0.1113  0.5059
Y  0.1735  0.9818 -0.0774
Z -0.4880  0.1539  0.8591

PART 6
OFFSET  13.6991  2.3609 -11.1441
X  0.8554 -0.1113  0.5059
Y  0.1735  0.9818 -0.0774
Z -0.4880  0.1539  0.8591

PART 7
OFFSET  13.4915  4.7330 -8.5009
X  0.8554 -0.1113  0.5059
Y  0.1735  0.9818 -0.0774
Z -0.4880  0.1539  0.8591

PART 8
OFFSET  12.9096  2.9394 -8.1182
X  0.8554 -0.1113  0.5059
Y  0.1735  0.9818 -0.0774
Z -0.4880  0.1539  0.8591

PART 9
OFFSET  12.6561  1.7782 -8.6985
X  0.8554 -0.1113  0.5059
Y  0.1735  0.9818 -0.0774
Z -0.4880  0.1539  0.8591

PART 10
OFFSET  14.9480  3.0235 -9.0657
X  0.7322  0.6680 -0.1329
Y  0.0217  0.1721  0.9848
Z  0.6808 -0.7240  0.1115

PART 11
OFFSET  15.5779  3.1928 -8.1293
X  0.9262  0.1821  0.3302
Y -0.3582  0.1509  0.9214
Z  0.1180 -0.9716  0.2050

PART 12
OFFSET  17.5473  3.5468 -7.3133
X  0.7665  0.3396 -0.5451
Y  0.5305  0.1434  0.8355
Z  0.3619 -0.9296 -0.0702

PART 13
OFFSET  18.7936  3.9824 -8.2509
X  0.0174 -0.1505 -0.9885
Y  0.9693  0.2449 -0.0202
Z  0.2451 -0.9578  0.1502

PART 14
OFFSET  18.8402  3.7799 -9.3133
X  0.0552  0.5546 -0.8303
Y -0.4863  0.7412  0.4628
Z  0.8720  0.3783  0.3106

PART 15
OFFSET  15.6820  3.2582 -10.2102
X  0.7071  0.4194 -0.5692
Y  0.6592 -0.6822  0.3162
Z -0.2557 -0.5989 -0.7589

PART 16
OFFSET  17.3888  4.2041 -11.3399
X  0.9374 -0.3060  0.1663
Y -0.3247 -0.5956  0.7347
Z -0.1257 -0.7427 -0.6577

PART 17
OFFSET  18.7160  3.7709 -11.1044
X -0.2683 -0.6292  0.7294
Y -0.9608  0.2301 -0.1549
Z -0.0704 -0.7424 -0.6663

PART 18
OFFSET  18.4781  3.2131 -10.4577
X -0.7046 -0.4156  0.5752
Y -0.6973  0.5562 -0.4522
Z -0.1319 -0.7197 -0.6817

PART 19
OFFSET  17.8088  2.8182 -9.9113
X  0.9957  0.0728 -0.0575
Y -0.0897  0.5964 -0.7977
Z -0.0238  0.7994  0.6004

PART 20
OFFSET  15.7624  3.6206 -9.6005
X  0.6942  0.5785 -0.4282
Y  0.6640 -0.7444  0.0709
Z -0.2778 -0.3336 -0.9009

PART 21
OFFSET  17.6268  5.0122 -10.7606
X  0.9386 -0.3422  0.0438
Y -0.2760 -0.6685  0.6906
Z -0.2071 -0.6602 -0.7219

PART 22
OFFSET  19.2247  4.4295 -10.6861
X -0.2357 -0.6877  0.6866
Y -0.9553  0.2936 -0.0338
Z -0.1784 -0.6639 -0.7262

PART 23
OFFSET  18.8980  3.4764 -9.7345
X -0.9341 -0.1204  0.3360
Y -0.3095  0.7422 -0.5945
Z -0.1778 -0.6593 -0.7306

PART 24
OFFSET  17.8849  3.3458 -9.3701
X  0.9334 -0.3578  0.0284
Y  0.2898  0.7047 -0.6476
Z  0.2117  0.6127  0.7614

PART 25
OFFSET  17.6045  4.9680 -7.8519
X  0.8740  0.3939 -0.2845
Y -0.4372  0.8930 -0.1067
Z  0.2120  0.2177  0.9527

PART 26
OFFSET  17.5644  6.0253 -8.8822
X  0.8842  0.1448 -0.4441
Y  0.3334 -0.8615  0.3830
Z -0.3271 -0.4867 -0.8100

PART 27
OFFSET  19.1212  6.2802 -9.6641
X  0.7609 -0.6478 -0.0364
Y -0.5207 -0.6431  0.5615
Z -0.3872 -0.4083 -0.8267

PART 28
OFFSET  20.0698  5.5174 -9.6581
X  0.1128 -0.8667  0.4859
Y -0.9460  0.0559  0.3194
Z -0.3040 -0.4957 -0.8135

PART 29
OFFSET  20.1972  4.5385 -9.1092
X  0.7317  0.0922 -0.6753
Y -0.3488  0.9019 -0.2548
Z  0.5856  0.4220  0.6921

PART 30
OFFSET  17.5849  5.6375 -9.9164
X  0.9345 -0.3188 -0.1585
Y -0.1381 -0.7349  0.6640
Z -0.3281 -0.5986 -0.7308

PART 31
OFFSET  19.4105  5.0148 -10.2260
X -0.1955 -0.6992  0.6877
Y -0.9068  0.3959  0.1446
Z -0.3734 -0.5953 -0.7115

PART 32
OFFSET  19.1249  3.9935 -9.2215
X -0.8254 -0.1117  0.5534
Y -0.3894  0.8223 -0.4150
Z -0.4087 -0.5580 -0.7222

PART 33
OFFSET  18.1875  3.8625 -8.5996
X  0.9078 -0.4039 -0.1131
Y  0.2021  0.6576 -0.7258
Z  0.3675  0.6359  0.6786

PART 34
OFFSET  17.9588  3.6386 -9.7868
X -0.2803 -0.3981 -0.8735
Y -0.6808  0.7240 -0.1115
Z  0.6768  0.5634 -0.4739

PART 35
OFFSET  10.8146 -0.9818 -4.8536
X  0.7253  0.6627 -0.1862
Y -0.6809  0.6510 -0.3353
Z -0.1010  0.3701  0.9235

PART 36
OFFSET  10.8146 -0.9818 -4.8536
X  0.7253  0.6627 -0.1862
Y -0.6809  0.6510 -0.3353
Z -0.1010  0.3701  0.9235

PART 37
OFFSET  14.6131  3.2201 -3.5692
X  0.7231  0.6701 -0.1673
Y -0.6809  0.6510 -0.3353
Z -0.1158  0.3564  0.9271

PART 38
OFFSET  13.8312  1.9225 -5.3853
X  0.7253  0.6627 -0.1862
Y -0.6809  0.6510 -0.3353
Z -0.1010  0.3701  0.9235

PART 39
OFFSET  30.1986  16.1270 -11.3464
X  0.7253  0.6627 -0.1862
Y -0.6809  0.6510 -0.3353
Z -0.1010  0.3701  0.9235

PART 40
OFFSET  10.5021 -2.3272 -6.8312
X  0.7253  0.6627 -0.1862
Y -0.6809  0.6510 -0.3353
Z -0.1010  0.3701  0.9235

PART 41
OFFSET  29.4833  15.4902 -11.2064
X -0.6809  0.6510 -0.3353
Y -0.7253 -0.6627  0.1862
Z -0.1010  0.3701  0.9235

PART 42
OFFSET  21.2334  7.5077 -8.4746
X -0.3704  0.0889  0.9246
Y -0.6318 -0.7538 -0.1806
Z  0.6809 -0.6510  0.3353

PART 43
OFFSET  21.2334  7.5077 -8.4746
X -0.6809  0.6510 -0.3353
Y -0.7253 -0.6627  0.1862
Z -0.1010  0.3701  0.9235

PART 44
OFFSET  20.7905  7.2472 -8.9453
X -0.6809  0.6510 -0.3353
Y -0.7253 -0.6627  0.1862
Z -0.1010  0.3701  0.9235

PART 45
OFFSET  19.8372  8.1587 -9.4148
X -0.6387  0.7488  0.1769
Y -0.7253 -0.6627  0.1862
Z  0.2567 -0.0094  0.9664

PART 46
OFFSET  27.7974  14.0228 -10.6065
X  0.7253  0.6627 -0.1862
Y -0.6809  0.6510 -0.3353
Z -0.1010  0.3701  0.9235

PART 47
OFFSET  26.4316  14.1896 -11.6608
X  0.8457  0.3812  0.3735
Y  0.1111  0.5588 -0.8218
Z -0.5220  0.7365  0.4302

PART 48
OFFSET -10.8444 -11.7139 -5.9426
X -0.9645  0.2436 -0.1024
Y -0.1829 -0.3357  0.9241
Z  0.1907  0.9099  0.3683

PART 49
OFFSET  0.8197 -14.6595 -4.7041
X -0.6872 -0.7213  0.0864
Y  0.7240 -0.6701  0.1637
Z -0.0601  0.1750  0.9827

PART 50
OFFSET  6.6645 -8.5244 -5.4391
X -0.6872 -0.7213  0.0864
Y  0.3354 -0.4206 -0.8430
Z  0.6444 -0.5503  0.5310

PART 51
OFFSET  7.2324 -7.2406 -6.8513
X -0.6913 -0.7179  0.0825
Y  0.0516 -0.1629 -0.9853
Z  0.7208 -0.6769  0.1496

PART 52
OFFSET  6.7865 -6.2235 -6.3468
X -0.6913 -0.7179  0.0825
Y  0.0516 -0.1629 -0.9853
Z  0.7208 -0.6769  0.1496

PART 53
OFFSET  6.8762 -6.0104 -4.9977
X -0.6913 -0.7179  0.0825
Y  0.0516 -0.1629 -0.9853
Z  0.7208 -0.6769  0.1496

PART 54
OFFSET  8.7712 -6.3131 -5.7041
X -0.5694 -0.8219 -0.0167
Y  0.4227 -0.2753 -0.8635
Z  0.7051 -0.4987  0.5041

PART 55
OFFSET  8.3299 -5.4730 -5.0703
X  0.1547 -0.9718 -0.1781
Y  0.3607  0.2234 -0.9056
Z  0.9198  0.0759  0.3850

PART 56
OFFSET  7.9089 -3.4025 -4.6171
X -0.4431 -0.7318  0.5178
Y  0.3689 -0.6753 -0.6387
Z  0.8170 -0.0920  0.5692

PART 57
OFFSET  8.5548 -2.2511 -5.5548
X -0.4578 -0.0547  0.8874
Y -0.0094 -0.9978 -0.0663
Z  0.8890 -0.0387  0.4563

PART 58
OFFSET  9.0093 -2.1732 -6.5341
X -0.9110 -0.2211  0.3483
Y -0.4081  0.3596 -0.8392
Z  0.0603 -0.9065 -0.4178

PART 59
OFFSET  9.5631 -5.8115 -6.7164
X -0.5159 -0.7095  0.4801
Y  0.8402 -0.3097  0.4451
Z -0.1671  0.6330  0.7559

PART 60
OFFSET  10.5949 -4.0873 -7.7396
X  0.5914 -0.6912  0.4153
Y  0.7999  0.4382 -0.4099
Z  0.1014  0.5747  0.8121

PART 61
OFFSET  9.7576 -3.1087 -8.3275
X  0.9872  0.0385 -0.1548
Y -0.1142  0.8482 -0.5172
Z  0.1114  0.5283  0.8417

PART 62
OFFSET  8.8823 -3.1429 -8.1902
X  0.4825  0.6820 -0.5497
Y -0.8708  0.4412 -0.2169
Z  0.0946  0.5833  0.8067

PART 63
OFFSET  8.4239 -3.7908 -7.6680
X  0.1639 -0.8829  0.4399
Y -0.9559 -0.0320  0.2919
Z -0.2436 -0.4684 -0.8493

PART 64
OFFSET  9.5059 -5.5175 -6.0685
X -0.5407 -0.7866  0.2981
Y  0.7916 -0.3560  0.4966
Z -0.2845  0.5045  0.8152

PART 65
OFFSET  10.9689 -3.5587 -6.9523
X  0.5485 -0.6546  0.5202
Y  0.8351  0.3985 -0.3791
Z  0.0408  0.6424  0.7653

PART 66
OFFSET  10.0351 -2.4443 -7.8380
X  0.9429  0.2300 -0.2411
Y -0.3297  0.7489 -0.5748
Z  0.0483  0.6215  0.7820

PART 67
OFFSET  8.7283 -2.7631 -7.5039
X  0.3200  0.7346 -0.5983
Y -0.9465  0.2763 -0.1670
Z  0.0426  0.6197  0.7837

PART 68
OFFSET  8.3813 -3.5598 -6.8550
X  0.2806 -0.7292  0.6241
Y -0.9598 -0.2216  0.1726
Z  0.0124 -0.6474 -0.7620

PART 69
OFFSET  6.4220 -9.7684 -4.7733
X -0.4214 -0.8588  0.2915
Y -0.8230  0.2272 -0.5206
Z  0.3808 -0.4592 -0.8025

PART 70
OFFSET  10.9330 -3.0882 -4.8004
X -0.6894 -0.7232  0.0408
Y  0.6655 -0.6101  0.4299
Z -0.2860  0.3236  0.9020

PART 71
OFFSET  12.1468 -1.8149 -4.8723
X  0.3558 -0.8125  0.4618
Y  0.8787  0.4591  0.1308
Z -0.3183  0.3593  0.8773

PART 72
OFFSET  11.6950 -0.8053 -5.3805
X  0.7031 -0.5804  0.4108
Y  0.6558  0.7526 -0.0591
Z -0.2749  0.3110  0.9098

PART 73
OFFSET  10.9008 -0.1498 -5.8445
X -0.8982 -0.4030  0.1756
Y -0.4315  0.7318 -0.5275
Z  0.0841 -0.5495 -0.8312

PART 74
OFFSET  11.2044 -3.3850 -5.8294
X  0.4282 -0.7069  0.5629
Y  0.8932  0.4258 -0.1447
Z -0.1374  0.5648  0.8137

PART 75
OFFSET  10.3678 -2.0040 -6.9290
X  0.9823  0.1846  0.0325
Y -0.1261  0.7789 -0.6144
Z -0.1387  0.5994  0.7884

PART 76
OFFSET  8.9330 -2.2736 -6.9765
X  0.4045  0.7430 -0.5333
Y -0.8984  0.2137 -0.3837
Z -0.1712  0.6343  0.7539

PART 77
OFFSET  8.4755 -3.1194 -6.3781
X  0.2746 -0.7467  0.6058
Y -0.9580 -0.2665  0.1057
Z  0.0826 -0.6094 -0.7885

PART 78
OFFSET  0.0000 -0.0000 -0.0000
X  1.0000 -0.0000  0.0000
Y  0.0000  1.0000  0.0000
Z  0.0000 -0.0000  1.0000

PART 79
OFFSET -0.0000 -0.0000 -0.0000
X  0.9949  0.0000 -0.1011
Y  0.0066  0.9978  0.0653
Z  0.1009 -0.0657  0.9927

PART 80
OFFSET  1.9497 -0.2715  3.9500
X  0.9949  0.0000 -0.1011
Y  0.0066  0.9978  0.0653
Z  0.1009 -0.0657  0.9927


FRAME 1972
PART 0
OFFSET -4.6318 -0.0000 -1.3770
X  1.0000 -0.0000  0.0000
Y  0.0000  1.0000  0.0000
Z  0.0000 -0.0000  1.0000

PART 1
OFFSET -4.6318 -0.0000 -1.3770
X  1.0000 -0.0000  0.0000
Y  0.0000  1.0000  0.0000
Z  0.0000 -0.0000  1.0000

PART 2
OFFSET -3.5060  6.3408 -6.7125
X  0.7335 -0.1698 -0.6582
Y  0.1939 -0.8758  0.4421
Z -0.6515 -0.4519 -0.6094

PART 3
OFFSET  5.3645  4.2869 -14.6723
X  0.8345 -0.1018  0.5415
Y -0.5256  0.1476  0.8378
Z -0.1652 -0.9838  0.0697

PART 4
OFFSET  12.4623  3.4211 -10.0664
X  0.8345 -0.1018  0.5415
Y -0.5185 -0.4779  0.7091
Z  0.1866 -0.8725 -0.4516

PART 5
OFFSET  14.3329  4.9126 -10.0903
X  0.8380 -0.1000  0.5364
Y  0.1705  0.9818 -0.0833
Z -0.5183  0.1612  0.8399

PART 6
OFFSET  13.8479  2.4142 -10.5182
X  0.8380 -0.1000  0.5364
Y  0.1705  0.9818 -0.0833
Z -0.5183  0.1612  0.8399

PART 7
OFFSET  13.5358  4.8164 -7.9127
X  0.8380 -0.1000  0.5364
Y  0.1705  0.9818 -0.0833
Z -0.5183  0.1612  0.8399

PART 8
OFFSET  12.9446  3.0131 -7.5203
X  0.8380 -0.1000  0.5364
Y  0.1705  0.9818 -0.0833
Z -0.5183  0.1612  0.8399

PART 9
OFFSET  12.7178  1.8436 -8.0948
X  0.8380 -0.1000  0.5364
Y  0.1705  0.9818 -0.0833
Z -0.5183  0.1612  0.8399

PART 10
OFFSET  15.0206  3.1091 -8.4062
X  0.7648  0.6425 -0.0468
Y  0.0090  0.0620  0.9980
Z  0.6442 -0.7638  0.0417

PART 11
OFFSET  15.6378  3.1443 -7.4470
X  0.9264  0.1001  0.3629
Y -0.3701  0.0662  0.9266
Z  0.0687 -0.9928  0.0983

PART 12
OFFSET  17.6039  3.3116 -6.5660
X  0.7927  0.3599 -0.4921
Y  0.5189  0.0254  0.8544
Z  0.3200 -0.9326 -0.1666

PART 13
OFFSET  18.8884  3.7867 -7.4300
X  0.0312 -0.0421 -0.9986
Y  0.9798  0.1987  0.0222
Z  0.1975 -0.9792  0.0474

PART 14
OFFSET  18.9479  3.6998 -8.5074
X  0.0981  0.6389 -0.7630
Y -0.4612  0.7086  0.5340
Z  0.8818  0.2996  0.3642

PART 15
OFFSET  15.7884  3.4320 -9.5061
X  0.7375  0.4447 -0.5083
Y  0.6203 -0.7437  0.2493
Z -0.2671 -0.4992 -0.8243

PART 16
OFFSET  17.5604  4.4127 -10.4974
X  0.9186 -0.3671  0.1463
Y -0.3672 -0.6562  0.6592
Z -0.1460 -0.6593 -0.7376

PART 17
OFFSET  18.8610  3.8930 -10.2903
X -0.3123 -0.6917  0.6512
Y -0.9457  0.2917 -0.1437
Z -0.0906 -0.6607 -0.7452

PART 18
OFFSET  18.5841  3.2798 -9.7129
X -0.7349 -0.4417  0.5146
Y -0.6612  0.6352 -0.3990
Z -0.1507 -0.6335 -0.7589

PART 19
OFFSET  17.8860  2.8601 -9.2240
X  0.9990  0.0307 -0.0334
Y -0.0453  0.6838 -0.7283
Z  0.0005  0.7291  0.6845

PART 20
OFFSET  15.8727  3.7212 -8.8589
X  0.7290  0.5878 -0.3508
Y  0.6273 -0.7787 -0.0012
Z -0.2739 -0.2192 -0.9365

PART 21
OFFSET  17.8231  5.1401 -9.8288
X  0.9207 -0.3898  0.0205
Y -0.3209 -0.7261  0.6081
Z -0.2221 -0.5665 -0.7936

PART 22
OFFSET  19.3906  4.4765 -9.7939
X -0.2815 -0.7466  0.6027
Y -0.9398  0.3412 -0.0163
Z -0.1935 -0.5711 -0.7978

PART 23
OFFSET  19.0004  3.4418 -8.9585
X -0.9455 -0.1113  0.3059
Y -0.2624  0.8168 -0.5137
Z -0.1926 -0.5660 -0.8016

PART 24
OFFSET  17.9750  3.3210 -8.6268
X  0.9151 -0.4032  0.0034
Y  0.3355  0.7566 -0.5613
Z  0.2237  0.5148  0.8276

PART 25
OFFSET  17.7379  4.7788 -6.9435
X  0.8970  0.3802 -0.2255
Y -0.3933  0.9193 -0.0144
Z  0.2018  0.1016  0.9741

PART 26
OFFSET  17.7682  5.9433 -7.8513
X  0.8991  0.1498 -0.4114
Y  0.2852 -0.9133  0.2908
Z -0.3322 -0.3788 -0.8638

PART 27
OFFSET  19.3512  6.2070 -8.5756
X  0.7308 -0.6758 -0.0957
Y -0.5614 -0.6749  0.4788
Z -0.3882 -0.2962 -0.8727

PART 28
OFFSET  20.2632  5.4034 -8.6389
X  0.0625 -0.9191  0.3890
Y -0.9489  0.0661  0.3087
Z -0.3094 -0.3885 -0.8680

PART 29
OFFSET  20.3338  4.3653 -8.1995
X  0.7492  0.1303 -0.6494
Y -0.3015  0.9401 -0.1592
Z  0.5898  0.3150  0.7436

PART 30
OFFSET  17.7925  5.6705 -8.9216
X  0.9219 -0.3441 -0.1779
Y -0.1857 -0.7957  0.5765
Z -0.3400 -0.4985 -0.7975

PART 31
OFFSET  19.5935  4.9983 -9.2691
X -0.2419 -0.7601  0.6031
Y -0.8905  0.4208  0.1731
Z -0.3854 -0.4952 -0.7786

PART 32
OFFSET  19.2401  3.8881 -8.3881
X -0.8411 -0.1317  0.5246
Y -0.3423  0.8806 -0.3278
Z -0.4188 -0.4553 -0.7857

PART 33
OFFSET  18.2848  3.7351 -7.7993
X  0.8904 -0.4323 -0.1427
Y  0.2474  0.7226 -0.6455
Z  0.3822  0.5394  0.7503

PART 34
OFFSET  18.0710  3.6538 -9.0075
X -0.2800 -0.2861 -0.9164
Y -0.6442  0.7638 -0.0417
Z  0.7118  0.5786 -0.3981

PART 35
OFFSET  10.6195 -1.1296 -4.7276
X  0.7589  0.6434 -0.1005
Y -0.6430  0.7159 -0.2721
Z -0.1032  0.2712  0.9570

PART 36
OFFSET  10.6195 -1.1296 -4.7276
X  0.7589  0.6434 -0.1005
Y -0.6430  0.7159 -0.2721
Z -0.1032  0.2712  0.9570

PART 37
OFFSET  14.5799  2.7185 -2.9276
X  0.7566  0.6488 -0.0809
Y -0.6430  0.7159 -0.2721
Z -0.1186  0.2579  0.9588

PART 38
OFFSET  13.7773  1.6668 -4.8879
X  0.7589  0.6434 -0.1005
Y -0.6430  0.7159 -0.2721
Z -0.1032  0.2712  0.9570

PART 39
OFFSET  30.9036  15.6341 -8.9860
X  0.7589  0.6434 -0.1005
Y -0.6430  0.7159 -0.2721
Z -0.1032  0.2712  0.9570

PART 40
OFFSET  10.2869 -2.2338 -6.8462
X  0.7589  0.6434 -0.1005
Y -0.6430  0.7159 -0.2721
Z -0.1032  0.2712  0.9570

PART 41
OFFSET  30.1570  15.0210 -8.9285
X -0.6430  0.7159 -0.2721
Y -0.7589 -0.6434  0.1005
Z -0.1032  0.2712  0.9570

PART 42
OFFSET  21.4923  7.1938 -7.2247
X -0.3852  0.0049  0.9228
Y -0.6619 -0.6982 -0.2726
Z  0.6430 -0.7159  0.2721

PART 43
OFFSET  21.4923  7.1938 -7.2247
X -0.6430  0.7159 -0.2721
Y -0.7589 -0.6434  0.1005
Z -0.1032  0.2712  0.9570

PART 44
OFFSET  21.0478  7.0081 -7.7283
X -0.6430  0.7159 -0.2721
Y -0.7589 -0.6434  0.1005
Z -0.1032  0.2712  0.9570

PART 45
OFFSET  20.1476  8.0102 -8.1093
X -0.6317  0.7648  0.1266
Y -0.7589 -0.6434  0.1005
Z  0.1583 -0.0326  0.9869

PART 46
OFFSET  28.3930  13.5796 -8.5209
X  0.7589  0.6434 -0.1005
Y -0.6430  0.7159 -0.2721
Z -0.1032  0.2712  0.9570

PART 47
OFFSET  27.0587  13.9264 -9.5717
X  0.8543  0.2969  0.4266
Y  0.1539  0.6394 -0.7533
Z -0.4964  0.7092  0.5006

PART 48
OFFSET -10.8444 -11.7139 -5.9426
X -0.9606  0.2596 -0.0996
Y -0.1793 -0.3043  0.9355
Z  0.2126  0.9165  0.3389

PART 49
OFFSET  0.7725 -14.8535 -4.7380
X -0.6549 -0.7452  0.1258
Y  0.7543 -0.6345  0.1687
Z -0.0459  0.2053  0.9776

PART 50
OFFSET  6.3429 -8.5156 -5.8078
X -0.6549 -0.7452  0.1258
Y  0.2830 -0.3962 -0.8735
Z  0.7007 -0.5365  0.4703

PART 51
OFFSET  6.8267 -7.2580 -7.2738
X -0.6592 -0.7420  0.1218
Y  0.0367 -0.1936 -0.9804
Z  0.7510 -0.6418  0.1549

PART 52
OFFSET  6.3505 -6.2434 -6.7926
X -0.6592 -0.7420  0.1218
Y  0.0367 -0.1936 -0.9804
Z  0.7510 -0.6418  0.1549

PART 53
OFFSET  6.4607 -5.9817 -5.4536
X -0.6592 -0.7420  0.1218
Y  0.0367 -0.1936 -0.9804
Z  0.7510 -0.6418  0.1549

PART 54
OFFSET  8.3507 -6.2312 -6.1934
X -0.6062 -0.7868 -0.1163
Y  0.4276 -0.1991 -0.8818
Z  0.6706 -0.5843  0.4571

PART 55
OFFSET  7.9355 -5.4453 -5.4778
X  0.1135 -0.9527 -0.2818
Y  0.3895  0.3036 -0.8696
Z  0.9140 -0.0111  0.4055

PART 56
OFFSET  7.6009 -3.4190 -4.8055
X -0.4872 -0.7619  0.4268
Y  0.3507 -0.6183 -0.7034
Z  0.7998 -0.1930  0.5684

PART 57
OFFSET  8.3187 -2.2043 -5.6001
X -0.4784 -0.1294  0.8686
Y -0.0540 -0.9829 -0.1762
Z  0.8765 -0.1312  0.4632

PART 58
OFFSET  8.7968 -2.0417 -6.5576
X -0.9273 -0.2138  0.3073
Y -0.3734  0.4685 -0.8007
Z  0.0272 -0.8572 -0.5143

PART 59
OFFSET  9.1860 -5.6606 -7.1316
X -0.5580 -0.7321  0.3907
Y  0.8155 -0.3967  0.4214
Z -0.1536  0.5537  0.8184

PART 60
OFFSET  10.3174 -3.8863 -7.9418
X  0.5501 -0.7602  0.3457
Y  0.8277  0.4414 -0.3464
Z  0.1107  0.4767  0.8720

PART 61
OFFSET  9.5386 -2.8100 -8.4312
X  0.9909  0.0077 -0.1340
Y -0.0641  0.9043 -0.4222
Z  0.1180  0.4269  0.8966

PART 62
OFFSET  8.6600 -2.8169 -8.3124
X  0.5248  0.7140 -0.4634
Y -0.8448  0.5037 -0.1806
Z  0.1045  0.4862  0.8676

PART 63
OFFSET  8.1614 -3.4952 -7.8722
X  0.1138 -0.9327  0.3423
Y -0.9623 -0.0178  0.2715
Z -0.2471 -0.3603 -0.8995

PART 64
OFFSET  9.1288 -5.4368 -6.4561
X -0.5825 -0.7876  0.2009
Y  0.7638 -0.4459  0.4667
Z -0.2780  0.4253  0.8613

PART 65
OFFSET  10.6988 -3.4657 -7.0952
X  0.5067 -0.7332  0.4534
Y  0.8604  0.3970 -0.3196
Z  0.0544  0.5521  0.8320

PART 66
OFFSET  9.8361 -2.2174 -7.8671
X  0.9573  0.2094 -0.1993
Y -0.2827  0.8224 -0.4938
Z  0.0605  0.5290  0.8464

PART 67
OFFSET  8.5093 -2.5076 -7.5909
X  0.3660  0.7794 -0.5084
Y -0.9290  0.3381 -0.1504
Z  0.0547  0.5274  0.8479

PART 68
OFFSET  8.1124 -3.3529 -7.0394
X  0.2335 -0.8058  0.5442
Y -0.9724 -0.1927  0.1319
Z -0.0014 -0.5599 -0.8285

PART 69
OFFSET  5.8257 -9.6505 -5.6867
X -0.4666 -0.8642  0.1882
Y -0.8006  0.3222 -0.5052
Z  0.3760 -0.3864 -0.8422

PART 70
OFFSET  10.6395 -3.2325 -4.9053
X -0.7227 -0.6893 -0.0501
Y  0.6275 -0.6849  0.3704
Z -0.2896  0.2362  0.9275

PART 71
OFFSET  11.9120 -2.0189 -4.8171
X  0.3082 -0.8743  0.3749
Y  0.8960  0.3992  0.1945
Z -0.3198  0.2759  0.9064

PART 72
OFFSET  11.5179 -0.9392 -5.2178
X  0.6669 -0.6550  0.3553
Y  0.6909  0.7222  0.0346
Z -0.2793  0.2224  0.9341

PART 73
OFFSET  10.7647 -0.1993 -5.6191
X -0.9193 -0.3761  0.1158
Y -0.3861  0.8051 -0.4503
Z  0.0761 -0.4586 -0.8854

PART 74
OFFSET  10.9184 -3.4276 -5.9563
X  0.3833 -0.7841  0.4881
Y  0.9147  0.3956 -0.0828
Z -0.1282  0.4782  0.8688

PART 75
OFFSET  10.1696 -1.8958 -6.9099
X  0.9888  0.1324  0.0681
Y -0.0771  0.8466 -0.5266
Z -0.1274  0.5154  0.8474

PART 76
OFFSET  8.7253 -2.0892 -7.0095
X  0.4494  0.7765 -0.4416
Y -0.8793  0.2974 -0.3719
Z -0.1575  0.5555  0.8165

PART 77
OFFSET  8.2168 -2.9725 -6.5154
X  0.2271 -0.8209  0.5240
Y -0.9713 -0.2301  0.0605
Z  0.0709 -0.5227 -0.8496

PART 78
OFFSET  0.0000 -0.0000 -0.0000
X  1.0000 -0.0000  0.0000
Y  0.0000  1.0000  0.0000
Z  0.0000 -0.0000  1.0000

PART 79
OFFSET -0.0000 -0.0000 -0.0000
X  0.9957 -0.0000 -0.0925
Y  0.0052  0.9984  0.0561
Z  0.0924 -0.0564  0.9941

PART 80
OFFSET  1.9160 -0.2331  3.9689
X  0.9957 -0.0000 -0.0925
Y  0.0052  0.9984  0.0561
Z  0.0924 -0.0564  0.9941


FRAME 1973
PART 0
OFFSET -4.6318 -0.0000 -1.3770
X  1.0000 -0.0000  0.0000
Y  0.0000  1.0000  0.0000
Z  0.0000 -0.0000  1.0000

PART 1
OFFSET -4.6318 -0.0000 -1.3770
X  1.0000 -0.0000  0.0000
Y  0.0000  1.0000  0.0000
Z  0.0000 -0.0000  1.0000

PART 2
OFFSET -3.5060  6.3408 -6.7125
X  0.7634 -0.1722 -0.6225
Y  0.1759 -0.8720  0.4569
Z -0.6215 -0.4583 -0.6354

PART 3
OFFSET  5.7265  4.2577 -14.2414
X  0.8131 -0.0964  0.5741
Y -0.5581  0.1513  0.8158
Z -0.1655 -0.9838  0.0692

PART 4
OFFSET  12.6421  3.4379 -9.3583
X  0.8131 -0.0964  0.5741
Y -0.5357 -0.5098  0.6731
Z  0.2278 -0.8549 -0.4662

PART 5
OFFSET  14.5087  4.9341 -9.3186
X  0.8168 -0.0946  0.5691
Y  0.1713  0.9818 -0.0826
Z -0.5509  0.1649  0.8181

PART 6
OFFSET  14.0466  2.4318 -9.7498
X  0.8168 -0.0946  0.5691
Y  0.1713  0.9818 -0.0826
Z -0.5509  0.1649  0.8181

PART 7
OFFSET  13.6279  4.8488 -7.1732
X  0.8168 -0.0946  0.5691
Y  0.1713  0.9818 -0.0826
Z -0.5509  0.1649  0.8181

PART 8
OFFSET  13.0195  3.0361 -6.7852
X  0.8168 -0.0946  0.5691
Y  0.1713  0.9818 -0.0826
Z -0.5509  0.1649  0.8181

PART 9
OFFSET  12.8179  1.8626 -7.3609
X  0.8168 -0.0946  0.5691
Y  0.1713  0.9818 -0.0826
Z -0.5509  0.1649  0.8181

PART 10
OFFSET  15.1347  3.1424 -7.5982
X  0.7965  0.6021  0.0560
Y -0.0203 -0.0659  0.9976
Z  0.6043 -0.7957 -0.0403

PART 11
OFFSET  15.7216  3.0229 -6.6269
X  0.9180  0.0042  0.3965
Y -0.3962 -0.0327  0.9176
Z  0.0168 -0.9995 -0.0284

PART 12
OFFSET  17.6640  2.9731 -5.6812
X  0.8248  0.3773 -0.4211
Y  0.4917 -0.1108  0.8637
Z  0.2792 -0.9194 -0.2769

PART 13
OFFSET  18.9975  3.4858 -6.4436
X  0.0613  0.0836 -0.9946
Y  0.9871  0.1424  0.0729
Z  0.1477 -0.9863 -0.0738

PART 14
OFFSET  19.0874  3.5335 -7.5213
X  0.1538  0.7246 -0.6718
Y -0.4430  0.6583  0.6086
Z  0.8832  0.2040  0.4223

PART 15
OFFSET  15.9526  3.5617 -8.6272
X  0.7744  0.4663 -0.4277
Y  0.5748 -0.8010  0.1675
Z -0.2644 -0.3756 -0.8883

PART 16
OFFSET  17.8015  4.5657 -9.4382
X  0.8943 -0.4306  0.1215
Y -0.4200 -0.7144  0.5597
Z -0.1542 -0.5516 -0.8198

PART 17
OFFSET  19.0677  3.9561 -9.2662
X -0.3666 -0.7514  0.5486
Y -0.9251  0.3570 -0.1293
Z -0.0987 -0.5549 -0.8260

PART 18
OFFSET  18.7427  3.2899 -8.7798
X -0.7719 -0.4642  0.4344
Y -0.6161  0.7148 -0.3309
Z -0.1569 -0.5231 -0.8377

PART 19
OFFSET  18.0094  2.8489 -8.3671
X  0.9998 -0.0180 -0.0034
Y  0.0117  0.7722 -0.6352
Z  0.0140  0.6351  0.7723

PART 20
OFFSET  16.0299  3.7614 -7.9463
X  0.7678  0.5884 -0.2534
Y  0.5882 -0.8042 -0.0852
Z -0.2539 -0.0836 -0.9636

PART 21
OFFSET  18.0778  5.1874 -8.6751
X  0.8994 -0.4372 -0.0060
Y -0.3756 -0.7796  0.5012
Z -0.2238 -0.4485 -0.8653

PART 22
OFFSET  19.6090  4.4431 -8.6854
X -0.3371 -0.8013  0.4943
Y -0.9210  0.3896  0.0035
Z -0.1953 -0.4540 -0.8693

PART 23
OFFSET  19.1418  3.3326 -8.0003
X -0.9592 -0.0994  0.2645
Y -0.2054  0.8882 -0.4110
Z -0.1941 -0.4486 -0.8724

PART 24
OFFSET  18.1015  3.2248 -7.7135
X  0.8937 -0.4480 -0.0249
Y  0.3901  0.8031 -0.4505
Z  0.2218  0.3929  0.8924

PART 25
OFFSET  17.8818  4.4673 -5.8633
X  0.9214  0.3580 -0.1515
Y -0.3471  0.9331  0.0938
Z  0.1749 -0.0338  0.9840

PART 26
OFFSET  17.9984  5.7344 -6.6128
X  0.9181  0.1533 -0.3654
Y  0.2307 -0.9566  0.1782
Z -0.3222 -0.2479 -0.9136

PART 27
OFFSET  19.6149  6.0044 -7.2561
X  0.6996 -0.6957 -0.1629
Y -0.6090 -0.6998  0.3734
Z -0.3738 -0.1620 -0.9132

PART 28
OFFSET  20.4881  5.1684 -7.3986
X  0.0049 -0.9631  0.2691
Y -0.9540  0.0762  0.2900
Z -0.2998 -0.2581 -0.9184

PART 29
OFFSET  20.4936  4.0806 -7.0947
X  0.7753  0.1721 -0.6077
Y -0.2498  0.9673 -0.0447
Z  0.5801  0.1865  0.7929

PART 30
OFFSET  18.0438  5.5990 -7.7082
X  0.9092 -0.3668 -0.1969
Y -0.2430 -0.8516  0.4644
Z -0.3380 -0.3745 -0.8634

PART 31
OFFSET  19.8201  4.8825 -8.0928
X -0.2982 -0.8167  0.4940
Y -0.8739  0.4417  0.2028
Z -0.3838 -0.3712 -0.8455

PART 32
OFFSET  19.3845  3.6895 -7.3713
X -0.8630 -0.1528  0.4815
Y -0.2881  0.9319 -0.2205
Z -0.4149 -0.3290 -0.8483

PART 33
OFFSET  18.4043  3.5134 -6.8319
X  0.8723 -0.4570 -0.1741
Y  0.3032  0.7847 -0.5406
Z  0.3837  0.4188  0.8231

PART 34
OFFSET  18.2260  3.5977 -8.0456
X -0.2639 -0.1522 -0.9525
Y -0.6043  0.7957  0.0403
Z  0.7518  0.5862 -0.3019

PART 35
OFFSET  10.4149 -1.2918 -4.6099
X  0.7923  0.6101  0.0027
Y -0.5981  0.7775 -0.1943
Z -0.1206  0.1524  0.9809

PART 36
OFFSET  10.4149 -1.2918 -4.6099
X  0.7923  0.6101  0.0027
Y -0.5981  0.7775 -0.1943
Z -0.1206  0.1524  0.9809

PART 37
OFFSET  14.4986  2.0824 -2.2285
X  0.7897  0.6131  0.0227
Y -0.5981  0.7775 -0.1943
Z -0.1368  0.1399  0.9807

PART 38
OFFSET  13.7092  1.3321 -4.3278
X  0.7923  0.6101  0.0027
Y -0.5981  0.7775 -0.1943
Z -0.1206  0.1524  0.9809

PART 39
OFFSET  31.6221  14.7855 -6.1527
X  0.7923  0.6101  0.0027
Y -0.5981  0.7775 -0.1943
Z -0.1206  0.1524  0.9809

PART 40
OFFSET  10.0972 -2.0987 -6.8609
X  0.7923  0.6101  0.0027
Y -0.5981  0.7775 -0.1943
Z -0.1206  0.1524  0.9809

PART 41
OFFSET  30.8448  14.2103 -6.1938
X -0.5981  0.7775 -0.1943
Y -0.7923 -0.6101 -0.0027
Z -0.1206  0.1524  0.9809

PART 42
OFFSET  21.7570  6.6973 -5.7347
X -0.4141 -0.0922  0.9056
Y -0.6862 -0.6221 -0.3771
Z  0.5981 -0.7775  0.1943

PART 43
OFFSET  21.7570  6.6973 -5.7347
X -0.5981  0.7775 -0.1943
Y -0.7923 -0.6101 -0.0027
Z -0.1206  0.1524  0.9809

PART 44
OFFSET  21.3204  6.6007 -6.2693
X -0.5981  0.7775 -0.1943
Y -0.7923 -0.6101 -0.0027
Z -0.1206  0.1524  0.9809

PART 45
OFFSET  20.4831  7.6892 -6.5413
X -0.6098  0.7917  0.0365
Y -0.7923 -0.6101 -0.0027
Z  0.0201 -0.0305  0.9993

PART 46
OFFSET  29.0002  12.8236 -6.0205
X  0.7923  0.6101  0.0027
Y -0.5981  0.7775 -0.1943
Z -0.1206  0.1524  0.9809

PART 47
OFFSET  27.7192  13.3710 -7.0520
X  0.8536  0.1949  0.4831
Y  0.2093  0.7210 -0.6606
Z -0.4771  0.6650  0.5747

PART 48
OFFSET -10.8444 -11.7139 -5.9426
X -0.9602  0.2631 -0.0941
Y -0.1669 -0.2698  0.9483
Z  0.2241  0.9263  0.3030

PART 49
OFFSET  0.7677 -14.8959 -4.8043
X -0.6205 -0.7654  0.1705
Y  0.7836 -0.5971  0.1714
Z -0.0294  0.2400  0.9703

PART 50
OFFSET  6.0454 -8.3856 -6.2548
X -0.6205 -0.7654  0.1705
Y  0.2073 -0.3699 -0.9056
Z  0.7563 -0.5266  0.3882

PART 51
OFFSET  6.4400 -7.1657 -7.7784
X -0.6250 -0.7626  0.1666
Y  0.0197 -0.2288 -0.9733
Z  0.7803 -0.6051  0.1580

PART 52
OFFSET  5.9351 -6.1535 -7.3220
X -0.6250 -0.7626  0.1666
Y  0.0197 -0.2288 -0.9733
Z  0.7803 -0.6051  0.1580

PART 53
OFFSET  6.0686 -5.8375 -5.9969
X -0.6250 -0.7626  0.1666
Y  0.0197 -0.2288 -0.9733
Z  0.7803 -0.6051  0.1580

PART 54
OFFSET  7.9477 -6.0390 -6.7776
X -0.6399 -0.7326 -0.2321
Y  0.4456 -0.1076 -0.8888
Z  0.6261 -0.6721  0.3953

PART 55
OFFSET  7.5485 -5.3297 -5.9779
X  0.0757 -0.9138 -0.3989
Y  0.4318  0.3907 -0.8130
Z  0.8988 -0.1107  0.4242

PART 56
OFFSET  7.2919 -3.3905 -5.0595
X -0.5374 -0.7833  0.3126
Y  0.3426 -0.5414 -0.7678
Z  0.7706 -0.3055  0.5593

PART 57
OFFSET  8.0937 -2.1241 -5.6725
X -0.5120 -0.2134  0.8321
Y -0.0963 -0.9483 -0.3024
Z  0.8536 -0.2350  0.4649

PART 58
OFFSET  8.6099 -1.8665 -6.5884
X -0.9461 -0.2020  0.2533
Y -0.3239  0.5855 -0.7431
Z  0.0018 -0.7851 -0.6194

PART 59
OFFSET  8.8398 -5.3985 -7.6128
X -0.6055 -0.7454  0.2787
Y  0.7811 -0.4894  0.3878
Z -0.1527  0.4525  0.8786

PART 60
OFFSET  10.0823 -3.5977 -8.1587
X  0.5008 -0.8259  0.2592
Y  0.8591  0.4377 -0.2653
Z  0.1057  0.3555  0.9287

PART 61
OFFSET  9.3733 -2.4285 -8.5256
X  0.9939 -0.0275 -0.1063
Y -0.0061  0.9527 -0.3039
Z  0.1097  0.3027  0.9468

PART 62
OFFSET  8.4920 -2.4041 -8.4313
X  0.5738  0.7385 -0.3540
Y -0.8128  0.5664 -0.1360
Z  0.1000  0.3658  0.9253

PART 63
OFFSET  7.9468 -3.1057 -8.0950
X  0.0569 -0.9733  0.2224
Y -0.9703 -0.0014  0.2420
Z -0.2353 -0.2295 -0.9444

PART 64
OFFSET  8.7718 -5.2597 -6.9159
X -0.6266 -0.7750  0.0829
Y  0.7256 -0.5412  0.4250
Z -0.2845  0.3264  0.9014

PART 65
OFFSET  10.4563 -3.3089 -7.2555
X  0.4553 -0.8106  0.3683
Y  0.8887  0.3885 -0.2436
Z  0.0544  0.4382  0.8972

PART 66
OFFSET  9.6810 -1.9288 -7.8824
X  0.9723  0.1823 -0.1460
Y -0.2260  0.8922 -0.3911
Z  0.0589  0.4132  0.9087

PART 67
OFFSET  8.3335 -2.1815 -7.6801
X  0.4200  0.8174 -0.3944
Y -0.9060  0.4030 -0.1296
Z  0.0530  0.4117  0.9098

PART 68
OFFSET  7.8780 -3.0680 -7.2524
X  0.1761 -0.8796  0.4419
Y -0.9844 -0.1564  0.0809
Z -0.0021 -0.4492 -0.8934

PART 69
OFFSET  5.2434 -9.3572 -6.7802
X -0.5141 -0.8554  0.0634
Y -0.7671  0.4255 -0.4801
Z  0.3837 -0.2955 -0.8749

PART 70
OFFSET  10.3377 -3.3531 -5.0561
X -0.7536 -0.6383 -0.1569
Y  0.5810 -0.7585  0.2953
Z -0.3075  0.1313  0.9424

PART 71
OFFSET  11.6645 -2.2292 -4.7797
X  0.2527 -0.9299  0.2672
Y  0.9077  0.3235  0.2673
Z -0.3350  0.1749  0.9258

PART 72
OFFSET  11.3369 -1.0881 -5.0483
X  0.6222 -0.7291  0.2852
Y  0.7239  0.6745  0.1450
Z -0.2981  0.1162  0.9474

PART 73
OFFSET  10.6341 -0.2646 -5.3704
X -0.9399 -0.3389  0.0427
Y -0.3315  0.8750 -0.3528
Z  0.0821 -0.3457 -0.9347

PART 74
