// Export filename: `C:\projects\cod\t5\xanim_export\t5_viewmodels\ak47\ak47_grenadier_putaway_quick.XANIM_EXPORT`
// Source filename: `D:\projects\devanim\t5\animation_assets\viewmodels\ak47\ViewModel_AK47_GrenadeLauncher_animated.fbx`
// Export time: Sat Jun 05 16:36:52 2010

ANIMATION
VERSION 3

NUMPARTS 77
PART 0 "tag_ads"
PART 1 "tag_torso"
PART 2 "J_Shoulder_LE"
PART 3 "J_Elbow_LE"
PART 4 "J_WristTwist_LE"
PART 5 "J_Sleave_Reshape_Bottom_LE_1"
PART 6 "J_Sleave_Reshape_Bottom_LE_2"
PART 7 "J_Sleave_Reshape_Top_LE_1"
PART 8 "J_Sleave_Reshape_Top_LE_2"
PART 9 "J_Sleave_Reshape_Top_LE_3"
PART 10 "J_Wrist_LE"
PART 11 "J_Thumb_LE_0"
PART 12 "J_Thumb_LE_1"
PART 13 "J_Thumb_LE_2"
PART 14 "J_Thumb_LE_3"
PART 15 "J_PinkyPalm_LE"
PART 16 "J_Pinky_LE_0"
PART 17 "J_Pinky_LE_1"
PART 18 "J_Pinky_LE_2"
PART 19 "J_Pinky_LE_3"
PART 20 "J_RingPalm_LE"
PART 21 "J_Ring_LE_0"
PART 22 "J_Ring_LE_1"
PART 23 "J_Ring_LE_2"
PART 24 "J_Ring_LE_3"
PART 25 "J_Webbing_LE"
PART 26 "J_Index_LE_0"
PART 27 "J_Index_LE_1"
PART 28 "J_Index_LE_2"
PART 29 "J_Index_LE_3"
PART 30 "J_Mid_LE_0"
PART 31 "J_Mid_LE_1"
PART 32 "J_Mid_LE_2"
PART 33 "J_Mid_LE_3"
PART 34 "tag_knife_attach"
PART 35 "tag_weapon"
PART 36 "J_Gun"
PART 37 "J_bolt"
PART 38 "TAG_CLIP"
PART 39 "TAG_FLASH"
PART 40 "TAG_BOUNCING_GRENADE_LAUNCHER"
PART 41 "J_BOUNCING_TRIGGER"
PART 42 "J_BOUNCING_GRENADE_AMMO"
PART 43 "J_BOUNCING_GRENADE_TIP"
PART 44 "J_Shoulder_RI"
PART 45 "J_Elbow_RI"
PART 46 "J_WristTwist_RI"
PART 47 "J_Sleave_Reshape_Top_RI_3"
PART 48 "J_Sleave_Reshape_Top_RI_2"
PART 49 "J_Sleave_Reshape_Top_RI_1"
PART 50 "J_Wrist_RI"
PART 51 "J_Thumb_RI_0"
PART 52 "J_Thumb_RI_1"
PART 53 "J_Thumb_RI_2"
PART 54 "J_Thumb_RI_3"
PART 55 "J_PinkyPalm_RI"
PART 56 "J_Pinky_RI_0"
PART 57 "J_Pinky_RI_1"
PART 58 "J_Pinky_RI_2"
PART 59 "J_Pinky_RI_3"
PART 60 "J_RingPalm_RI"
PART 61 "J_Ring_RI_0"
PART 62 "J_Ring_RI_1"
PART 63 "J_Ring_RI_2"
PART 64 "J_Ring_RI_3"
PART 65 "J_Webbing_RI"
PART 66 "J_Index_RI_0"
PART 67 "J_Index_RI_1"
PART 68 "J_Index_RI_2"
PART 69 "J_Index_RI_3"
PART 70 "J_Mid_RI_0"
PART 71 "J_Mid_RI_1"
PART 72 "J_Mid_RI_2"
PART 73 "J_Mid_RI_3"
PART 74 "tag_cambone"
PART 75 "tag_camera"
PART 76 "tag_gasmask"

FRAMERATE 30
NUMFRAMES 11

FRAME 200
PART 0
OFFSET -4.6318 -0.0000 -1.3770
X  1.0000 -0.0000  0.0000
Y  0.0000  1.0000  0.0000
Z  0.0000 -0.0000  1.0000

PART 1
OFFSET -4.6318 -0.0000 -1.3770
X  1.0000 -0.0000  0.0000
Y  0.0000  1.0000  0.0000
Z  0.0000 -0.0000  1.0000

PART 2
OFFSET -3.5060  6.3408 -6.7125
X  0.8617 -0.1192 -0.4933
Y -0.1216 -0.9922  0.0275
Z -0.4927  0.0363 -0.8694

PART 3
OFFSET  6.9149  4.8989 -12.6781
X  0.6731 -0.5404  0.5049
Y -0.6483 -0.1028  0.7544
Z -0.3557 -0.8351 -0.4196

PART 4
OFFSET  12.6402  0.3028 -8.3840
X  0.6731 -0.5404  0.5049
Y -0.6899 -0.2130  0.6918
Z -0.2663 -0.8140 -0.5162

PART 5
OFFSET  14.7203  1.1137 -7.5239
X  0.6779 -0.5375  0.5015
Y  0.3632  0.8380  0.4072
Z -0.6392 -0.0939  0.7633

PART 6
OFFSET  13.8771 -0.7259 -9.1256
X  0.6779 -0.5375  0.5015
Y  0.3632  0.8380  0.4072
Z -0.6392 -0.0939  0.7633

PART 7
OFFSET  13.4931  0.2856 -5.7365
X  0.6779 -0.5375  0.5015
Y  0.3632  0.8380  0.4072
Z -0.6392 -0.0939  0.7633

PART 8
OFFSET  12.8855 -0.9678 -6.4671
X  0.6779 -0.5375  0.5015
Y  0.3632  0.8380  0.4072
Z -0.6392 -0.0939  0.7633

PART 9
OFFSET  12.5671 -1.6655 -7.5447
X  0.6779 -0.5375  0.5015
Y  0.3632  0.8380  0.4072
Z -0.6392 -0.0939  0.7633

PART 10
OFFSET  14.7038 -1.3538 -6.8363
X  0.9663 -0.0665  0.2488
Y -0.2574 -0.2241  0.9399
Z -0.0067 -0.9723 -0.2337

PART 11
OFFSET  14.8873 -1.9992 -5.9133
X  0.6297 -0.6554  0.4170
Y -0.5110  0.0549  0.8579
Z -0.5851 -0.7533 -0.3003

PART 12
OFFSET  16.1626 -3.4500 -4.9445
X  0.9489 -0.1630 -0.2702
Y  0.1371 -0.5581  0.8184
Z -0.2842 -0.8136 -0.5073

PART 13
OFFSET  17.6544 -3.7710 -5.4862
X  0.2992  0.2107 -0.9306
Y  0.8320 -0.5351  0.1464
Z -0.4671 -0.8181 -0.3354

PART 14
OFFSET  17.9708 -3.5897 -6.5055
X  0.6924  0.5708 -0.4414
Y -0.0670  0.6599  0.7484
Z  0.7184 -0.4886  0.4951

PART 15
OFFSET  15.7958 -1.3666 -7.6794
X  0.9651 -0.0633 -0.2540
Y -0.0749 -0.9965 -0.0363
Z -0.2508  0.0541 -0.9665

PART 16
OFFSET  17.9916 -1.6389 -8.1138
X  0.4046 -0.9139  0.0329
Y -0.8686 -0.3728  0.3265
Z -0.2861 -0.1607 -0.9446

PART 17
OFFSET  18.5644 -2.9328 -8.0673
X -0.8476 -0.4323  0.3077
Y -0.4712  0.8799 -0.0617
Z -0.2441 -0.1973 -0.9495

PART 18
OFFSET  17.8129 -3.3161 -7.7944
X -0.9633  0.0619  0.2612
Y  0.0240  0.9890 -0.1459
Z -0.2674 -0.1343 -0.9542

PART 19
OFFSET  16.8977 -3.2573 -7.5463
X  0.7604 -0.6488  0.0298
Y  0.6042  0.6898 -0.3988
Z  0.2382  0.3213  0.9166

PART 20
OFFSET  15.8381 -1.3944 -6.9674
X  0.9986 -0.0003 -0.0533
Y -0.0152 -0.9599 -0.2798
Z -0.0511  0.2802 -0.9586

PART 21
OFFSET  18.4256 -1.4926 -7.1997
X  0.4303 -0.8981 -0.0913
Y -0.8619 -0.4388  0.2542
Z -0.2683 -0.0307 -0.9628

PART 22
OFFSET  19.1581 -3.0215 -7.3552
X -0.8440 -0.4782  0.2429
Y -0.4751  0.8767  0.0750
Z -0.2488 -0.0521 -0.9671

PART 23
OFFSET  17.9884 -3.6843 -7.0185
X -0.8529  0.4860  0.1907
Y  0.4615  0.8726 -0.1597
Z -0.2440 -0.0482 -0.9686

PART 24
OFFSET  17.0634 -3.1572 -6.8117
X  0.4231 -0.8990 -0.1127
Y  0.8770  0.4376 -0.1984
Z  0.2276 -0.0149  0.9736

PART 25
OFFSET  17.2702 -2.4358 -4.7022
X  0.9571 -0.2896 -0.0127
Y  0.2772  0.9015  0.3324
Z -0.0848 -0.3217  0.9430

PART 26
OFFSET  18.2773 -1.4206 -5.0711
X  0.9843 -0.1431 -0.1035
Y -0.1692 -0.9323 -0.3196
Z -0.0508  0.3321 -0.9419

PART 27
OFFSET  20.0102 -1.6726 -5.2533
X  0.8549 -0.4378 -0.2783
Y -0.5111 -0.8027 -0.3073
Z -0.0888  0.4049 -0.9100

PART 28
OFFSET  21.0549 -2.2294 -5.5363
X  0.6596 -0.7094 -0.2484
Y -0.7516 -0.6209 -0.2225
Z  0.0036  0.3335 -0.9428

PART 29
OFFSET  21.8000 -3.0307 -5.8169
X  0.4648  0.8853  0.0165
Y -0.8484  0.4400  0.2942
Z  0.2532 -0.1508  0.9556

PART 30
OFFSET  18.4523 -1.3448 -6.1592
X  0.5190 -0.8158 -0.2551
Y -0.7958 -0.5701  0.2040
Z -0.3119  0.0971 -0.9451

PART 31
OFFSET  19.4662 -2.9385 -6.6576
X -0.8233 -0.5145  0.2398
Y -0.4478  0.8483  0.2827
Z -0.3489  0.1254 -0.9287

PART 32
OFFSET  18.2637 -3.6900 -6.3073
X -0.8550  0.3439  0.3882
Y  0.3856  0.9221  0.0323
Z -0.3469  0.1773 -0.9210

PART 33
OFFSET  17.2926 -3.2999 -5.8742
X  0.4315 -0.8640 -0.2594
Y  0.8172  0.4962 -0.2932
Z  0.3821 -0.0855  0.9202

PART 34
OFFSET  17.4520 -2.8950 -7.0244
X -0.1025  0.2331 -0.9670
Y  0.0067  0.9723  0.2337
Z  0.9947  0.0174 -0.1012

PART 35
OFFSET  8.2563 -2.6698 -4.5431
X  1.0000 -0.0000  0.0000
Y  0.0000  1.0000  0.0000
Z  0.0000 -0.0000  1.0000

PART 36
OFFSET  8.2563 -2.6698 -4.5431
X  1.0000 -0.0000  0.0000
Y  0.0000  1.0000  0.0000
Z  0.0000 -0.0000  1.0000

PART 37
OFFSET  13.5569 -2.9515 -2.1857
X  0.9998 -0.0000  0.0204
Y  0.0000  1.0000 -0.0000
Z -0.0204  0.0000  0.9998

PART 38
OFFSET  12.4681 -2.6548 -4.2640
X  1.0000 -0.0000  0.0000
Y  0.0000  1.0000  0.0000
Z  0.0000 -0.0000  1.0000

PART 39
OFFSET  31.8688 -2.6540 -3.4824
X  1.0000 -0.0000  0.0000
Y  0.0000  1.0000  0.0000
Z  0.0000 -0.0000  1.0000

PART 40
OFFSET -0.0481 -2.6698 -8.3466
X  1.0000 -0.0000  0.0000
Y  0.0000  1.0000  0.0000
Z  0.0000 -0.0000  1.0000

PART 41
OFFSET  20.6755 -2.6671 -5.5346
X  1.0000 -0.0000  0.0000
Y  0.0000  1.0000  0.0000
Z  0.0000 -0.0000  1.0000

PART 42
OFFSET  23.3753 -2.6698 -5.6701
X  1.0000 -0.0000  0.0000
Y  0.0000  1.0000  0.0000
Z  0.0000 -0.0000  1.0000

PART 43
OFFSET  27.7795 -2.6698 -5.6701
X  1.0000 -0.0000  0.0000
Y  0.0000  1.0000  0.0000
Z  0.0000 -0.0000  1.0000

PART 44
OFFSET -17.6076 -4.8127 -7.0611
X -0.8933  0.0570  0.4458
Y -0.2146 -0.9256 -0.3117
Z  0.3949 -0.3741  0.8391

PART 45
OFFSET -6.8040 -5.5021 -12.4527
X -0.8818 -0.0897 -0.4630
Y  0.4713 -0.1330 -0.8719
Z  0.0166 -0.9870  0.1596

PART 46
OFFSET  0.6961 -4.7391 -8.5146
X -0.8818 -0.0897 -0.4630
Y  0.4716 -0.1611 -0.8670
Z  0.0032 -0.9829  0.1844

PART 47
OFFSET  1.6239 -3.3379 -7.4465
X -0.8846 -0.0860 -0.4583
Y -0.0209  0.9892 -0.1452
Z  0.4659 -0.1189 -0.8768

PART 48
OFFSET  1.5393 -3.8724 -6.3533
X -0.8846 -0.0860 -0.4583
Y -0.0209  0.9892 -0.1452
Z  0.4659 -0.1189 -0.8768

PART 49
OFFSET  1.7164 -5.2227 -6.2157
X -0.8846 -0.0860 -0.4583
Y -0.0209  0.9892 -0.1452
Z  0.4659 -0.1189 -0.8768

PART 50
OFFSET  3.3994 -4.4641 -7.0951
X -0.9546 -0.1418 -0.2621
Y  0.2850 -0.1775 -0.9420
Z  0.0871 -0.9739  0.2098

PART 51
OFFSET  3.5180 -3.8292 -6.1544
X -0.4986 -0.6783 -0.5397
Y  0.5783  0.2035 -0.7900
Z  0.6457 -0.7060  0.2908

PART 52
OFFSET  4.5003 -2.3465 -4.9270
X -0.9028 -0.3483  0.2521
Y -0.0610 -0.4767 -0.8770
Z  0.4256 -0.8071  0.4091

PART 53
OFFSET  5.9065 -1.7222 -5.4322
X -0.5336 -0.0214  0.8455
Y -0.6557 -0.6209 -0.4295
Z  0.5342 -0.7836  0.3173

PART 54
OFFSET  6.4702 -1.6527 -6.3537
X -0.8721  0.3596  0.3318
Y  0.0986  0.7934 -0.6007
Z -0.4792 -0.4912 -0.7274

PART 55
OFFSET  4.4947 -4.3373 -7.9244
X -0.9338 -0.2716  0.2329
Y  0.3213 -0.9230  0.2116
Z  0.1575  0.2724  0.9492

PART 56
OFFSET  6.5764 -3.5742 -8.3354
X -0.1064 -0.9920  0.0680
Y  0.9470 -0.1219 -0.2972
Z  0.3031  0.0328  0.9524

PART 57
OFFSET  6.7270 -2.1698 -8.4316
X  0.7704 -0.5952 -0.2284
Y  0.5756  0.8034 -0.1522
Z  0.2741 -0.0142  0.9616

PART 58
OFFSET  6.0439 -1.6421 -8.2291
X  0.9043  0.2998 -0.3040
Y -0.2988  0.9530  0.0509
Z  0.3049  0.0448  0.9513

PART 59
OFFSET  5.1848 -1.9269 -7.9403
X -0.5482 -0.8340  0.0630
Y -0.7690  0.5322  0.3543
Z -0.3290  0.1458 -0.9330

PART 60
OFFSET  4.5274 -4.3242 -7.2114
X -0.9690 -0.2439  0.0388
Y  0.2458 -0.9373  0.2469
Z -0.0239  0.2488  0.9683

PART 61
OFFSET  7.0513 -3.7488 -7.4505
X -0.1328 -0.9741  0.1828
Y  0.9405 -0.1821 -0.2870
Z  0.3128  0.1338  0.9403

PART 62
OFFSET  7.2774 -2.0903 -7.7617
X  0.8812 -0.4114 -0.2327
Y  0.3642  0.9048 -0.2204
Z  0.3012  0.1095  0.9472

PART 63
OFFSET  6.0561 -1.5201 -7.4392
X  0.8304  0.4610 -0.3130
Y -0.4723  0.8804  0.0436
Z  0.2956  0.1116  0.9488

PART 64
OFFSET  5.1555 -2.0201 -7.0997
X -0.3960 -0.8751  0.2782
Y -0.8751  0.4514  0.1743
Z -0.2781 -0.1744 -0.9446

PART 65
OFFSET -0.7678 -5.4262 -7.2769
X -0.9291 -0.3699 -0.0061
Y -0.3495  0.8829 -0.3136
Z  0.1213 -0.2892 -0.9496

PART 66
OFFSET  6.9363 -4.1397 -5.2854
X -0.9870 -0.0151 -0.1603
Y -0.0017 -0.9946  0.1040
Z -0.1610  0.1029  0.9816

PART 67
OFFSET  8.6740 -4.1131 -5.0032
X -0.3664 -0.9261  0.0899
Y  0.9173 -0.3433  0.2020
Z -0.1562  0.1565  0.9753

PART 68
OFFSET  9.1099 -2.9777 -5.0533
X  0.0489 -0.9944  0.0936
Y  0.9855  0.0633  0.1577
Z -0.1627  0.0845  0.9830

PART 69
OFFSET  9.0547 -1.8545 -5.1590
X -0.9513  0.2903  0.1037
Y  0.2703  0.9472 -0.1728
Z -0.1484 -0.1363 -0.9795

PART 70
OFFSET  7.1280 -4.1726 -6.3729
X -0.2627 -0.9406  0.2150
Y  0.9570 -0.2824 -0.0663
Z  0.1231  0.1883  0.9744

PART 71
OFFSET  7.6413 -2.3351 -6.7929
X  0.8288 -0.5596 -0.0009
Y  0.5392  0.7990 -0.2664
Z  0.1498  0.2203  0.9639

PART 72
OFFSET  6.4307 -1.5177 -6.7917
X  0.8851  0.3871 -0.2584
Y -0.4386  0.8795 -0.1846
Z  0.1558  0.2767  0.9482

PART 73
OFFSET  5.4269 -1.9575 -6.5058
X -0.4085 -0.8763  0.2554
Y -0.8912  0.4434  0.0957
Z -0.1971 -0.1885 -0.9621

PART 74
OFFSET  0.0000 -0.0000 -0.0000
X  1.0000 -0.0000  0.0000
Y  0.0000  1.0000  0.0000
Z  0.0000 -0.0000  1.0000

PART 75
OFFSET  0.0000 -0.0000 -0.0000
X  1.0000 -0.0000  0.0000
Y  0.0000  1.0000  0.0000
Z  0.0000 -0.0000  1.0000

PART 76
OFFSET  1.5404 -0.0000  4.1357
X  1.0000 -0.0000  0.0000
Y  0.0000  1.0000  0.0000
Z  0.0000 -0.0000  1.0000


FRAME 201
PART 0
OFFSET -4.6318 -0.0000 -1.3770
X  1.0000 -0.0000  0.0000
Y  0.0000  1.0000  0.0000
Z  0.0000 -0.0000  1.0000

PART 1
OFFSET -4.6318 -0.0000 -1.3770
X  1.0000 -0.0000  0.0000
Y  0.0000  1.0000  0.0000
Z  0.0000 -0.0000  1.0000

PART 2
OFFSET -3.5060  6.3408 -6.7125
X  0.8530 -0.1077 -0.5107
Y -0.0720 -0.9934  0.0892
Z -0.5169 -0.0393 -0.8551

PART 3
OFFSET  6.8103  5.0388 -12.8883
X  0.7313 -0.4736  0.4909
Y -0.5995 -0.1029  0.7938
Z -0.3254 -0.8747 -0.3592

PART 4
OFFSET  13.0300  1.0105 -8.7133
X  0.7313 -0.4736  0.4909
Y -0.5371  0.0437  0.8424
Z -0.4204 -0.8796 -0.2224

PART 5
OFFSET  15.0991  1.9851 -8.0108
X  0.7357 -0.4706  0.4871
Y  0.3320  0.8774  0.3463
Z -0.5904 -0.0931  0.8017

PART 6
OFFSET  14.2867  0.0207 -9.4743
X  0.7357 -0.4706  0.4871
Y  0.3320  0.8774  0.3463
Z -0.5904 -0.0931  0.8017

PART 7
OFFSET  14.0228  1.1768 -6.1202
X  0.7357 -0.4706  0.4871
Y  0.3320  0.8774  0.3463
Z -0.5904 -0.0931  0.8017

PART 8
OFFSET  13.4555 -0.1454 -6.7557
X  0.7357 -0.4706  0.4871
Y  0.3320  0.8774  0.3463
Z -0.5904 -0.0931  0.8017

PART 9
OFFSET  13.1237 -0.9140 -7.7797
X  0.7357 -0.4706  0.4871
Y  0.3320  0.8774  0.3463
Z -0.5904 -0.0931  0.8017

PART 10
OFFSET  15.2718 -0.4414 -7.2084
X  0.9545 -0.1662  0.2477
Y -0.2449  0.0377  0.9688
Z -0.1703 -0.9854 -0.0048

PART 11
OFFSET  15.3949 -0.8844 -6.1640
X  0.4836 -0.6336  0.6039
Y -0.4286  0.4301  0.7946
Z -0.7632 -0.6430 -0.0636

PART 12
OFFSET  16.3532 -2.2447 -4.7851
X  0.8549 -0.5097  0.0960
Y -0.1848 -0.1263  0.9746
Z -0.4847 -0.8510 -0.2022

PART 13
OFFSET  17.6902 -3.1553 -4.7109
X  0.7133 -0.6198 -0.3273
Y  0.1750 -0.2947  0.9394
Z -0.6787 -0.7274 -0.1017

PART 14
OFFSET  18.4334 -3.8639 -5.0535
X  0.9985 -0.0510  0.0173
Y  0.0513  0.9986 -0.0149
Z -0.0165  0.0157  0.9997

PART 15
OFFSET  16.3073 -0.8215 -8.0371
X  0.9285 -0.2249 -0.2955
Y -0.2164 -0.9743  0.0616
Z -0.3017  0.0067 -0.9534

PART 16
OFFSET  18.4109 -1.4474 -8.5546
X  0.5777 -0.8126  0.0769
Y -0.7260 -0.4686  0.5033
Z -0.3730 -0.3466 -0.8607

PART 17
OFFSET  19.2289 -2.5978 -8.4457
X -0.3463 -0.8067  0.4789
Y -0.8799  0.4564  0.1325
Z -0.3254 -0.3755 -0.8678

PART 18
OFFSET  18.9218 -3.3131 -8.0211
X -0.6411 -0.5752  0.5081
Y -0.6666  0.7454  0.0028
Z -0.3803 -0.3369 -0.8613

PART 19
OFFSET  18.3128 -3.8596 -7.5384
X  0.9638  0.0208 -0.2658
Y -0.1388  0.8903 -0.4337
Z  0.2276  0.4549  0.8610

PART 20
OFFSET  16.3783 -0.6955 -7.3381
X  0.9825 -0.1757 -0.0618
Y -0.1789 -0.9825 -0.0523
Z -0.0516  0.0625 -0.9967

PART 21
OFFSET  18.9155 -1.2142 -7.5654
X  0.6393 -0.7655 -0.0732
Y -0.6899 -0.6130  0.3850
Z -0.3396 -0.1957 -0.9200

PART 22
OFFSET  20.0040 -2.5174 -7.6900
X -0.3717 -0.8695  0.3254
Y -0.8731  0.4465  0.1956
Z -0.3154 -0.2114 -0.9251

PART 23
OFFSET  19.4888 -3.7224 -7.2391
X -0.8006 -0.4674  0.3748
Y -0.5103  0.8598 -0.0178
Z -0.3139 -0.2055 -0.9269

PART 24
OFFSET  18.6205 -4.2294 -6.8326
X  0.9320 -0.1183 -0.3425
Y  0.0548  0.9803 -0.1895
Z  0.3582  0.1579  0.9202

PART 25
OFFSET  17.7341 -1.4221 -4.9091
X  0.8981 -0.4376  0.0444
Y  0.4306  0.8953  0.1144
Z -0.0898 -0.0836  0.9924

PART 26
OFFSET  18.8696 -0.6944 -5.5107
X  0.9572 -0.2789 -0.0777
Y -0.2829 -0.9581 -0.0458
Z -0.0617  0.0659 -0.9959

PART 27
OFFSET  20.5548 -1.1855 -5.6476
X  0.7792 -0.6053 -0.1627
Y -0.6203 -0.7819 -0.0619
Z -0.0897  0.1491 -0.9847

PART 28
OFFSET  21.5075 -1.9304 -5.7855
X  0.6064 -0.7934 -0.0528
Y -0.7951 -0.6057 -0.0296
Z -0.0085  0.0600 -0.9982

PART 29
OFFSET  22.1925 -2.8266 -5.8452
X  0.5180  0.8220 -0.2368
Y -0.8096  0.5604  0.1746
Z  0.2762  0.1013  0.9557

PART 30
OFFSET  19.0029 -0.8943 -6.5890
X  0.6845 -0.7139 -0.1480
Y -0.6558 -0.6916  0.3026
Z -0.3184 -0.1101 -0.9415

PART 31
OFFSET  20.3400 -2.2889 -6.8782
X -0.2421 -0.9517  0.1888
Y -0.8999  0.2930  0.3230
Z -0.3627 -0.0917 -0.9274

PART 32
OFFSET  19.9864 -3.6790 -6.6024
X -0.6620 -0.6751  0.3255
Y -0.6360  0.7358  0.2326
Z -0.3966 -0.0530 -0.9165

PART 33
OFFSET  19.2343 -4.4445 -6.2404
X  0.9392  0.0511 -0.3396
Y -0.0900  0.9909 -0.0998
Z  0.3314  0.1243  0.9353

PART 34
OFFSET  17.7320 -2.4139 -7.0662
X -0.1100  0.0238 -0.9936
Y  0.1703  0.9854  0.0048
Z  0.9792 -0.1687 -0.1125

PART 35
OFFSET  8.0608 -2.8324 -4.2414
X  0.9988 -0.0458 -0.0165
Y  0.0465  0.9978  0.0475
Z  0.0143 -0.0482  0.9987

PART 36
OFFSET  8.0608 -2.8324 -4.2414
X  0.9988 -0.0458 -0.0165
Y  0.0465  0.9978  0.0475
Z  0.0143 -0.0482  0.9987

PART 37
OFFSET  13.3757 -3.4698 -1.9878
X  0.9989 -0.0468  0.0039
Y  0.0465  0.9978  0.0475
Z -0.0061 -0.0473  0.9989

PART 38
OFFSET  12.2723 -3.0237 -4.0315
X  0.9988 -0.0458 -0.0165
Y  0.0465  0.9978  0.0475
Z  0.0143 -0.0482  0.9987

PART 39
OFFSET  31.6613 -3.9487 -3.5711
X  0.9988 -0.0458 -0.0165
Y  0.0465  0.9978  0.0475
Z  0.0143 -0.0482  0.9987

PART 40
OFFSET -0.2882 -2.2689 -7.9029
X  0.9988 -0.0458 -0.0165
Y  0.0465  0.9978  0.0475
Z  0.0143 -0.0482  0.9987

PART 41
OFFSET  20.4513 -3.3505 -5.4366
X  0.9988 -0.0458 -0.0165
Y  0.0465  0.9978  0.0475
Z  0.0143 -0.0482  0.9987

PART 42
OFFSET  23.1458 -3.4702 -5.6166
X  0.9988 -0.0458 -0.0165
Y  0.0465  0.9978  0.0475
Z  0.0143 -0.0482  0.9987

PART 43
OFFSET  27.5448 -3.6718 -5.6893
X  0.9988 -0.0458 -0.0165
Y  0.0465  0.9978  0.0475
Z  0.0143 -0.0482  0.9987

PART 44
OFFSET -17.6076 -4.8127 -7.0611
X -0.8884  0.0563  0.4556
Y -0.2136 -0.9292 -0.3017
Z  0.4063 -0.3654  0.8375

PART 45
OFFSET -6.8630 -5.4935 -12.5705
X -0.8601 -0.1051 -0.4991
Y  0.5095 -0.1323 -0.8502
Z  0.0233 -0.9856  0.1673

PART 46
OFFSET  0.4528 -4.5996 -8.3253
X -0.8601 -0.1051 -0.4991
Y  0.5097 -0.1380 -0.8492
Z  0.0204 -0.9848  0.1723

PART 47
OFFSET  1.3154 -3.1785 -7.2293
X -0.8632 -0.1014 -0.4946
Y -0.0282  0.9878 -0.1532
Z  0.5041 -0.1183 -0.8555

PART 48
OFFSET  1.1921 -3.7068 -6.1368
X -0.8632 -0.1014 -0.4946
Y -0.0282  0.9878 -0.1532
Z  0.5041 -0.1183 -0.8555

PART 49
OFFSET  1.3815 -5.0535 -5.9820
X -0.8632 -0.1014 -0.4946
Y -0.0282  0.9878 -0.1532
Z  0.5041 -0.1183 -0.8555

PART 50
OFFSET  3.0897 -4.2774 -6.7952
X -0.9638 -0.0851 -0.2527
Y  0.2629 -0.1447 -0.9539
Z  0.0447 -0.9858  0.1619

PART 51
OFFSET  3.2512 -3.6947 -5.8274
X -0.5373 -0.6280 -0.5630
Y  0.5758  0.2147 -0.7889
Z  0.6163 -0.7480  0.2462

PART 52
OFFSET  4.3189 -2.3194 -4.5474
X -0.9144 -0.3184  0.2502
Y -0.0956 -0.4305 -0.8975
Z  0.3934 -0.8446  0.3632

PART 53
OFFSET  5.7452 -1.7365 -5.0455
X -0.5219 -0.0377  0.8522
Y -0.6899 -0.5688 -0.4477
Z  0.5016 -0.8216  0.2708

PART 54
OFFSET  6.2983 -1.6485 -5.9718
X -0.8496  0.3827  0.3628
Y  0.1268  0.8161 -0.5639
Z -0.5119 -0.4331 -0.7419

PART 55
OFFSET  4.1778 -4.1611 -7.6354
X -0.9420 -0.2395  0.2351
Y  0.2810 -0.9459  0.1622
Z  0.1836  0.2188  0.9583

PART 56
OFFSET  6.2866 -3.4751 -8.0440
X -0.1514 -0.9882  0.0226
Y  0.9360 -0.1507 -0.3183
Z  0.3179 -0.0271  0.9477

PART 57
OFFSET  6.5010 -2.0760 -8.0759
X  0.7386 -0.6182 -0.2691
Y  0.6101  0.7827 -0.1234
Z  0.2869 -0.0731  0.9552

PART 58
OFFSET  5.8462 -1.5280 -7.8373
X  0.9128  0.2724 -0.3043
Y -0.2534  0.9621  0.1010
Z  0.3203 -0.0151  0.9472

PART 59
OFFSET  4.9790 -1.7868 -7.5483
X -0.5854 -0.8101  0.0323
Y -0.7382  0.5491  0.3918
Z -0.3351  0.2055 -0.9195

PART 60
OFFSET  4.2212 -4.1838 -6.9233
X -0.9787 -0.2009  0.0432
Y  0.2055 -0.9584  0.1980
Z  0.0016  0.2027  0.9792

PART 61
OFFSET  6.7655 -3.7137 -7.1764
X -0.1753 -0.9747  0.1385
Y  0.9268 -0.2109 -0.3108
Z  0.3322  0.0739  0.9403

PART 62
OFFSET  7.0641 -2.0543 -7.4122
X  0.8577 -0.4396 -0.2665
Y  0.4027  0.8968 -0.1832
Z  0.3195  0.0498  0.9463

PART 63
OFFSET  5.8753 -1.4450 -7.0429
X  0.8464  0.4370 -0.3044
Y -0.4302  0.8979  0.0932
Z  0.3141  0.0521  0.9480

PART 64
OFFSET  4.9574 -1.9190 -6.7127
X -0.4323 -0.8684  0.2428
Y -0.8506  0.4821  0.2100
Z -0.2994 -0.1158 -0.9471

PART 65
OFFSET -1.1199 -5.0378 -6.9536
X -0.9452 -0.3262 -0.0083
Y -0.3125  0.9121 -0.2654
Z  0.0942 -0.2483 -0.9641

PART 66
OFFSET  6.6634 -4.2028 -5.0308
X -0.9888  0.0378 -0.1445
Y -0.0464 -0.9973  0.0567
Z -0.1420  0.0627  0.9879

PART 67
OFFSET  8.4043 -4.2695 -4.7764
X -0.4078 -0.9116  0.0518
Y  0.9031 -0.3943  0.1703
Z -0.1348  0.1163  0.9840

PART 68
OFFSET  8.8918 -3.1542 -4.7796
X  0.0039 -0.9990  0.0454
Y  0.9895  0.0105  0.1442
Z -0.1446  0.0444  0.9885

PART 69
OFFSET  8.8874 -2.0258 -4.8309
X -0.9352  0.3282  0.1331
Y  0.3115  0.9410 -0.1320
Z -0.1685 -0.0820 -0.9823

PART 70
OFFSET  6.8379 -4.1921 -6.1216
X -0.3031 -0.9369  0.1744
Y  0.9418 -0.3224 -0.0954
Z  0.1456  0.1353  0.9800

PART 71
OFFSET  7.4299 -2.3618 -6.4623
X  0.8018 -0.5962 -0.0412
Y  0.5719  0.7854 -0.2370
Z  0.1736  0.1665  0.9706

PART 72
OFFSET  6.2589 -1.4909 -6.4022
X  0.8984  0.3582 -0.2543
Y -0.3998  0.9066 -0.1353
Z  0.1821  0.2232  0.9576

PART 73
OFFSET  5.2399 -1.8976 -6.1210
X -0.4451 -0.8680  0.2202
Y -0.8682  0.4786  0.1313
Z -0.2194 -0.1327 -0.9666

PART 74
OFFSET  0.0000 -0.0000 -0.0000
X  1.0000 -0.0000  0.0000
Y  0.0000  1.0000  0.0000
Z  0.0000 -0.0000  1.0000

PART 75
OFFSET  0.0000 -0.0000 -0.0000
X  1.0000 -0.0000  0.0000
Y  0.0000  1.0000  0.0000
Z  0.0000 -0.0000  1.0000

PART 76
OFFSET  1.5404 -0.0000  4.1357
X  1.0000 -0.0000  0.0000
Y  0.0000  1.0000  0.0000
Z  0.0000 -0.0000  1.0000


FRAME 202
PART 0
OFFSET -4.6318 -0.0000 -1.3770
X  1.0000 -0.0000  0.0000
Y  0.0000  1.0000  0.0000
Z  0.0000 -0.0000  1.0000

PART 1
OFFSET -4.6318 -0.0000 -1.3770
X  1.0000 -0.0000  0.0000
Y  0.0000  1.0000  0.0000
Z  0.0000 -0.0000  1.0000

PART 2
OFFSET -3.5060  6.3408 -6.7125
X  0.8315 -0.0271 -0.5549
Y  0.0302 -0.9951  0.0938
Z -0.5547 -0.0948 -0.8266

PART 3
OFFSET  6.5502  6.0136 -13.4228
X  0.7814 -0.4017  0.4776
Y -0.5688 -0.1436  0.8099
Z -0.2568 -0.9044 -0.3407

PART 4
OFFSET  13.1962  2.5970 -9.3609
X  0.7814 -0.4017  0.4776
Y -0.3884  0.2859  0.8760
Z -0.4884 -0.8700  0.0673

PART 5
OFFSET  15.1892  3.7567 -8.7225
X  0.7854 -0.3984  0.4737
Y  0.2628  0.9075  0.3276
Z -0.5604 -0.1329  0.8175

PART 6
OFFSET  14.5153  1.7094 -10.1421
X  0.7854 -0.3984  0.4737
Y  0.2628  0.9075  0.3276
Z -0.5604 -0.1329  0.8175

PART 7
OFFSET  14.2335  2.8842 -6.7960
X  0.7854 -0.3984  0.4737
Y  0.2628  0.9075  0.3276
Z -0.5604 -0.1329  0.8175

PART 8
OFFSET  13.7680  1.5092 -7.4016
X  0.7854 -0.3984  0.4737
Y  0.2628  0.9075  0.3276
Z -0.5604 -0.1329  0.8175

PART 9
OFFSET  13.4795  0.7008 -8.4079
X  0.7854 -0.3984  0.4737
Y  0.2628  0.9075  0.3276
Z -0.5604 -0.1329  0.8175

PART 10
OFFSET  15.5917  1.3655 -7.8968
X  0.9116 -0.3119  0.2680
Y -0.1911  0.2557  0.9477
Z -0.3641 -0.9151  0.1735

PART 11
OFFSET  15.6678  1.0963 -6.7905
X  0.3253 -0.5715  0.7534
Y -0.2500  0.7164  0.6514
Z -0.9120 -0.4002  0.0902

PART 12
OFFSET  16.2941 -0.0878 -5.0947
X  0.6028 -0.5480  0.5799
Y -0.3708  0.4511  0.8118
Z -0.7065 -0.7044  0.0687

PART 13
OFFSET  17.2103 -1.0782 -4.1993
X  0.2875 -0.4265  0.8576
Y -0.4212  0.7478  0.5131
Z -0.8602 -0.5088  0.0353

PART 14
OFFSET  17.4746 -1.5500 -3.2616
X  0.6780  0.1661  0.7161
Y  0.6134  0.4089 -0.6756
Z -0.4050  0.8973  0.1754

PART 15
OFFSET  16.4941  0.6428 -8.6497
X  0.8588 -0.4055 -0.3130
Y -0.3925 -0.9136  0.1065
Z -0.3291  0.0314 -0.9438

PART 16
OFFSET  18.4236 -0.3848 -9.2024
X  0.7316 -0.6542 -0.1918
Y -0.3987 -0.6387  0.6581
Z -0.5530 -0.4050 -0.7281

PART 17
OFFSET  19.4594 -1.3111 -9.4739
X  0.4833 -0.8611  0.1577
Y -0.7148 -0.2842  0.6390
Z -0.5054 -0.4216 -0.7529

PART 18
OFFSET  19.8879 -2.0746 -9.3341
X  0.3288 -0.8990  0.2892
Y -0.7632 -0.0725  0.6421
Z -0.5563 -0.4319 -0.7099

PART 19
OFFSET  20.2003 -2.9286 -9.0593
X  0.3081  0.7956 -0.5217
Y -0.8580  0.4692  0.2089
Z  0.4110  0.3832  0.8272

PART 20
OFFSET  16.6184  0.8720 -7.9852
X  0.9240 -0.3808 -0.0350
Y -0.3739 -0.9188  0.1262
Z -0.0802 -0.1036 -0.9914

PART 21
OFFSET  19.0089 -0.1382 -8.1383
X  0.8207 -0.5108 -0.2562
Y -0.3682 -0.8156  0.4464
Z -0.4369 -0.2720 -0.8574

PART 22
OFFSET  20.4061 -1.0078 -8.5744
X  0.4133 -0.9057  0.0946
Y -0.8127 -0.3200  0.4869
Z -0.4107 -0.2781 -0.8683

PART 23
OFFSET  20.9789 -2.2630 -8.4433
X  0.3475 -0.9292  0.1262
Y -0.8413 -0.2495  0.4795
Z -0.4141 -0.2728 -0.8684

PART 24
OFFSET  21.3557 -3.2707 -8.3064
X  0.1755  0.8904 -0.4201
Y -0.8698  0.3401  0.3574
Z  0.4611  0.3026  0.8342

PART 25
OFFSET  17.9032  0.3197 -5.4730
X  0.7934 -0.5973  0.1171
Y  0.6055  0.7942 -0.0510
Z -0.0626  0.1114  0.9918

PART 26
OFFSET  19.1348  0.6833 -6.2023
X  0.9040 -0.4248 -0.0480
Y -0.4107 -0.8940  0.1791
Z -0.1190 -0.1421 -0.9827

PART 27
OFFSET  20.7264 -0.0647 -6.2869
X  0.6634 -0.7466 -0.0488
Y -0.7361 -0.6630  0.1364
Z -0.1342 -0.0545 -0.9895

PART 28
OFFSET  21.5411 -0.9691 -6.2861
X  0.5414 -0.8354  0.0950
Y -0.8380 -0.5269  0.1422
Z -0.0687 -0.1566 -0.9853

PART 29
OFFSET  22.1526 -1.9127 -6.1788
X  0.5609  0.7035 -0.4364
Y -0.7529  0.6527  0.0845
Z  0.3443  0.2812  0.8958

PART 30
OFFSET  19.1796  0.2750 -7.2278
X  0.8354 -0.5135 -0.1959
Y -0.4114 -0.8206  0.3967
Z -0.3645 -0.2509 -0.8968

PART 31
OFFSET  20.8117 -0.7282 -7.6105
X  0.6467 -0.7579 -0.0861
Y -0.6441 -0.6030  0.4706
Z -0.4086 -0.2489 -0.8781

PART 32
OFFSET  21.7562 -1.8352 -7.7362
X  0.6033 -0.7932 -0.0835
Y -0.6555 -0.5527  0.5147
Z -0.4544 -0.2557 -0.8533

PART 33
OFFSET  22.4367 -2.7349 -7.8373
X -0.0149  0.9776 -0.2101
Y -0.9213  0.0682  0.3828
Z  0.3885  0.1993  0.8996

PART 34
OFFSET  17.6113 -1.0123 -7.4165
X -0.1450 -0.1283 -0.9811
Y  0.3641  0.9151 -0.1735
Z  0.9200 -0.3823 -0.0860

PART 35
OFFSET  7.6103 -3.3820 -3.8599
X  0.9905 -0.1276 -0.0511
Y  0.1333  0.9826  0.1293
Z  0.0337 -0.1349  0.9903

PART 36
OFFSET  7.6103 -3.3820 -3.8599
X  0.9905 -0.1276 -0.0511
Y  0.1333  0.9826  0.1293
Z  0.0337 -0.1349  0.9903

PART 37
OFFSET  12.9024 -4.6534 -1.8326
X  0.9910 -0.1304 -0.0309
Y  0.1333  0.9826  0.1293
Z  0.0135 -0.1323  0.9911

PART 38
OFFSET  11.7935 -3.9425 -3.7968
X  0.9905 -0.1276 -0.0511
Y  0.1333  0.9826  0.1293
Z  0.0337 -0.1349  0.9903

PART 39
OFFSET  31.0364 -6.5234 -4.0141
X  0.9905 -0.1276 -0.0511
Y  0.1333  0.9826  0.1293
Z  0.0337 -0.1349  0.9903

PART 40
OFFSET -0.7435 -1.8089 -7.2020
X  0.9905 -0.1276 -0.0511
Y  0.1333  0.9826  0.1293
Z  0.0337 -0.1349  0.9903

PART 41
OFFSET  19.8785 -4.8307 -5.4761
X  0.9905 -0.1276 -0.0511
Y  0.1333  0.9826  0.1293
Z  0.0337 -0.1349  0.9903

PART 42
OFFSET  22.5477 -5.1596 -5.7485
X  0.9905 -0.1276 -0.0511
Y  0.1333  0.9826  0.1293
Z  0.0337 -0.1349  0.9903

PART 43
OFFSET  26.9101 -5.7218 -5.9736
X  0.9905 -0.1276 -0.0511
Y  0.1333  0.9826  0.1293
Z  0.0337 -0.1349  0.9903

PART 44
OFFSET -17.6076 -4.8127 -7.0611
X -0.8759  0.0600  0.4788
Y -0.2240 -0.9294 -0.2933
Z  0.4274 -0.3642  0.8275

PART 45
OFFSET -7.0150 -5.5379 -12.8519
X -0.8201 -0.1173 -0.5601
Y  0.5717 -0.1249 -0.8109
Z  0.0252 -0.9852  0.1694

PART 46
OFFSET -0.0399 -4.5404 -8.0880
X -0.8201 -0.1173 -0.5601
Y  0.5714 -0.1140 -0.8127
Z  0.0315 -0.9865  0.1605

PART 47
OFFSET  0.7207 -3.1073 -6.9336
X -0.8235 -0.1136 -0.5558
Y -0.0311  0.9873 -0.1557
Z  0.5664 -0.1109 -0.8166

PART 48
OFFSET  0.5259 -3.6374 -5.8525
X -0.8235 -0.1136 -0.5558
Y -0.0311  0.9873 -0.1557
Z  0.5664 -0.1109 -0.8166

PART 49
OFFSET  0.7228 -4.9814 -5.6831
X -0.8235 -0.1136 -0.5558
Y -0.0311  0.9873 -0.1557
Z  0.5664 -0.1109 -0.8166

PART 50
OFFSET  2.4742 -4.1809 -6.3709
X -0.9732  0.0179 -0.2291
Y  0.2269 -0.0837 -0.9703
Z -0.0365 -0.9963  0.0774

PART 51
OFFSET  2.7081 -3.6991 -5.3633
X -0.6025 -0.5300 -0.5967
Y  0.5733  0.2328 -0.7856
Z  0.5553 -0.8154  0.1636

PART 52
OFFSET  3.9201 -2.5331 -4.0063
X -0.9322 -0.2610  0.2507
Y -0.1535 -0.3423 -0.9270
Z  0.3278 -0.9026  0.2790

PART 53
OFFSET  5.3791 -2.0311 -4.4976
X -0.5029 -0.0670  0.8618
Y -0.7467 -0.4685 -0.4722
Z  0.4354 -0.8809  0.1856

PART 54
OFFSET  5.9157 -1.9103 -5.4300
X -0.8047  0.4199  0.4196
Y  0.1831  0.8480 -0.4973
Z -0.5647 -0.3233 -0.7594

PART 55
OFFSET  3.5481 -4.0842 -7.2317
X -0.9533 -0.1791  0.2432
Y  0.2023 -0.9765  0.0737
Z  0.2243  0.1195  0.9672

PART 56
OFFSET  5.6979 -3.5446 -7.6464
X -0.2353 -0.9703 -0.0555
Y  0.9117 -0.2006 -0.3585
Z  0.3367 -0.1350  0.9319

PART 57
OFFSET  6.0310 -2.1708 -7.5677
X  0.6761 -0.6524 -0.3425
Y  0.6721  0.7365 -0.0762
Z  0.3020 -0.1787  0.9364

PART 58
OFFSET  5.4316 -1.5924 -7.2640
X  0.9254  0.2202 -0.3085
Y -0.1672  0.9676  0.1889
Z  0.3401 -0.1233  0.9323

PART 59
OFFSET  4.5524 -1.8016 -6.9710
X -0.6520 -0.7580 -0.0175
Y -0.6788  0.5732  0.4590
Z -0.3379  0.3111 -0.8883

PART 60
OFFSET  3.6063 -4.1717 -6.5257
X -0.9910 -0.1212  0.0564
Y  0.1269 -0.9857  0.1107
Z  0.0422  0.1169  0.9923

PART 61
OFFSET  6.1749 -3.8962 -6.8170
X -0.2552 -0.9649  0.0618
Y  0.8976 -0.2602 -0.3558
Z  0.3594 -0.0353  0.9325

PART 62
OFFSET  6.6094 -2.2534 -6.9222
X  0.8102 -0.4853 -0.3287
Y  0.4740  0.8724 -0.1198
Z  0.3449 -0.0587  0.9368

PART 63
OFFSET  5.4866 -1.5808 -6.4667
X  0.8734  0.3892 -0.2928
Y -0.3490  0.9194  0.1812
Z  0.3397 -0.0561  0.9389

PART 64
OFFSET  4.5393 -2.0029 -6.1491
X -0.4995 -0.8469  0.1825
Y -0.8008  0.5317  0.2757
Z -0.3306 -0.0085 -0.9437

PART 65
OFFSET -1.7877 -4.5698 -6.4625
X -0.9697 -0.2440 -0.0064
Y -0.2390  0.9545 -0.1784
Z  0.0496 -0.1715 -0.9839

PART 66
OFFSET  6.0818 -4.5577 -4.7176
X -0.9850  0.1328 -0.1103
Y -0.1307 -0.9911 -0.0256
Z -0.1127 -0.0108  0.9936

PART 67
OFFSET  7.8161 -4.7914 -4.5235
X -0.4833 -0.8754 -0.0120
Y  0.8696 -0.4816  0.1087
Z -0.1010  0.0421  0.9940

PART 68
OFFSET  8.3975 -3.7247 -4.4486
X -0.0810 -0.9960 -0.0384
Y  0.9899 -0.0849  0.1140
Z -0.1168 -0.0288  0.9927

PART 69
OFFSET  8.4889 -2.5997 -4.4051
X -0.9001  0.3927  0.1888
Y  0.3881  0.9195 -0.0624
Z -0.1981  0.0172 -0.9800

PART 70
OFFSET  6.2307 -4.4678 -5.8086
X -0.3783 -0.9197  0.1047
Y  0.9080 -0.3907 -0.1511
Z  0.1799  0.0379  0.9830

PART 71
OFFSET  6.9698 -2.6711 -6.0131
X  0.7463 -0.6555 -0.1156
Y  0.6316  0.7522 -0.1880
Z  0.2102  0.0673  0.9753

PART 72
OFFSET  5.8798 -1.7136 -5.8443
X  0.9196  0.3023 -0.2510
Y -0.3234  0.9451 -0.0466
Z  0.2232  0.1241  0.9669

PART 73
OFFSET  4.8365 -2.0562 -5.5668
X -0.5128 -0.8434  0.1605
Y -0.8204  0.5365  0.1977
Z -0.2528 -0.0303 -0.9670

PART 74
OFFSET  0.0000 -0.0000 -0.0000
X  1.0000 -0.0000  0.0000
Y  0.0000  1.0000  0.0000
Z  0.0000 -0.0000  1.0000

PART 75
OFFSET  0.0000 -0.0000 -0.0000
X  1.0000 -0.0000  0.0000
Y  0.0000  1.0000  0.0000
Z  0.0000 -0.0000  1.0000

PART 76
OFFSET  1.5404 -0.0000  4.1357
X  1.0000 -0.0000  0.0000
Y  0.0000  1.0000  0.0000
Z  0.0000 -0.0000  1.0000


FRAME 203
PART 0
OFFSET -4.6318 -0.0000 -1.3770
X  1.0000 -0.0000  0.0000
Y  0.0000  1.0000  0.0000
Z  0.0000 -0.0000  1.0000

PART 1
OFFSET -4.6318 -0.0000 -1.3770
X  1.0000 -0.0000  0.0000
Y  0.0000  1.0000  0.0000
Z  0.0000 -0.0000  1.0000

PART 2
OFFSET -3.5060  6.3408 -6.7125
X  0.7630  0.1528 -0.6281
Y  0.1609 -0.9860 -0.0443
Z -0.6260 -0.0673 -0.7769

PART 3
OFFSET  5.7216  8.1886 -14.3085
X  0.7631 -0.4043  0.5043
Y -0.6205 -0.2402  0.7465
Z -0.1807 -0.8825 -0.4341

PART 4
OFFSET  12.2120  4.7502 -10.0196
X  0.7631 -0.4043  0.5043
Y -0.5357  0.0409  0.8434
Z -0.3616 -0.9137 -0.1853

PART 5
OFFSET  14.0846  5.9430 -9.1281
X  0.7672 -0.4005  0.5010
Y  0.1875  0.8870  0.4219
Z -0.6134 -0.2298  0.7556

PART 6
OFFSET  13.6331  3.9973 -10.7624
X  0.7672 -0.4005  0.5010
Y  0.1875  0.8870  0.4219
Z -0.6134 -0.2298  0.7556

PART 7
OFFSET  13.0328  4.8621 -7.3642
X  0.7672 -0.4005  0.5010
Y  0.1875  0.8870  0.4219
Z -0.6134 -0.2298  0.7556

PART 8
OFFSET  12.6901  3.5245 -8.1174
X  0.7672 -0.4005  0.5010
Y  0.1875  0.8870  0.4219
Z -0.6134 -0.2298  0.7556

PART 9
OFFSET  12.5236  2.7939 -9.2073
X  0.7672 -0.4005  0.5010
Y  0.1875  0.8870  0.4219
Z -0.6134 -0.2298  0.7556

PART 10
OFFSET  14.5514  3.5109 -8.4737
X  0.8524 -0.3957  0.3418
Y -0.3762 -0.0103  0.9265
Z -0.3631 -0.9183 -0.1576

PART 11
OFFSET  14.4227  2.9459 -7.4906
X  0.1965 -0.7793  0.5951
Y -0.3848  0.4969  0.7778
Z -0.9018 -0.3818 -0.2022

PART 12
OFFSET  14.7582  1.2926 -6.1401
X  0.4366 -0.6766  0.5930
Y -0.5736  0.2984  0.7628
Z -0.6931 -0.6732 -0.2578

PART 13
OFFSET  15.4197  0.1072 -5.2572
X -0.0880 -0.4056  0.9098
Y -0.5436  0.7849  0.2974
Z -0.8347 -0.4684 -0.2895

PART 14
OFFSET  15.2771 -0.3396 -4.2815
X  0.3592  0.1632  0.9189
Y  0.8475  0.3551 -0.3944
Z -0.3907  0.9205 -0.0107

PART 15
OFFSET  15.6022  3.0014 -9.2084
X  0.9145 -0.3247 -0.2414
Y -0.3786 -0.8973 -0.2271
Z -0.1428  0.2991 -0.9435

PART 16
OFFSET  17.6313  2.1182 -9.6411
X  0.8738 -0.3726 -0.3126
Y -0.2826 -0.9120  0.2972
Z -0.3958 -0.1713 -0.9022

PART 17
OFFSET  18.8683  1.5907 -10.0837
X  0.7693 -0.6144 -0.1753
Y -0.5383 -0.7710  0.3402
Z -0.3442 -0.1673 -0.9239

PART 18
OFFSET  19.5504  1.0460 -10.2391
X  0.6738 -0.7297 -0.1169
Y -0.6300 -0.6498  0.4253
Z -0.3862 -0.2129 -0.8975

PART 19
OFFSET  20.1905  0.3528 -10.3501
X -0.0640  0.9968 -0.0478
Y -0.9580 -0.0479  0.2828
Z  0.2797  0.0639  0.9580

PART 20
OFFSET  15.5903  3.0358 -8.4955
X  0.9246 -0.3789  0.0397
Y -0.3636 -0.9087 -0.2051
Z  0.1138  0.1752 -0.9779

PART 21
OFFSET  17.9961  2.0512 -8.4638
X  0.9422 -0.2147 -0.2571
Y -0.2008 -0.9764  0.0795
Z -0.2681 -0.0233 -0.9631

PART 22
OFFSET  19.6003  1.6857 -8.9016
X  0.7188 -0.6755 -0.1643
Y -0.6524 -0.7371  0.1766
Z -0.2404 -0.0197 -0.9705

PART 23
OFFSET  20.5965  0.7495 -9.1293
X  0.7749 -0.6040 -0.1862
Y -0.5824 -0.7968  0.1609
Z -0.2455 -0.0162 -0.9693

PART 24
OFFSET  21.4369  0.0944 -9.3312
X -0.3143  0.9492  0.0130
Y -0.9102 -0.3052  0.2800
Z  0.2697  0.0762  0.9599

PART 25
OFFSET  16.3872  1.7825 -6.0336
X  0.7738 -0.6257  0.0985
Y  0.5801  0.7626  0.2862
Z -0.2542 -0.1643  0.9531

PART 26
OFFSET  17.7241  2.3026 -6.3847
X  0.9185 -0.3951  0.0153
Y -0.3882 -0.9084 -0.1553
Z  0.0752  0.1367 -0.9878

PART 27
OFFSET  19.3412  1.6068 -6.3577
X  0.6932 -0.7103 -0.1220
Y -0.7185 -0.6676 -0.1953
Z  0.0572  0.2230 -0.9731

PART 28
OFFSET  20.1805  0.7297 -6.4470
X  0.5708 -0.8205 -0.0300
Y -0.8115 -0.5582 -0.1730
Z  0.1252  0.1231 -0.9845

PART 29
OFFSET  20.8252 -0.1971 -6.4809
X  0.5820  0.8056 -0.1109
Y -0.7987  0.5919  0.1083
Z  0.1529  0.0256  0.9879

PART 30
OFFSET  17.9762  2.1912 -7.4545
X  0.9346 -0.3081 -0.1776
Y -0.3059 -0.9512  0.0405
Z -0.1814  0.0165 -0.9833

PART 31
OFFSET  19.8021  1.5893 -7.8014
X  0.8962 -0.3907 -0.2101
Y -0.3818 -0.9205  0.0832
Z -0.2259  0.0057 -0.9741

PART 32
OFFSET  21.1111  1.0186 -8.1083
X  0.9224 -0.2967 -0.2474
Y -0.2795 -0.9546  0.1028
Z -0.2667 -0.0256 -0.9634

PART 33
OFFSET  22.1541  0.6831 -8.3955
X -0.5117  0.8389  0.1857
Y -0.8253 -0.5400  0.1654
Z  0.2390 -0.0686  0.9686

PART 34
OFFSET  16.5119  1.0442 -8.2866
X  0.0490  0.1501 -0.9875
Y  0.3631  0.9183  0.1576
Z  0.9305 -0.3662 -0.0095

PART 35
OFFSET  6.9771 -4.3712 -3.7222
X  0.9728 -0.2113 -0.0949
Y  0.2270  0.9514  0.2082
Z  0.0463 -0.2241  0.9735

PART 36
OFFSET  6.9771 -4.3712 -3.7222
X  0.9728 -0.2113 -0.0949
Y  0.2270  0.9514  0.2082
Z  0.0463 -0.2241  0.9735

PART 37
OFFSET  12.1787 -6.2875 -1.9890
X  0.9735 -0.2159 -0.0750
Y  0.2270  0.9514  0.2082
Z  0.0264 -0.2197  0.9752

PART 38
OFFSET  11.0906 -5.3095 -3.8471
X  0.9728 -0.2113 -0.0949
Y  0.2270  0.9514  0.2082
Z  0.0463 -0.2241  0.9735

PART 39
OFFSET  29.9999 -9.5836 -4.9275
X  0.9728 -0.2113 -0.0949
Y  0.2270  0.9514  0.2082
Z  0.0463 -0.2241  0.9735

PART 40
OFFSET -1.2776 -1.7641 -6.6365
X  0.9728 -0.2113 -0.0949
Y  0.2270  0.9514  0.2082
Z  0.0463 -0.2241  0.9735

PART 41
OFFSET  19.0131 -6.7709 -5.8656
X  0.9728 -0.2113 -0.0949
Y  0.2270  0.9514  0.2082
Z  0.0463 -0.2241  0.9735

PART 42
OFFSET  21.6326 -7.3136 -6.2543
X  0.9728 -0.2113 -0.0949
Y  0.2270  0.9514  0.2082
Z  0.0463 -0.2241  0.9735

PART 43
OFFSET  25.9170 -8.2443 -6.6723
X  0.9728 -0.2113 -0.0949
Y  0.2270  0.9514  0.2082
Z  0.0463 -0.2241  0.9735

PART 44
OFFSET -17.6076 -4.8127 -7.0611
X -0.8542  0.0706  0.5151
Y -0.2567 -0.9188 -0.2998
Z  0.4521 -0.3883  0.8030

PART 45
OFFSET -7.2764 -5.6663 -13.2901
X -0.7781 -0.1025 -0.6197
Y  0.6281 -0.1118 -0.7701
Z  0.0096 -0.9884  0.1514

PART 46
OFFSET -0.6585 -4.7944 -8.0190
X -0.7781 -0.1025 -0.6197
Y  0.6281 -0.1120 -0.7700
Z  0.0096 -0.9884  0.1515

PART 47
OFFSET  0.0218 -3.3875 -6.7849
X -0.7818 -0.0989 -0.6156
Y -0.0165  0.9903 -0.1381
Z  0.6233 -0.0978 -0.7758

PART 48
OFFSET -0.2519 -3.9376 -5.7312
X -0.7818 -0.0989 -0.6156
Y -0.0165  0.9903 -0.1381
Z  0.6233 -0.0978 -0.7758

PART 49
OFFSET -0.0722 -5.2854 -5.5746
X -0.7818 -0.0989 -0.6156
Y -0.0165  0.9903 -0.1381
Z  0.6233 -0.0978 -0.7758

PART 50
OFFSET  1.7268 -4.4801 -6.1190
X -0.9729  0.1255 -0.1941
Y  0.1933 -0.0180 -0.9810
Z -0.1266 -0.9919 -0.0068

PART 51
OFFSET  2.0299 -4.1119 -5.0823
X -0.6640 -0.4190 -0.6193
Y  0.5722  0.2484 -0.7816
Z  0.4814 -0.8733  0.0748

PART 52
OFFSET  3.3789 -3.1839 -3.6721
X -0.9457 -0.1971  0.2586
Y -0.2081 -0.2441 -0.9471
Z  0.2498 -0.9495  0.1898

PART 53
OFFSET  4.8651 -2.7739 -4.1673
X -0.4848 -0.0970  0.8692
Y -0.7987 -0.3560 -0.4852
Z  0.3565 -0.9295  0.0950

PART 54
OFFSET  5.3866 -2.6204 -5.1034
X -0.7514  0.4520  0.4806
Y  0.2482  0.8686 -0.4290
Z -0.6114 -0.2031 -0.7649

PART 55
OFFSET  2.7827 -4.4052 -7.0038
X -0.9593 -0.1133  0.2588
Y  0.1128 -0.9935 -0.0167
Z  0.2590  0.0132  0.9658

PART 56
OFFSET  4.9619 -4.0269 -7.4426
X -0.3255 -0.9365 -0.1302
Y  0.8798 -0.2495 -0.4046
Z  0.3464 -0.2463  0.9052

PART 57
OFFSET  5.4228 -2.7010 -7.2583
X  0.6038 -0.6779 -0.4194
Y  0.7353  0.6769 -0.0355
Z  0.3080 -0.2869  0.9071

PART 58
OFFSET  4.8875 -2.1000 -6.8864
X  0.9336  0.1622 -0.3193
Y -0.0720  0.9584  0.2763
Z  0.3509 -0.2350  0.9065

PART 59
OFFSET  4.0005 -2.2541 -6.5830
X -0.7196 -0.6917 -0.0603
Y -0.6108  0.5894  0.5286
Z -0.3301  0.4173 -0.8467

PART 60
OFFSET  2.8505 -4.5593 -6.3102
X -0.9962 -0.0360  0.0790
Y  0.0378 -0.9990  0.0219
Z  0.0781  0.0248  0.9966

PART 61
OFFSET  5.4253 -4.4917 -6.6627
X -0.3418 -0.9397 -0.0122
Y  0.8603 -0.3077 -0.4065
Z  0.3783 -0.1495  0.9135

PART 62
OFFSET  6.0073 -2.8919 -6.6418
X  0.7531 -0.5255 -0.3958
Y  0.5495  0.8333 -0.0608
Z  0.3618 -0.1718  0.9163

PART 63
OFFSET  4.9636 -2.1636 -6.0933
X  0.8979  0.3332 -0.2875
Y -0.2576  0.9276  0.2705
Z  0.3569 -0.1689  0.9188

PART 64
OFFSET  3.9897 -2.5250 -5.7814
X -0.5710 -0.8112  0.1262
Y -0.7408  0.5754  0.3467
Z -0.3539  0.1045 -0.9294

PART 65
OFFSET -2.5538 -4.4741 -6.1007
X -0.9880 -0.1542  0.0053
Y -0.1541  0.9841 -0.0883
Z  0.0084 -0.0880 -0.9961

PART 66
OFFSET  5.3250 -5.3243 -4.6255
X -0.9710  0.2301 -0.0655
Y -0.2226 -0.9692 -0.1057
Z -0.0878 -0.0880  0.9922

PART 67
OFFSET  7.0345 -5.7295 -4.5102
X -0.5625 -0.8238 -0.0705
Y  0.8237 -0.5657  0.0381
Z -0.0713 -0.0366  0.9968

PART 68
OFFSET  7.7140 -4.7302 -4.3640
X -0.1738 -0.9774 -0.1205
Y  0.9803 -0.1834  0.0732
Z -0.0936 -0.1055  0.9900

PART 69
OFFSET  7.9103 -3.6263 -4.2278
X -0.8547  0.4540  0.2517
Y  0.4699  0.8827  0.0034
Z -0.2206  0.1211 -0.9678

PART 70
OFFSET  5.4537 -5.1526 -5.7092
X -0.4591 -0.8876  0.0384
Y  0.8638 -0.4561 -0.2142
Z  0.2076 -0.0651  0.9760

PART 71
OFFSET  6.3506 -3.4187 -5.7843
X  0.6792 -0.7073 -0.1960
Y  0.6935  0.7059 -0.1442
Z  0.2403 -0.0380  0.9699

PART 72
OFFSET  5.3586 -2.3855 -5.4980
X  0.9369  0.2391 -0.2550
Y -0.2355  0.9708  0.0450
Z  0.2583  0.0179  0.9659

PART 73
OFFSET  4.2954 -2.6559 -5.2160
X -0.5845 -0.8046  0.1050
Y -0.7619  0.5887  0.2701
Z -0.2791  0.0778 -0.9571

PART 74
OFFSET  0.0000 -0.0000 -0.0000
X  1.0000 -0.0000  0.0000
Y  0.0000  1.0000  0.0000
Z  0.0000 -0.0000  1.0000

PART 75
OFFSET  0.0000 -0.0000 -0.0000
X  1.0000 -0.0000  0.0000
Y  0.0000  1.0000  0.0000
Z  0.0000 -0.0000  1.0000

PART 76
OFFSET  1.5404 -0.0000  4.1357
X  1.0000 -0.0000  0.0000
Y  0.0000  1.0000  0.0000
Z  0.0000 -0.0000  1.0000


FRAME 204
PART 0
OFFSET -4.6318 -0.0000 -1.3770
X  1.0000 -0.0000  0.0000
Y  0.0000  1.0000  0.0000
Z  0.0000 -0.0000  1.0000

PART 1
OFFSET -4.6318 -0.0000 -1.3770
X  1.0000 -0.0000  0.0000
Y  0.0000  1.0000  0.0000
Z  0.0000 -0.0000  1.0000

PART 2
OFFSET -3.5060  6.3408 -6.7125
X  0.6326  0.3669 -0.6820
Y  0.3056 -0.9275 -0.2155
Z -0.7116 -0.0721 -0.6989

PART 3
OFFSET  4.1449  10.7784 -14.9608
X  0.7553 -0.4179  0.5049
Y -0.6478 -0.3587  0.6721
Z -0.0998 -0.8347 -0.5416

PART 4
OFFSET  10.5688  7.2237 -10.6665
X  0.7553 -0.4179  0.5049
Y -0.6534 -0.4198  0.6300
Z -0.0513 -0.8057 -0.5901

PART 5
OFFSET  12.3080  8.4052 -9.5248
X  0.7594 -0.4136  0.5023
Y  0.1070  0.8409  0.5305
Z -0.6418 -0.3491  0.6828

PART 6
OFFSET  12.0752  6.6408 -11.3939
X  0.7594 -0.4136  0.5023
Y  0.1070  0.8409  0.5305
Z -0.6418 -0.3491  0.6828

PART 7
OFFSET  11.2219  7.0711 -7.9670
X  0.7594 -0.4136  0.5023
Y  0.1070  0.8409  0.5305
Z -0.6418 -0.3491  0.6828

PART 8
OFFSET  11.0077  5.8133 -8.8869
X  0.7594 -0.4136  0.5023
Y  0.1070  0.8409  0.5305
Z -0.6418 -0.3491  0.6828

PART 9
OFFSET  10.9516  5.2062 -10.0606
X  0.7594 -0.4136  0.5023
Y  0.1070  0.8409  0.5305
Z -0.6418 -0.3491  0.6828

PART 10
OFFSET  12.8842  5.9425 -9.1187
X  0.7764 -0.4609  0.4299
