// Export filename: `C:\projects\cod\t5\xanim_export\t5_viewmodels\ak47\ak47_flame_ft_idle_loop.XANIM_EXPORT`
// Source filename: `D:\projects\devanim\t5\animation_assets\viewmodels\ak47\ViewModel_AK47_FlameThrower_animated.fbx`
// Export time: Sat Jun 05 16:32:41 2010

ANIMATION
VERSION 3

NUMPARTS 81
PART 0 "tag_ads"
PART 1 "tag_torso"
PART 2 "J_Shoulder_LE"
PART 3 "J_Elbow_LE"
PART 4 "J_WristTwist_LE"
PART 5 "J_Sleave_Reshape_Bottom_LE_1"
PART 6 "J_Sleave_Reshape_Bottom_LE_2"
PART 7 "J_Sleave_Reshape_Top_LE_1"
PART 8 "J_Sleave_Reshape_Top_LE_2"
PART 9 "J_Sleave_Reshape_Top_LE_3"
PART 10 "J_Wrist_LE"
PART 11 "J_Thumb_LE_0"
PART 12 "J_Thumb_LE_1"
PART 13 "J_Thumb_LE_2"
PART 14 "J_Thumb_LE_3"
PART 15 "J_PinkyPalm_LE"
PART 16 "J_Pinky_LE_0"
PART 17 "J_Pinky_LE_1"
PART 18 "J_Pinky_LE_2"
PART 19 "J_Pinky_LE_3"
PART 20 "J_RingPalm_LE"
PART 21 "J_Ring_LE_0"
PART 22 "J_Ring_LE_1"
PART 23 "J_Ring_LE_2"
PART 24 "J_Ring_LE_3"
PART 25 "J_Webbing_LE"
PART 26 "J_Index_LE_0"
PART 27 "J_Index_LE_1"
PART 28 "J_Index_LE_2"
PART 29 "J_Index_LE_3"
PART 30 "J_Mid_LE_0"
PART 31 "J_Mid_LE_1"
PART 32 "J_Mid_LE_2"
PART 33 "J_Mid_LE_3"
PART 34 "tag_knife_attach"
PART 35 "tag_weapon"
PART 36 "J_Gun"
PART 37 "J_bolt"
PART 38 "TAG_CLIP"
PART 39 "TAG_FLASH"
PART 40 "tag_flame_unit"
PART 41 "tag_flamer_big_nozel"
PART 42 "tag_flamer_bracket"
PART 43 "tag_flamer_bottle"
PART 44 "tag_flamer_button"
PART 45 "tag_flamer_ring"
PART 46 "tag_flamer_flame"
PART 47 "tag_flamer_pilot_light"
PART 48 "J_Shoulder_RI"
PART 49 "J_Elbow_RI"
PART 50 "J_WristTwist_RI"
PART 51 "J_Sleave_Reshape_Top_RI_3"
PART 52 "J_Sleave_Reshape_Top_RI_2"
PART 53 "J_Sleave_Reshape_Top_RI_1"
PART 54 "J_Wrist_RI"
PART 55 "J_Thumb_RI_0"
PART 56 "J_Thumb_RI_1"
PART 57 "J_Thumb_RI_2"
PART 58 "J_Thumb_RI_3"
PART 59 "J_PinkyPalm_RI"
PART 60 "J_Pinky_RI_0"
PART 61 "J_Pinky_RI_1"
PART 62 "J_Pinky_RI_2"
PART 63 "J_Pinky_RI_3"
PART 64 "J_RingPalm_RI"
PART 65 "J_Ring_RI_0"
PART 66 "J_Ring_RI_1"
PART 67 "J_Ring_RI_2"
PART 68 "J_Ring_RI_3"
PART 69 "J_Webbing_RI"
PART 70 "J_Index_RI_0"
PART 71 "J_Index_RI_1"
PART 72 "J_Index_RI_2"
PART 73 "J_Index_RI_3"
PART 74 "J_Mid_RI_0"
PART 75 "J_Mid_RI_1"
PART 76 "J_Mid_RI_2"
PART 77 "J_Mid_RI_3"
PART 78 "tag_cambone"
PART 79 "tag_camera"
PART 80 "tag_gasmask"

FRAMERATE 30
NUMFRAMES 91

FRAME 1300
PART 0
OFFSET -4.6318 -0.0000 -1.3770
X  1.0000 -0.0000  0.0000
Y  0.0000  1.0000  0.0000
Z  0.0000 -0.0000  1.0000

PART 1
OFFSET -4.6318 -0.0000 -1.3770
X  1.0000 -0.0000  0.0000
Y  0.0000  1.0000  0.0000
Z  0.0000 -0.0000  1.0000

PART 2
OFFSET -3.5060  6.3408 -6.7125
X  0.8438 -0.1688 -0.5094
Y -0.0883 -0.9800  0.1785
Z -0.5293 -0.1056 -0.8418

PART 3
OFFSET  6.6991  4.2989 -12.8728
X  0.7239 -0.4419  0.5298
Y -0.5969 -0.0163  0.8021
Z -0.3458 -0.8969 -0.2756

PART 4
OFFSET  12.8565  0.5405 -8.3669
X  0.7239 -0.4419  0.5298
Y -0.6852 -0.3718  0.6263
Z -0.0798 -0.8164 -0.5719

PART 5
OFFSET  14.9496  1.5310 -7.7654
X  0.7284 -0.4394  0.5257
Y  0.3524  0.8983  0.2625
Z -0.5876 -0.0060  0.8091

PART 6
OFFSET  14.0876 -0.5421 -9.0380
X  0.7284 -0.4394  0.5257
Y  0.3524  0.8983  0.2625
Z -0.5876 -0.0060  0.8091

PART 7
OFFSET  13.8674  0.9240 -5.8041
X  0.7284 -0.4394  0.5257
Y  0.3524  0.8983  0.2625
Z -0.5876 -0.0060  0.8091

PART 8
OFFSET  13.0012 -0.6432 -6.1127
X  0.7284 -0.4394  0.5257
Y  0.3524  0.8983  0.2625
Z -0.5876 -0.0060  0.8091

PART 9
OFFSET  12.6473 -1.4957 -7.0601
X  0.7284 -0.4394  0.5257
Y  0.3524  0.8983  0.2625
Z -0.5876 -0.0060  0.8091

PART 10
OFFSET  15.0758 -0.8142 -6.7428
X  0.9835 -0.0290  0.1785
Y -0.1737 -0.4255  0.8881
Z  0.0502 -0.9045 -0.4235

PART 11
OFFSET  15.3712 -1.6092 -5.9793
X  0.7049 -0.6665  0.2427
Y -0.4526 -0.1591  0.8774
Z -0.5462 -0.7283 -0.4138

PART 12
OFFSET  16.8167 -3.1039 -5.3910
X  0.9374 -0.0231 -0.3476
Y  0.2354 -0.6933  0.6811
Z -0.2567 -0.7203 -0.6444

PART 13
OFFSET  18.2872 -3.1806 -6.0650
X  0.2169  0.4142 -0.8840
Y  0.8782 -0.4783 -0.0086
Z -0.4263 -0.7744 -0.4675

PART 14
OFFSET  18.5172 -2.7763 -7.0424
X  0.6150  0.7046 -0.3540
Y -0.0642  0.4922  0.8681
Z  0.7859 -0.5111  0.3479

PART 15
OFFSET  16.1042 -0.5660 -7.6284
X  0.9471  0.0726 -0.3126
Y -0.0019 -0.9728 -0.2318
Z -0.3209  0.2202 -0.9212

PART 16
OFFSET  18.2787 -0.5541 -8.2250
X  0.4735 -0.8636 -0.1731
Y -0.8132 -0.5042  0.2907
Z -0.3383  0.0031 -0.9410

PART 17
OFFSET  18.9492 -1.7768 -8.4700
X -0.7891 -0.5568  0.2593
Y -0.5393  0.8302  0.1416
Z -0.2941 -0.0281 -0.9554

PART 18
OFFSET  18.2495 -2.2705 -8.2402
X -0.9447 -0.0752  0.3192
Y -0.0608  0.9966  0.0548
Z -0.3223  0.0324 -0.9461

PART 19
OFFSET  17.3520 -2.3420 -7.9369
X  0.8073 -0.5728 -0.1418
Y  0.5213  0.8049 -0.2836
Z  0.2765  0.1551  0.9484

PART 20
OFFSET  16.1981 -0.7288 -6.9397
X  0.9896  0.0976 -0.1054
Y  0.0376 -0.8842 -0.4656
Z -0.1387  0.4568 -0.8787

PART 21
OFFSET  18.7631 -0.5525 -7.3247
X  0.4893 -0.8215 -0.2927
Y -0.8066 -0.5539  0.2063
Z -0.3316  0.1351 -0.9337

PART 22
OFFSET  19.5961 -1.9511 -7.8231
X -0.7866 -0.5887  0.1865
Y -0.5335  0.7999  0.2749
Z -0.3110  0.1167 -0.9432

PART 23
OFFSET  18.5060 -2.7670 -7.5646
X -0.8717  0.3626  0.3296
Y  0.3823  0.9240 -0.0055
Z -0.3065  0.1212 -0.9441

PART 24
OFFSET  17.5606 -2.3738 -7.2072
X  0.4808 -0.8189 -0.3133
Y  0.8256  0.5432 -0.1528
Z  0.2953 -0.1852  0.9373

PART 25
OFFSET  17.8588 -2.0639 -5.0094
X  0.9729 -0.1965 -0.1216
Y  0.2310  0.8397  0.4914
Z  0.0055 -0.5062  0.8624

PART 26
OFFSET  18.7585 -0.9119 -5.2201
X  0.8807 -0.2608 -0.3954
Y -0.3721 -0.8975 -0.2368
Z -0.2931  0.3557 -0.8874

PART 27
OFFSET  20.3090 -1.3711 -5.9163
X  0.1991 -0.8372 -0.5094
Y -0.9370 -0.3149  0.1512
Z -0.2870  0.4472 -0.8471

PART 28
OFFSET  20.5686 -2.4160 -6.4841
X -0.5712 -0.8110 -0.1266
Y -0.7715  0.4779  0.4199
Z -0.2800  0.3375 -0.8987

PART 29
OFFSET  19.9233 -3.3320 -6.6271
X  0.8037 -0.0725 -0.5906
Y  0.3465  0.8640  0.3654
Z  0.4838 -0.4983  0.7195

PART 30
OFFSET  18.8510 -0.6095 -6.2786
X  0.5600 -0.7013 -0.4411
Y -0.7344 -0.6666  0.1275
Z -0.3834  0.2526 -0.8884

PART 31
OFFSET  19.9450 -1.9796 -7.1403
X -0.7635 -0.6216  0.1751
Y -0.4896  0.7339  0.4708
Z -0.4212  0.2737 -0.8647

PART 32
OFFSET  18.8298 -2.8875 -6.8844
X -0.8493  0.1850  0.4943
Y  0.3164  0.9281  0.1962
Z -0.4225  0.3230 -0.8468

PART 33
OFFSET  17.8647 -2.6763 -6.3307
X  0.4762 -0.7553 -0.4502
Y  0.7551  0.6136 -0.2307
Z  0.4505 -0.2301  0.8626

PART 34
OFFSET  17.9124 -2.0419 -7.3829
X -0.1869  0.4080 -0.8936
Y -0.0502  0.9045  0.4235
Z  0.9811  0.1240 -0.1485

PART 35
OFFSET  8.3599 -2.5687 -5.1035
X  0.9910  0.0000  0.1335
Y -0.0271  0.9791  0.2014
Z -0.1307 -0.2032  0.9704

PART 36
OFFSET  8.3599 -2.5687 -5.1035
X  0.9910  0.0000  0.1335
Y -0.0271  0.9791  0.2014
Z -0.1307 -0.2032  0.9704

PART 37
OFFSET  13.3125 -3.3236 -2.1650
X  0.9882 -0.0042  0.1533
Y -0.0271  0.9791  0.2014
Z -0.1509 -0.2032  0.9674

PART 38
OFFSET  12.4971 -2.6107 -4.2674
X  0.9910  0.0000  0.1335
Y -0.0271  0.9791  0.2014
Z -0.1307 -0.2032  0.9704

PART 39
OFFSET  34.9381 -2.1248 -3.1023
X  0.9910  0.0000  0.1335
Y -0.0271  0.9791  0.2014
Z -0.1307 -0.2032  0.9704

PART 40
OFFSET  7.9163 -2.1028 -7.4283
X  0.9910  0.0000  0.1335
Y -0.0271  0.9791  0.2014
Z -0.1307 -0.2032  0.9704

PART 41
OFFSET  33.9837 -2.0928 -3.2594
X -0.0271  0.9791  0.2014
Y -0.9910 -0.0000 -0.1335
Z -0.1307 -0.2032  0.9704

PART 42
OFFSET  22.2671 -2.6596 -4.5420
X -0.4993 -0.1878  0.8458
Y -0.8660  0.0776 -0.4940
Z  0.0271 -0.9791 -0.2014

PART 43
OFFSET  22.2671 -2.6596 -4.5420
X -0.0271  0.9791  0.2014
Y -0.9910  0.0000 -0.1335
Z -0.1307 -0.2032  0.9704

PART 44
OFFSET  21.9202 -2.2769 -5.0099
X -0.0271  0.9791  0.2014
Y -0.9910 -0.0000 -0.1335
Z -0.1307 -0.2032  0.9704

PART 45
OFFSET  21.8822 -0.9062 -4.7280
X  0.0455  0.9401 -0.3379
Y -0.9910  0.0000 -0.1335
Z -0.1255  0.3410  0.9317

PART 46
OFFSET  31.6738 -2.1381 -3.3932
X  0.9910  0.0000  0.1335
Y -0.0271  0.9791  0.2014
Z -0.1307 -0.2032  0.9704

PART 47
OFFSET  31.0596 -0.6176 -3.9551
X  0.7493 -0.5249  0.4039
Y  0.6569  0.6665 -0.3525
Z -0.0842  0.5294  0.8442

PART 48
OFFSET -17.6076 -4.8127 -7.0611
X -0.8904  0.0423  0.4533
Y -0.1779 -0.9488 -0.2608
Z  0.4191 -0.3129  0.8523

PART 49
OFFSET -6.8397 -5.3245 -12.5431
X -0.9306 -0.1312 -0.3417
Y  0.3609 -0.1748 -0.9161
Z  0.0604 -0.9758  0.2100

PART 50
OFFSET  1.0757 -4.2090 -9.6371
X -0.9306 -0.1312 -0.3417
Y  0.3464 -0.0142 -0.9380
Z  0.1182 -0.9913  0.0587

PART 51
OFFSET  2.0964 -2.7332 -8.7738
X -0.9329 -0.1272 -0.3369
Y -0.0629  0.9787 -0.1954
Z  0.3546 -0.1611 -0.9211

PART 52
OFFSET  2.1630 -3.2054 -7.6512
X -0.9329 -0.1272 -0.3369
Y -0.0629  0.9787 -0.1954
Z  0.3546 -0.1611 -0.9211

PART 53
OFFSET  2.3886 -4.5424 -7.4633
X -0.9329 -0.1272 -0.3369
Y -0.0629  0.9787 -0.1954
Z  0.3546 -0.1611 -0.9211

PART 54
OFFSET  3.9287 -3.8069 -8.5896
X -0.9079 -0.0856 -0.4103
Y  0.4104  0.0177 -0.9117
Z  0.0853 -0.9962  0.0191

PART 55
OFFSET  3.9061 -3.3765 -7.5331
X -0.4052 -0.5545 -0.7269
Y  0.6709  0.3598 -0.6484
Z  0.6211 -0.7504  0.2262

PART 56
OFFSET  4.6790 -2.1741 -5.9123
X -0.9183 -0.3923  0.0540
Y  0.0671 -0.2885 -0.9551
Z  0.3902 -0.8734  0.2913

PART 57
OFFSET  6.1217 -1.4602 -6.0890
X -0.6387 -0.1928  0.7449
Y -0.5768 -0.5207 -0.6294
Z  0.5092 -0.8317  0.2214

PART 58
OFFSET  6.7989 -1.2048 -6.8940
X -0.9175  0.2846  0.2780
Y  0.1547  0.8989 -0.4099
Z -0.3665 -0.3331 -0.8687

PART 59
OFFSET  5.1192 -3.5143 -9.2226
X -0.9485 -0.3133  0.0466
Y  0.3158 -0.9468  0.0623
Z  0.0246  0.0738  0.9970

PART 60
OFFSET  7.2152 -2.6836 -9.1898
X -0.0874 -0.9851 -0.1480
Y  0.9807 -0.0590 -0.1865
Z  0.1750 -0.1615  0.9712

PART 61
OFFSET  7.3390 -1.2889 -8.9802
X  0.8095 -0.5364 -0.2387
Y  0.5685  0.8176  0.0910
Z  0.1463 -0.2093  0.9668

PART 62
OFFSET  6.6212 -0.8133 -8.7686
X  0.9278  0.3553 -0.1139
Y -0.3286  0.9227  0.2014
Z  0.1767 -0.1495  0.9729

PART 63
OFFSET  5.7398 -1.1509 -8.6604
X -0.5289 -0.8294 -0.1800
Y -0.8228  0.4491  0.3483
Z -0.2080  0.3323 -0.9199

PART 64
OFFSET  5.0580 -3.6463 -8.5237
X -0.9588 -0.2467 -0.1408
Y  0.2368 -0.9680  0.0836
Z -0.1569  0.0468  0.9865

PART 65
OFFSET  7.5750 -3.0343 -8.3029
X -0.1291 -0.9910 -0.0365
Y  0.9745 -0.1199 -0.1896
Z  0.1835 -0.0601  0.9812

PART 66
OFFSET  7.7948 -1.3472 -8.2407
X  0.9149 -0.3555 -0.1910
Y  0.3652  0.9308  0.0170
Z  0.1718 -0.0853  0.9814

PART 67
OFFSET  6.5268 -0.8545 -7.9759
X  0.8513  0.5150 -0.1000
Y -0.4977  0.8531  0.1566
Z  0.1660 -0.0835  0.9826

PART 68
OFFSET  5.6034 -1.4130 -7.8674
X -0.4051 -0.9134  0.0408
Y -0.9023  0.4066  0.1432
Z -0.1474  0.0212 -0.9888

PART 69
OFFSET -0.1513 -4.7120 -9.5161
X -0.9099 -0.3609 -0.2044
Y -0.3293  0.9282 -0.1731
Z  0.2522 -0.0902 -0.9635

PART 70
OFFSET  7.1886 -3.8570 -6.2961
X -0.9568  0.0178 -0.2903
Y  0.0117 -0.9950 -0.0996
Z -0.2906 -0.0987  0.9517

PART 71
OFFSET  8.8732 -3.8884 -5.7849
X -0.3497 -0.9250 -0.1482
Y  0.8920 -0.3772  0.2493
Z -0.2865 -0.0450  0.9570

PART 72
OFFSET  9.2809 -2.7665 -5.5466
X  0.0632 -0.9927 -0.1029
Y  0.9543  0.0299  0.2973
Z -0.2921 -0.1170  0.9492

PART 73
OFFSET  9.2095 -1.6453 -5.4304
X -0.9642  0.2632  0.0321
Y  0.2647  0.9625  0.0592
Z -0.0153  0.0656 -0.9977

PART 74
OFFSET  7.5217 -3.6683 -7.3324
X -0.2629 -0.9647 -0.0159
Y  0.9648 -0.2631  0.0065
Z -0.0105 -0.0136  0.9999

PART 75
OFFSET  8.0354 -1.7837 -7.3014
X  0.8367 -0.5477 -0.0029
Y  0.5475  0.8364 -0.0256
Z  0.0165  0.0198  0.9997

PART 76
OFFSET  6.8133 -0.9837 -7.2971
X  0.9004  0.4315 -0.0546
Y -0.4344  0.8987 -0.0605
Z  0.0230  0.0782  0.9967

PART 77
OFFSET  5.7931 -1.4724 -7.2423
X -0.4145 -0.9099  0.0168
Y -0.9078  0.4147  0.0632
Z -0.0645  0.0109 -0.9979

PART 78
OFFSET  0.0000 -0.0000 -0.0000
X  1.0000 -0.0000  0.0000
Y  0.0000  1.0000  0.0000
Z  0.0000 -0.0000  1.0000

PART 79
OFFSET  0.0000 -0.0000 -0.0000
X  1.0000 -0.0000  0.0000
Y  0.0000  1.0000  0.0000
Z  0.0000 -0.0000  1.0000

PART 80
OFFSET  1.5404 -0.0000  4.1357
X  1.0000 -0.0000  0.0000
Y  0.0000  1.0000  0.0000
Z  0.0000 -0.0000  1.0000


FRAME 1301
PART 0
OFFSET -4.6318 -0.0000 -1.3770
X  1.0000 -0.0000  0.0000
Y  0.0000  1.0000  0.0000
Z  0.0000 -0.0000  1.0000

PART 1
OFFSET -4.6318 -0.0000 -1.3770
X  1.0000 -0.0000  0.0000
Y  0.0000  1.0000  0.0000
Z  0.0000 -0.0000  1.0000

PART 2
OFFSET -3.5060  6.3408 -6.7125
X  0.8438 -0.1688 -0.5094
Y -0.0883 -0.9800  0.1785
Z -0.5293 -0.1056 -0.8418

PART 3
OFFSET  6.6991  4.2989 -12.8728
X  0.7239 -0.4419  0.5298
Y -0.5969 -0.0163  0.8021
Z -0.3458 -0.8969 -0.2756

PART 4
OFFSET  12.8565  0.5405 -8.3669
X  0.7239 -0.4419  0.5298
Y -0.6852 -0.3718  0.6263
Z -0.0798 -0.8164 -0.5719

PART 5
OFFSET  14.9496  1.5310 -7.7654
X  0.7284 -0.4394  0.5257
Y  0.3524  0.8983  0.2625
Z -0.5876 -0.0060  0.8091

PART 6
OFFSET  14.0876 -0.5421 -9.0380
X  0.7284 -0.4394  0.5257
Y  0.3524  0.8983  0.2625
Z -0.5876 -0.0060  0.8091

PART 7
OFFSET  13.8674  0.9240 -5.8041
X  0.7284 -0.4394  0.5257
Y  0.3524  0.8983  0.2625
Z -0.5876 -0.0060  0.8091

PART 8
OFFSET  13.0012 -0.6432 -6.1127
X  0.7284 -0.4394  0.5257
Y  0.3524  0.8983  0.2625
Z -0.5876 -0.0060  0.8091

PART 9
OFFSET  12.6473 -1.4957 -7.0601
X  0.7284 -0.4394  0.5257
Y  0.3524  0.8983  0.2625
Z -0.5876 -0.0060  0.8091

PART 10
OFFSET  15.0758 -0.8142 -6.7428
X  0.9835 -0.0290  0.1785
Y -0.1737 -0.4255  0.8881
Z  0.0502 -0.9045 -0.4235

PART 11
OFFSET  15.3712 -1.6092 -5.9793
X  0.7049 -0.6665  0.2427
Y -0.4526 -0.1591  0.8774
Z -0.5462 -0.7283 -0.4138

PART 12
OFFSET  16.8167 -3.1039 -5.3910
X  0.9374 -0.0231 -0.3476
Y  0.2354 -0.6933  0.6811
Z -0.2567 -0.7203 -0.6444

PART 13
OFFSET  18.2872 -3.1806 -6.0650
X  0.2169  0.4142 -0.8840
Y  0.8782 -0.4783 -0.0086
Z -0.4263 -0.7744 -0.4675

PART 14
OFFSET  18.5172 -2.7763 -7.0424
X  0.6150  0.7046 -0.3540
Y -0.0642  0.4922  0.8681
Z  0.7859 -0.5111  0.3479

PART 15
OFFSET  16.1042 -0.5660 -7.6284
X  0.9471  0.0726 -0.3126
Y -0.0019 -0.9728 -0.2318
Z -0.3209  0.2202 -0.9212

PART 16
OFFSET  18.2787 -0.5541 -8.2250
X  0.4735 -0.8636 -0.1731
Y -0.8132 -0.5042  0.2907
Z -0.3383  0.0031 -0.9410

PART 17
OFFSET  18.9492 -1.7768 -8.4700
X -0.7891 -0.5568  0.2593
Y -0.5393  0.8302  0.1416
Z -0.2941 -0.0281 -0.9554

PART 18
OFFSET  18.2495 -2.2705 -8.2402
X -0.9447 -0.0752  0.3192
Y -0.0608  0.9966  0.0548
Z -0.3223  0.0324 -0.9461

PART 19
OFFSET  17.3520 -2.3420 -7.9369
X  0.8073 -0.5728 -0.1418
Y  0.5213  0.8049 -0.2836
Z  0.2765  0.1551  0.9484

PART 20
OFFSET  16.1981 -0.7288 -6.9397
X  0.9896  0.0976 -0.1054
Y  0.0376 -0.8842 -0.4656
Z -0.1387  0.4568 -0.8787

PART 21
OFFSET  18.7631 -0.5525 -7.3247
X  0.4893 -0.8215 -0.2927
Y -0.8066 -0.5539  0.2063
Z -0.3316  0.1351 -0.9337

PART 22
OFFSET  19.5961 -1.9511 -7.8231
X -0.7866 -0.5887  0.1865
Y -0.5335  0.7999  0.2749
Z -0.3110  0.1167 -0.9432

PART 23
OFFSET  18.5060 -2.7670 -7.5646
X -0.8717  0.3626  0.3296
Y  0.3823  0.9240 -0.0055
Z -0.3065  0.1212 -0.9441

PART 24
OFFSET  17.5606 -2.3738 -7.2072
X  0.4808 -0.8189 -0.3133
Y  0.8256  0.5432 -0.1528
Z  0.2953 -0.1852  0.9373

PART 25
OFFSET  17.8588 -2.0639 -5.0094
X  0.9729 -0.1965 -0.1216
Y  0.2310  0.8397  0.4914
Z  0.0055 -0.5062  0.8624

PART 26
OFFSET  18.7585 -0.9119 -5.2201
X  0.8807 -0.2608 -0.3954
Y -0.3721 -0.8975 -0.2368
Z -0.2931  0.3557 -0.8874

PART 27
OFFSET  20.3090 -1.3711 -5.9163
X  0.1991 -0.8372 -0.5094
Y -0.9370 -0.3149  0.1512
Z -0.2870  0.4472 -0.8471

PART 28
OFFSET  20.5686 -2.4160 -6.4841
X -0.5712 -0.8110 -0.1266
Y -0.7715  0.4779  0.4199
Z -0.2800  0.3375 -0.8987

PART 29
OFFSET  19.9233 -3.3320 -6.6271
X  0.8037 -0.0725 -0.5906
Y  0.3465  0.8640  0.3654
Z  0.4838 -0.4983  0.7195

PART 30
OFFSET  18.8510 -0.6095 -6.2786
X  0.5600 -0.7013 -0.4411
Y -0.7344 -0.6666  0.1275
Z -0.3834  0.2526 -0.8884

PART 31
OFFSET  19.9450 -1.9796 -7.1403
X -0.7635 -0.6216  0.1751
Y -0.4896  0.7339  0.4708
Z -0.4212  0.2737 -0.8647

PART 32
OFFSET  18.8298 -2.8875 -6.8844
X -0.8493  0.1850  0.4943
Y  0.3164  0.9281  0.1962
Z -0.4225  0.3230 -0.8468

PART 33
OFFSET  17.8647 -2.6763 -6.3307
X  0.4762 -0.7553 -0.4502
Y  0.7551  0.6136 -0.2307
Z  0.4505 -0.2301  0.8626

PART 34
OFFSET  17.9124 -2.0419 -7.3829
X -0.1869  0.4080 -0.8936
Y -0.0502  0.9045  0.4235
Z  0.9811  0.1240 -0.1485

PART 35
OFFSET  8.3599 -2.5687 -5.1035
X  0.9910  0.0000  0.1335
Y -0.0271  0.9791  0.2014
Z -0.1307 -0.2032  0.9704

PART 36
OFFSET  8.3599 -2.5687 -5.1035
X  0.9910  0.0000  0.1335
Y -0.0271  0.9791  0.2014
Z -0.1307 -0.2032  0.9704

PART 37
OFFSET  13.3125 -3.3236 -2.1650
X  0.9882 -0.0042  0.1533
Y -0.0271  0.9791  0.2014
Z -0.1509 -0.2032  0.9674

PART 38
OFFSET  12.4971 -2.6107 -4.2674
X  0.9910  0.0000  0.1335
Y -0.0271  0.9791  0.2014
Z -0.1307 -0.2032  0.9704

PART 39
OFFSET  34.9381 -2.1248 -3.1023
X  0.9910  0.0000  0.1335
Y -0.0271  0.9791  0.2014
Z -0.1307 -0.2032  0.9704

PART 40
OFFSET  7.9163 -2.1028 -7.4283
X  0.9910  0.0000  0.1335
Y -0.0271  0.9791  0.2014
Z -0.1307 -0.2032  0.9704

PART 41
OFFSET  33.9837 -2.0928 -3.2594
X -0.0271  0.9791  0.2014
Y -0.9910 -0.0000 -0.1335
Z -0.1307 -0.2032  0.9704

PART 42
OFFSET  22.2671 -2.6596 -4.5420
X -0.4993 -0.1878  0.8458
Y -0.8660  0.0776 -0.4940
Z  0.0271 -0.9791 -0.2014

PART 43
OFFSET  22.2671 -2.6596 -4.5420
X -0.0271  0.9791  0.2014
Y -0.9910  0.0000 -0.1335
Z -0.1307 -0.2032  0.9704

PART 44
OFFSET  21.9202 -2.2769 -5.0099
X -0.0271  0.9791  0.2014
Y -0.9910 -0.0000 -0.1335
Z -0.1307 -0.2032  0.9704

PART 45
OFFSET  21.8822 -0.9062 -4.7280
X  0.0456  0.9397 -0.3388
Y -0.9910 -0.0000 -0.1335
Z -0.1255  0.3419  0.9313

PART 46
OFFSET  31.6738 -2.1381 -3.3932
X  0.9910  0.0000  0.1335
Y -0.0271  0.9791  0.2014
Z -0.1307 -0.2032  0.9704

PART 47
OFFSET  31.0596 -0.6176 -3.9551
X  0.7493 -0.5249  0.4039
Y  0.6569  0.6665 -0.3525
Z -0.0842  0.5294  0.8442

PART 48
OFFSET -17.6076 -4.8127 -7.0611
X -0.8904  0.0423  0.4533
Y -0.1779 -0.9488 -0.2608
Z  0.4191 -0.3129  0.8523

PART 49
OFFSET -6.8397 -5.3245 -12.5431
X -0.9306 -0.1312 -0.3417
Y  0.3609 -0.1748 -0.9161
Z  0.0604 -0.9758  0.2100

PART 50
OFFSET  1.0757 -4.2090 -9.6371
X -0.9306 -0.1312 -0.3417
Y  0.3464 -0.0142 -0.9380
Z  0.1182 -0.9913  0.0587

PART 51
OFFSET  2.0964 -2.7332 -8.7738
X -0.9329 -0.1272 -0.3369
Y -0.0629  0.9787 -0.1954
Z  0.3546 -0.1611 -0.9211

PART 52
OFFSET  2.1630 -3.2054 -7.6512
X -0.9329 -0.1272 -0.3369
Y -0.0629  0.9787 -0.1954
Z  0.3546 -0.1611 -0.9211

PART 53
OFFSET  2.3886 -4.5424 -7.4633
X -0.9329 -0.1272 -0.3369
Y -0.0629  0.9787 -0.1954
Z  0.3546 -0.1611 -0.9211

PART 54
OFFSET  3.9287 -3.8069 -8.5896
X -0.9079 -0.0856 -0.4103
Y  0.4104  0.0177 -0.9117
Z  0.0853 -0.9962  0.0191

PART 55
OFFSET  3.9061 -3.3765 -7.5331
X -0.4052 -0.5545 -0.7269
Y  0.6709  0.3598 -0.6484
Z  0.6211 -0.7504  0.2262

PART 56
OFFSET  4.6790 -2.1741 -5.9123
X -0.9183 -0.3923  0.0540
Y  0.0671 -0.2885 -0.9551
Z  0.3902 -0.8734  0.2913

PART 57
OFFSET  6.1217 -1.4602 -6.0890
X -0.6387 -0.1928  0.7449
Y -0.5768 -0.5207 -0.6294
Z  0.5092 -0.8317  0.2214

PART 58
OFFSET  6.7989 -1.2048 -6.8940
X -0.9175  0.2846  0.2780
Y  0.1547  0.8989 -0.4099
Z -0.3665 -0.3331 -0.8687

PART 59
OFFSET  5.1192 -3.5143 -9.2226
X -0.9485 -0.3133  0.0466
Y  0.3158 -0.9468  0.0623
Z  0.0246  0.0738  0.9970

PART 60
OFFSET  7.2152 -2.6836 -9.1898
X -0.0874 -0.9851 -0.1480
Y  0.9807 -0.0590 -0.1865
Z  0.1750 -0.1615  0.9712

PART 61
OFFSET  7.3390 -1.2889 -8.9802
X  0.8095 -0.5364 -0.2387
Y  0.5685  0.8176  0.0910
Z  0.1463 -0.2093  0.9668

PART 62
OFFSET  6.6212 -0.8133 -8.7686
X  0.9278  0.3553 -0.1139
Y -0.3286  0.9227  0.2014
Z  0.1767 -0.1495  0.9729

PART 63
OFFSET  5.7398 -1.1509 -8.6604
X -0.5289 -0.8294 -0.1800
Y -0.8228  0.4491  0.3483
Z -0.2080  0.3323 -0.9199

PART 64
OFFSET  5.0580 -3.6463 -8.5237
X -0.9588 -0.2467 -0.1408
Y  0.2368 -0.9680  0.0836
Z -0.1569  0.0468  0.9865

PART 65
OFFSET  7.5750 -3.0343 -8.3029
X -0.1291 -0.9910 -0.0365
Y  0.9745 -0.1199 -0.1896
Z  0.1835 -0.0601  0.9812

PART 66
OFFSET  7.7948 -1.3472 -8.2407
X  0.9149 -0.3555 -0.1910
Y  0.3652  0.9308  0.0170
Z  0.1718 -0.0853  0.9814

PART 67
OFFSET  6.5268 -0.8545 -7.9759
X  0.8513  0.5150 -0.1000
Y -0.4977  0.8531  0.1566
Z  0.1660 -0.0835  0.9826

PART 68
OFFSET  5.6034 -1.4130 -7.8674
X -0.4051 -0.9134  0.0408
Y -0.9023  0.4066  0.1432
Z -0.1474  0.0212 -0.9888

PART 69
OFFSET -0.1513 -4.7120 -9.5161
X -0.9099 -0.3609 -0.2044
Y -0.3293  0.9282 -0.1731
Z  0.2522 -0.0902 -0.9635

PART 70
OFFSET  7.1886 -3.8570 -6.2961
X -0.9568  0.0178 -0.2903
Y  0.0117 -0.9950 -0.0996
Z -0.2906 -0.0987  0.9517

PART 71
OFFSET  8.8732 -3.8884 -5.7849
X -0.3497 -0.9250 -0.1482
Y  0.8920 -0.3772  0.2493
Z -0.2865 -0.0450  0.9570

PART 72
OFFSET  9.2809 -2.7665 -5.5466
X  0.0632 -0.9927 -0.1029
Y  0.9543  0.0299  0.2973
Z -0.2921 -0.1170  0.9492

PART 73
OFFSET  9.2095 -1.6453 -5.4304
X -0.9642  0.2632  0.0321
Y  0.2647  0.9625  0.0592
Z -0.0153  0.0656 -0.9977

PART 74
OFFSET  7.5217 -3.6683 -7.3324
X -0.2629 -0.9647 -0.0159
Y  0.9648 -0.2631  0.0065
Z -0.0105 -0.0136  0.9999

PART 75
OFFSET  8.0354 -1.7837 -7.3014
X  0.8367 -0.5477 -0.0029
Y  0.5475  0.8364 -0.0256
Z  0.0165  0.0198  0.9997

PART 76
OFFSET  6.8133 -0.9837 -7.2971
X  0.9004  0.4315 -0.0546
Y -0.4344  0.8987 -0.0605
Z  0.0230  0.0782  0.9967

PART 77
OFFSET  5.7931 -1.4724 -7.2423
X -0.4145 -0.9099  0.0168
Y -0.9078  0.4147  0.0632
Z -0.0645  0.0109 -0.9979

PART 78
OFFSET  0.0000 -0.0000 -0.0000
X  1.0000 -0.0000  0.0000
Y  0.0000  1.0000  0.0000
Z  0.0000 -0.0000  1.0000

PART 79
OFFSET  0.0000 -0.0000 -0.0000
X  1.0000 -0.0000  0.0000
Y  0.0000  1.0000  0.0000
Z  0.0000 -0.0000  1.0000

PART 80
OFFSET  1.5404 -0.0000  4.1357
X  1.0000 -0.0000  0.0000
Y  0.0000  1.0000  0.0000
Z  0.0000 -0.0000  1.0000


FRAME 1302
PART 0
OFFSET -4.6318 -0.0000 -1.3770
X  1.0000 -0.0000  0.0000
Y  0.0000  1.0000  0.0000
Z  0.0000 -0.0000  1.0000

PART 1
OFFSET -4.6318 -0.0000 -1.3770
X  1.0000 -0.0000  0.0000
Y  0.0000  1.0000  0.0000
Z  0.0000 -0.0000  1.0000

PART 2
OFFSET -3.5060  6.3408 -6.7125
X  0.8438 -0.1688 -0.5094
Y -0.0883 -0.9800  0.1785
Z -0.5293 -0.1056 -0.8418

PART 3
OFFSET  6.6991  4.2989 -12.8728
X  0.7239 -0.4419  0.5298
Y -0.5969 -0.0163  0.8021
Z -0.3458 -0.8969 -0.2756

PART 4
OFFSET  12.8565  0.5405 -8.3669
X  0.7239 -0.4419  0.5298
Y -0.6852 -0.3718  0.6263
Z -0.0798 -0.8164 -0.5719

PART 5
OFFSET  14.9496  1.5310 -7.7654
X  0.7284 -0.4394  0.5257
Y  0.3524  0.8983  0.2625
Z -0.5876 -0.0060  0.8091

PART 6
OFFSET  14.0876 -0.5421 -9.0380
X  0.7284 -0.4394  0.5257
Y  0.3524  0.8983  0.2625
Z -0.5876 -0.0060  0.8091

PART 7
OFFSET  13.8674  0.9240 -5.8041
X  0.7284 -0.4394  0.5257
Y  0.3524  0.8983  0.2625
Z -0.5876 -0.0060  0.8091

PART 8
OFFSET  13.0012 -0.6432 -6.1127
X  0.7284 -0.4394  0.5257
Y  0.3524  0.8983  0.2625
Z -0.5876 -0.0060  0.8091

PART 9
OFFSET  12.6473 -1.4957 -7.0601
X  0.7284 -0.4394  0.5257
Y  0.3524  0.8983  0.2625
Z -0.5876 -0.0060  0.8091

PART 10
OFFSET  15.0758 -0.8142 -6.7428
X  0.9835 -0.0290  0.1785
Y -0.1737 -0.4255  0.8881
Z  0.0502 -0.9045 -0.4235

PART 11
OFFSET  15.3712 -1.6092 -5.9793
X  0.7049 -0.6665  0.2427
Y -0.4526 -0.1591  0.8774
Z -0.5462 -0.7283 -0.4138

PART 12
OFFSET  16.8167 -3.1039 -5.3910
X  0.9374 -0.0231 -0.3476
Y  0.2354 -0.6933  0.6811
Z -0.2567 -0.7203 -0.6444

PART 13
OFFSET  18.2872 -3.1806 -6.0650
X  0.2169  0.4142 -0.8840
Y  0.8782 -0.4783 -0.0086
Z -0.4263 -0.7744 -0.4675

PART 14
OFFSET  18.5172 -2.7763 -7.0424
X  0.6150  0.7046 -0.3540
Y -0.0642  0.4922  0.8681
Z  0.7859 -0.5111  0.3479

PART 15
OFFSET  16.1042 -0.5660 -7.6284
X  0.9471  0.0726 -0.3126
Y -0.0019 -0.9728 -0.2318
Z -0.3209  0.2202 -0.9212

PART 16
OFFSET  18.2787 -0.5541 -8.2250
X  0.4735 -0.8636 -0.1731
Y -0.8132 -0.5042  0.2907
Z -0.3383  0.0031 -0.9410

PART 17
OFFSET  18.9492 -1.7768 -8.4700
X -0.7891 -0.5568  0.2593
Y -0.5393  0.8302  0.1416
Z -0.2941 -0.0281 -0.9554

PART 18
OFFSET  18.2495 -2.2705 -8.2402
X -0.9447 -0.0752  0.3192
Y -0.0608  0.9966  0.0548
Z -0.3223  0.0324 -0.9461

PART 19
OFFSET  17.3520 -2.3420 -7.9369
X  0.8073 -0.5728 -0.1418
Y  0.5213  0.8049 -0.2836
Z  0.2765  0.1551  0.9484

PART 20
OFFSET  16.1981 -0.7288 -6.9397
X  0.9896  0.0976 -0.1054
Y  0.0376 -0.8842 -0.4656
Z -0.1387  0.4568 -0.8787

PART 21
OFFSET  18.7631 -0.5525 -7.3247
X  0.4893 -0.8215 -0.2927
Y -0.8066 -0.5539  0.2063
Z -0.3316  0.1351 -0.9337

PART 22
OFFSET  19.5961 -1.9511 -7.8231
X -0.7866 -0.5887  0.1865
Y -0.5335  0.7999  0.2749
Z -0.3110  0.1167 -0.9432

PART 23
OFFSET  18.5060 -2.7670 -7.5646
X -0.8717  0.3626  0.3296
Y  0.3823  0.9240 -0.0055
Z -0.3065  0.1212 -0.9441

PART 24
OFFSET  17.5606 -2.3738 -7.2072
X  0.4808 -0.8189 -0.3133
Y  0.8256  0.5432 -0.1528
Z  0.2953 -0.1852  0.9373

PART 25
OFFSET  17.8588 -2.0639 -5.0094
X  0.9729 -0.1965 -0.1216
Y  0.2310  0.8397  0.4914
Z  0.0055 -0.5062  0.8624

PART 26
OFFSET  18.7585 -0.9119 -5.2201
X  0.8807 -0.2608 -0.3954
Y -0.3721 -0.8975 -0.2368
Z -0.2931  0.3557 -0.8874

PART 27
OFFSET  20.3090 -1.3711 -5.9163
X  0.1991 -0.8372 -0.5094
Y -0.9370 -0.3149  0.1512
Z -0.2870  0.4472 -0.8471

PART 28
OFFSET  20.5686 -2.4160 -6.4841
X -0.5712 -0.8110 -0.1266
Y -0.7715  0.4779  0.4199
Z -0.2800  0.3375 -0.8987

PART 29
OFFSET  19.9233 -3.3320 -6.6271
X  0.8037 -0.0725 -0.5906
Y  0.3465  0.8640  0.3654
Z  0.4838 -0.4983  0.7195

PART 30
OFFSET  18.8510 -0.6095 -6.2786
X  0.5600 -0.7013 -0.4411
Y -0.7344 -0.6666  0.1275
Z -0.3834  0.2526 -0.8884

PART 31
OFFSET  19.9450 -1.9796 -7.1403
X -0.7635 -0.6216  0.1751
Y -0.4896  0.7339  0.4708
Z -0.4212  0.2737 -0.8647

PART 32
OFFSET  18.8298 -2.8875 -6.8844
X -0.8493  0.1850  0.4943
Y  0.3164  0.9281  0.1962
Z -0.4225  0.3230 -0.8468

PART 33
OFFSET  17.8647 -2.6763 -6.3307
X  0.4762 -0.7553 -0.4502
Y  0.7551  0.6136 -0.2307
Z  0.4505 -0.2301  0.8626

PART 34
OFFSET  17.9124 -2.0419 -7.3829
X -0.1869  0.4080 -0.8936
Y -0.0502  0.9045  0.4235
Z  0.9811  0.1240 -0.1485

PART 35
OFFSET  8.3599 -2.5687 -5.1035
X  0.9910  0.0000  0.1335
Y -0.0271  0.9791  0.2014
Z -0.1307 -0.2032  0.9704

PART 36
OFFSET  8.3599 -2.5687 -5.1035
X  0.9910  0.0000  0.1335
Y -0.0271  0.9791  0.2014
Z -0.1307 -0.2032  0.9704

PART 37
OFFSET  13.3125 -3.3236 -2.1650
X  0.9882 -0.0042  0.1533
Y -0.0271  0.9791  0.2014
Z -0.1509 -0.2032  0.9674

PART 38
OFFSET  12.4971 -2.6107 -4.2674
X  0.9910  0.0000  0.1335
Y -0.0271  0.9791  0.2014
Z -0.1307 -0.2032  0.9704

PART 39
OFFSET  34.9381 -2.1248 -3.1023
X  0.9910  0.0000  0.1335
Y -0.0271  0.9791  0.2014
Z -0.1307 -0.2032  0.9704

PART 40
OFFSET  7.9163 -2.1028 -7.4283
X  0.9910  0.0000  0.1335
Y -0.0271  0.9791  0.2014
Z -0.1307 -0.2032  0.9704

PART 41
OFFSET  33.9837 -2.0928 -3.2594
X -0.0271  0.9791  0.2014
Y -0.9910 -0.0000 -0.1335
Z -0.1307 -0.2032  0.9704

PART 42
OFFSET  22.2671 -2.6596 -4.5420
X -0.4993 -0.1878  0.8458
Y -0.8660  0.0776 -0.4940
Z  0.0271 -0.9791 -0.2014

PART 43
OFFSET  22.2671 -2.6596 -4.5420
X -0.0271  0.9791  0.2014
Y -0.9910  0.0000 -0.1335
Z -0.1307 -0.2032  0.9704

PART 44
OFFSET  21.9202 -2.2769 -5.0099
X -0.0271  0.9791  0.2014
Y -0.9910 -0.0000 -0.1335
Z -0.1307 -0.2032  0.9704

PART 45
OFFSET  21.8822 -0.9062 -4.7280
X  0.0460  0.9389 -0.3412
Y -0.9910 -0.0000 -0.1335
Z -0.1253  0.3443  0.9305

PART 46
OFFSET  31.6738 -2.1381 -3.3932
X  0.9910  0.0000  0.1335
Y -0.0271  0.9791  0.2014
Z -0.1307 -0.2032  0.9704

PART 47
OFFSET  31.0596 -0.6176 -3.9551
X  0.7493 -0.5249  0.4039
Y  0.6569  0.6665 -0.3525
Z -0.0842  0.5294  0.8442

PART 48
OFFSET -17.6076 -4.8127 -7.0611
X -0.8904  0.0423  0.4533
Y -0.1779 -0.9488 -0.2608
Z  0.4191 -0.3129  0.8523

PART 49
OFFSET -6.8397 -5.3245 -12.5431
X -0.9306 -0.1312 -0.3417
Y  0.3609 -0.1748 -0.9161
Z  0.0604 -0.9758  0.2100

PART 50
OFFSET  1.0757 -4.2090 -9.6371
X -0.9306 -0.1312 -0.3417
Y  0.3464 -0.0142 -0.9380
Z  0.1182 -0.9913  0.0587

PART 51
OFFSET  2.0964 -2.7332 -8.7738
X -0.9329 -0.1272 -0.3369
Y -0.0629  0.9787 -0.1954
Z  0.3546 -0.1611 -0.9211

PART 52
OFFSET  2.1630 -3.2054 -7.6512
X -0.9329 -0.1272 -0.3369
Y -0.0629  0.9787 -0.1954
Z  0.3546 -0.1611 -0.9211

PART 53
OFFSET  2.3886 -4.5424 -7.4633
X -0.9329 -0.1272 -0.3369
Y -0.0629  0.9787 -0.1954
Z  0.3546 -0.1611 -0.9211

PART 54
OFFSET  3.9287 -3.8069 -8.5896
X -0.9079 -0.0856 -0.4103
Y  0.4104  0.0177 -0.9117
Z  0.0853 -0.9962  0.0191

PART 55
OFFSET  3.9061 -3.3765 -7.5331
X -0.4052 -0.5545 -0.7269
Y  0.6709  0.3598 -0.6484
Z  0.6211 -0.7504  0.2262

PART 56
OFFSET  4.6790 -2.1741 -5.9123
X -0.9183 -0.3923  0.0540
Y  0.0671 -0.2885 -0.9551
Z  0.3902 -0.8734  0.2913

PART 57
OFFSET  6.1217 -1.4602 -6.0890
X -0.6387 -0.1928  0.7449
Y -0.5768 -0.5207 -0.6294
Z  0.5092 -0.8317  0.2214

PART 58
OFFSET  6.7989 -1.2048 -6.8940
X -0.9175  0.2846  0.2780
Y  0.1547  0.8989 -0.4099
Z -0.3665 -0.3331 -0.8687

PART 59
OFFSET  5.1192 -3.5143 -9.2226
X -0.9485 -0.3133  0.0466
Y  0.3158 -0.9468  0.0623
Z  0.0246  0.0738  0.9970

PART 60
OFFSET  7.2152 -2.6836 -9.1898
X -0.0874 -0.9851 -0.1480
Y  0.9807 -0.0590 -0.1865
Z  0.1750 -0.1615  0.9712

PART 61
OFFSET  7.3390 -1.2889 -8.9802
X  0.8095 -0.5364 -0.2387
Y  0.5685  0.8176  0.0910
Z  0.1463 -0.2093  0.9668

PART 62
OFFSET  6.6212 -0.8133 -8.7686
X  0.9278  0.3553 -0.1139
Y -0.3286  0.9227  0.2014
Z  0.1767 -0.1495  0.9729

PART 63
OFFSET  5.7398 -1.1509 -8.6604
X -0.5289 -0.8294 -0.1800
Y -0.8228  0.4491  0.3483
Z -0.2080  0.3323 -0.9199

PART 64
OFFSET  5.0580 -3.6463 -8.5237
X -0.9588 -0.2467 -0.1408
Y  0.2368 -0.9680  0.0836
Z -0.1569  0.0468  0.9865

PART 65
OFFSET  7.5750 -3.0343 -8.3029
X -0.1291 -0.9910 -0.0365
Y  0.9745 -0.1199 -0.1896
Z  0.1835 -0.0601  0.9812

PART 66
OFFSET  7.7948 -1.3472 -8.2407
X  0.9149 -0.3555 -0.1910
Y  0.3652  0.9308  0.0170
Z  0.1718 -0.0853  0.9814

PART 67
OFFSET  6.5268 -0.8545 -7.9759
X  0.8513  0.5150 -0.1000
Y -0.4977  0.8531  0.1566
Z  0.1660 -0.0835  0.9826

PART 68
OFFSET  5.6034 -1.4130 -7.8674
X -0.4051 -0.9134  0.0408
Y -0.9023  0.4066  0.1432
Z -0.1474  0.0212 -0.9888

PART 69
OFFSET -0.1513 -4.7120 -9.5161
X -0.9099 -0.3609 -0.2044
Y -0.3293  0.9282 -0.1731
Z  0.2522 -0.0902 -0.9635

PART 70
OFFSET  7.1886 -3.8570 -6.2961
X -0.9568  0.0178 -0.2903
Y  0.0117 -0.9950 -0.0996
Z -0.2906 -0.0987  0.9517

PART 71
OFFSET  8.8732 -3.8884 -5.7849
X -0.3497 -0.9250 -0.1482
Y  0.8920 -0.3772  0.2493
Z -0.2865 -0.0450  0.9570

PART 72
OFFSET  9.2809 -2.7665 -5.5466
X  0.0632 -0.9927 -0.1029
Y  0.9543  0.0299  0.2973
Z -0.2921 -0.1170  0.9492

PART 73
OFFSET  9.2095 -1.6453 -5.4304
X -0.9642  0.2632  0.0321
Y  0.2647  0.9625  0.0592
Z -0.0153  0.0656 -0.9977

PART 74
OFFSET  7.5217 -3.6683 -7.3324
X -0.2629 -0.9647 -0.0159
Y  0.9648 -0.2631  0.0065
Z -0.0105 -0.0136  0.9999

PART 75
OFFSET  8.0354 -1.7837 -7.3014
X  0.8367 -0.5477 -0.0029
Y  0.5475  0.8364 -0.0256
Z  0.0165  0.0198  0.9997

PART 76
OFFSET  6.8133 -0.9837 -7.2971
X  0.9004  0.4315 -0.0546
Y -0.4344  0.8987 -0.0605
Z  0.0230  0.0782  0.9967

PART 77
OFFSET  5.7931 -1.4724 -7.2423
X -0.4145 -0.9099  0.0168
Y -0.9078  0.4147  0.0632
Z -0.0645  0.0109 -0.9979

PART 78
OFFSET  0.0000 -0.0000 -0.0000
X  1.0000 -0.0000  0.0000
Y  0.0000  1.0000  0.0000
Z  0.0000 -0.0000  1.0000

PART 79
OFFSET  0.0000 -0.0000 -0.0000
X  1.0000 -0.0000  0.0000
Y  0.0000  1.0000  0.0000
Z  0.0000 -0.0000  1.0000

PART 80
OFFSET  1.5404 -0.0000  4.1357
X  1.0000 -0.0000  0.0000
Y  0.0000  1.0000  0.0000
Z  0.0000 -0.0000  1.0000


FRAME 1303
PART 0
OFFSET -4.6318 -0.0000 -1.3770
X  1.0000 -0.0000  0.0000
Y  0.0000  1.0000  0.0000
Z  0.0000 -0.0000  1.0000

PART 1
OFFSET -4.6318 -0.0000 -1.3770
X  1.0000 -0.0000  0.0000
Y  0.0000  1.0000  0.0000
Z  0.0000 -0.0000  1.0000

PART 2
OFFSET -3.5060  6.3408 -6.7125
X  0.8438 -0.1688 -0.5094
Y -0.0883 -0.9800  0.1785
Z -0.5293 -0.1056 -0.8418

PART 3
OFFSET  6.6991  4.2989 -12.8728
X  0.7239 -0.4419  0.5298
Y -0.5969 -0.0163  0.8021
Z -0.3458 -0.8969 -0.2756

PART 4
OFFSET  12.8565  0.5405 -8.3669
X  0.7239 -0.4419  0.5298
Y -0.6852 -0.3718  0.6263
Z -0.0798 -0.8164 -0.5719

PART 5
OFFSET  14.9496  1.5310 -7.7654
X  0.7284 -0.4394  0.5257
Y  0.3524  0.8983  0.2625
Z -0.5876 -0.0060  0.8091

PART 6
OFFSET  14.0876 -0.5421 -9.0380
X  0.7284 -0.4394  0.5257
Y  0.3524  0.8983  0.2625
Z -0.5876 -0.0060  0.8091

PART 7
OFFSET  13.8674  0.9240 -5.8041
X  0.7284 -0.4394  0.5257
Y  0.3524  0.8983  0.2625
Z -0.5876 -0.0060  0.8091

PART 8
OFFSET  13.0012 -0.6432 -6.1127
X  0.7284 -0.4394  0.5257
Y  0.3524  0.8983  0.2625
Z -0.5876 -0.0060  0.8091

PART 9
OFFSET  12.6473 -1.4957 -7.0601
X  0.7284 -0.4394  0.5257
Y  0.3524  0.8983  0.2625
Z -0.5876 -0.0060  0.8091

PART 10
OFFSET  15.0758 -0.8142 -6.7428
X  0.9835 -0.0290  0.1785
Y -0.1737 -0.4255  0.8881
Z  0.0502 -0.9045 -0.4235

PART 11
OFFSET  15.3712 -1.6092 -5.9793
X  0.7049 -0.6665  0.2427
Y -0.4526 -0.1591  0.8774
Z -0.5462 -0.7283 -0.4138

PART 12
OFFSET  16.8167 -3.1039 -5.3910
X  0.9374 -0.0231 -0.3476
Y  0.2354 -0.6933  0.6811
Z -0.2567 -0.7203 -0.6444

PART 13
OFFSET  18.2872 -3.1806 -6.0650
X  0.2169  0.4142 -0.8840
Y  0.8782 -0.4783 -0.0086
Z -0.4263 -0.7744 -0.4675

PART 14
OFFSET  18.5172 -2.7763 -7.0424
X  0.6150  0.7046 -0.3540
Y -0.0642  0.4922  0.8681
Z  0.7859 -0.5111  0.3479

PART 15
OFFSET  16.1042 -0.5660 -7.6284
X  0.9471  0.0726 -0.3126
Y -0.0019 -0.9728 -0.2318
Z -0.3209  0.2202 -0.9212

PART 16
OFFSET  18.2787 -0.5541 -8.2250
X  0.4735 -0.8636 -0.1731
Y -0.8132 -0.5042  0.2907
Z -0.3383  0.0031 -0.9410

PART 17
OFFSET  18.9492 -1.7768 -8.4700
X -0.7891 -0.5568  0.2593
Y -0.5393  0.8302  0.1416
Z -0.2941 -0.0281 -0.9554

PART 18
OFFSET  18.2495 -2.2705 -8.2402
X -0.9447 -0.0752  0.3192
Y -0.0608  0.9966  0.0548
Z -0.3223  0.0324 -0.9461

PART 19
OFFSET  17.3520 -2.3420 -7.9369
X  0.8073 -0.5728 -0.1418
Y  0.5213  0.8049 -0.2836
Z  0.2765  0.1551  0.9484

PART 20
OFFSET  16.1981 -0.7288 -6.9397
X  0.9896  0.0976 -0.1054
Y  0.0376 -0.8842 -0.4656
Z -0.1387  0.4568 -0.8787

PART 21
OFFSET  18.7631 -0.5525 -7.3247
X  0.4893 -0.8215 -0.2927
Y -0.8066 -0.5539  0.2063
Z -0.3316  0.1351 -0.9337

PART 22
OFFSET  19.5961 -1.9511 -7.8231
X -0.7866 -0.5887  0.1865
Y -0.5335  0.7999  0.2749
Z -0.3110  0.1167 -0.9432

PART 23
OFFSET  18.5060 -2.7670 -7.5646
X -0.8717  0.3626  0.3296
Y  0.3823  0.9240 -0.0055
Z -0.3065  0.1212 -0.9441

PART 24
OFFSET  17.5606 -2.3738 -7.2072
X  0.4808 -0.8189 -0.3133
Y  0.8256  0.5432 -0.1528
Z  0.2953 -0.1852  0.9373

PART 25
OFFSET  17.8588 -2.0639 -5.0094
X  0.9729 -0.1965 -0.1216
Y  0.2310  0.8397  0.4914
Z  0.0055 -0.5062  0.8624

PART 26
OFFSET  18.7585 -0.9119 -5.2201
X  0.8807 -0.2608 -0.3954
Y -0.3721 -0.8975 -0.2368
Z -0.2931  0.3557 -0.8874

PART 27
OFFSET  20.3090 -1.3711 -5.9163
X  0.1991 -0.8372 -0.5094
Y -0.9370 -0.3149  0.1512
Z -0.2870  0.4472 -0.8471

PART 28
OFFSET  20.5686 -2.4160 -6.4841
X -0.5712 -0.8110 -0.1266
Y -0.7715  0.4779  0.4199
Z -0.2800  0.3375 -0.8987

PART 29
OFFSET  19.9233 -3.3320 -6.6271
X  0.8037 -0.0725 -0.5906
Y  0.3465  0.8640  0.3654
Z  0.4838 -0.4983  0.7195

PART 30
OFFSET  18.8510 -0.6095 -6.2786
X  0.5600 -0.7013 -0.4411
Y -0.7344 -0.6666  0.1275
Z -0.3834  0.2526 -0.8884

PART 31
OFFSET  19.9450 -1.9796 -7.1403
X -0.7635 -0.6216  0.1751
Y -0.4896  0.7339  0.4708
Z -0.4212  0.2737 -0.8647

PART 32
OFFSET  18.8298 -2.8875 -6.8844
X -0.8493  0.1850  0.4943
Y  0.3164  0.9281  0.1962
Z -0.4225  0.3230 -0.8468

PART 33
OFFSET  17.8647 -2.6763 -6.3307
X  0.4762 -0.7553 -0.4502
Y  0.7551  0.6136 -0.2307
Z  0.4505 -0.2301  0.8626

PART 34
OFFSET  17.9124 -2.0419 -7.3829
X -0.1869  0.4080 -0.8936
Y -0.0502  0.9045  0.4235
Z  0.9811  0.1240 -0.1485

PART 35
OFFSET  8.3599 -2.5687 -5.1035
X  0.9910  0.0000  0.1335
Y -0.0271  0.9791  0.2014
Z -0.1307 -0.2032  0.9704

PART 36
OFFSET  8.3599 -2.5687 -5.1035
X  0.9910  0.0000  0.1335
Y -0.0271  0.9791  0.2014
Z -0.1307 -0.2032  0.9704

PART 37
OFFSET  13.3125 -3.3236 -2.1650
X  0.9882 -0.0042  0.1533
Y -0.0271  0.9791  0.2014
Z -0.1509 -0.2032  0.9674

PART 38
OFFSET  12.4971 -2.6107 -4.2674
X  0.9910  0.0000  0.1335
Y -0.0271  0.9791  0.2014
Z -0.1307 -0.2032  0.9704

PART 39
OFFSET  34.9381 -2.1248 -3.1023
X  0.9910  0.0000  0.1335
Y -0.0271  0.9791  0.2014
Z -0.1307 -0.2032  0.9704

PART 40
OFFSET  7.9163 -2.1028 -7.4283
X  0.9910  0.0000  0.1335
Y -0.0271  0.9791  0.2014
Z -0.1307 -0.2032  0.9704

PART 41
OFFSET  33.9837 -2.0928 -3.2594
X -0.0271  0.9791  0.2014
Y -0.9910 -0.0000 -0.1335
Z -0.1307 -0.2032  0.9704

PART 42
OFFSET  22.2671 -2.6596 -4.5420
X -0.4993 -0.1878  0.8458
Y -0.8660  0.0776 -0.4940
Z  0.0271 -0.9791 -0.2014

PART 43
OFFSET  22.2671 -2.6596 -4.5420
X -0.0271  0.9791  0.2014
Y -0.9910  0.0000 -0.1335
Z -0.1307 -0.2032  0.9704

PART 44
OFFSET  21.9202 -2.2769 -5.0099
X -0.0271  0.9791  0.2014
Y -0.9910 -0.0000 -0.1335
Z -0.1307 -0.2032  0.9704

PART 45
OFFSET  21.8822 -0.9062 -4.7280
X  0.0464  0.9375 -0.3448
Y -0.9910 -0.0000 -0.1335
Z -0.1252  0.3479  0.9291

PART 46
OFFSET  31.6738 -2.1381 -3.3932
X  0.9910  0.0000  0.1335
Y -0.0271  0.9791  0.2014
Z -0.1307 -0.2032  0.9704

PART 47
OFFSET  31.0596 -0.6176 -3.9551
X  0.7493 -0.5249  0.4039
Y  0.6569  0.6665 -0.3525
Z -0.0842  0.5294  0.8442

PART 48
OFFSET -17.6076 -4.8127 -7.0611
X -0.8904  0.0423  0.4533
Y -0.1779 -0.9488 -0.2608
Z  0.4191 -0.3129  0.8523

PART 49
OFFSET -6.8397 -5.3245 -12.5431
X -0.9306 -0.1312 -0.3417
Y  0.3609 -0.1748 -0.9161
Z  0.0604 -0.9758  0.2100

PART 50
OFFSET  1.0757 -4.2090 -9.6371
X -0.9306 -0.1312 -0.3417
Y  0.3464 -0.0142 -0.9380
Z  0.1182 -0.9913  0.0587

PART 51
OFFSET  2.0964 -2.7332 -8.7738
X -0.9329 -0.1272 -0.3369
Y -0.0629  0.9787 -0.1954
Z  0.3546 -0.1611 -0.9211

PART 52
OFFSET  2.1630 -3.2054 -7.6512
X -0.9329 -0.1272 -0.3369
Y -0.0629  0.9787 -0.1954
Z  0.3546 -0.1611 -0.9211

PART 53
OFFSET  2.3886 -4.5424 -7.4633
X -0.9329 -0.1272 -0.3369
Y -0.0629  0.9787 -0.1954
Z  0.3546 -0.1611 -0.9211

PART 54
OFFSET  3.9287 -3.8069 -8.5896
X -0.9079 -0.0856 -0.4103
Y  0.4104  0.0177 -0.9117
Z  0.0853 -0.9962  0.0191

PART 55
OFFSET  3.9061 -3.3765 -7.5331
X -0.4052 -0.5545 -0.7269
Y  0.6709  0.3598 -0.6484
Z  0.6211 -0.7504  0.2262

PART 56
OFFSET  4.6790 -2.1741 -5.9123
X -0.9183 -0.3923  0.0540
Y  0.0671 -0.2885 -0.9551
Z  0.3902 -0.8734  0.2913

PART 57
OFFSET  6.1217 -1.4602 -6.0890
X -0.6387 -0.1928  0.7449
Y -0.5768 -0.5207 -0.6294
Z  0.5092 -0.8317  0.2214

PART 58
OFFSET  6.7989 -1.2048 -6.8940
X -0.9175  0.2846  0.2780
Y  0.1547  0.8989 -0.4099
Z -0.3665 -0.3331 -0.8687

PART 59
OFFSET  5.1192 -3.5143 -9.2226
X -0.9485 -0.3133  0.0466
Y  0.3158 -0.9468  0.0623
Z  0.0246  0.0738  0.9970

PART 60
OFFSET  7.2152 -2.6836 -9.1898
X -0.0874 -0.9851 -0.1480
Y  0.9807 -0.0590 -0.1865
Z  0.1750 -0.1615  0.9712

PART 61
OFFSET  7.3390 -1.2889 -8.9802
X  0.8095 -0.5364 -0.2387
Y  0.5685  0.8176  0.0910
Z  0.1463 -0.2093  0.9668

PART 62
OFFSET  6.6212 -0.8133 -8.7686
X  0.9278  0.3553 -0.1139
Y -0.3286  0.9227  0.2014
Z  0.1767 -0.1495  0.9729

PART 63
OFFSET  5.7398 -1.1509 -8.6604
X -0.5289 -0.8294 -0.1800
Y -0.8228  0.4491  0.3483
Z -0.2080  0.3323 -0.9199

PART 64
OFFSET  5.0580 -3.6463 -8.5237
X -0.9588 -0.2467 -0.1408
Y  0.2368 -0.9680  0.0836
Z -0.1569  0.0468  0.9865

PART 65
OFFSET  7.5750 -3.0343 -8.3029
X -0.1291 -0.9910 -0.0365
Y  0.9745 -0.1199 -0.1896
Z  0.1835 -0.0601  0.9812

PART 66
OFFSET  7.7948 -1.3472 -8.2407
X  0.9149 -0.3555 -0.1910
Y  0.3652  0.9308  0.0170
Z  0.1718 -0.0853  0.9814

PART 67
OFFSET  6.5268 -0.8545 -7.9759
X  0.8513  0.5150 -0.1000
Y -0.4977  0.8531  0.1566
Z  0.1660 -0.0835  0.9826

PART 68
OFFSET  5.6034 -1.4130 -7.8674
X -0.4051 -0.9134  0.0408
Y -0.9023  0.4066  0.1432
Z -0.1474  0.0212 -0.9888

PART 69
OFFSET -0.1513 -4.7120 -9.5161
X -0.9099 -0.3609 -0.2044
Y -0.3293  0.9282 -0.1731
Z  0.2522 -0.0902 -0.9635

PART 70
OFFSET  7.1886 -3.8570 -6.2961
X -0.9568  0.0178 -0.2903
Y  0.0117 -0.9950 -0.0996
Z -0.2906 -0.0987  0.9517

PART 71
OFFSET  8.8732 -3.8884 -5.7849
X -0.3497 -0.9250 -0.1482
Y  0.8920 -0.3772  0.2493
Z -0.2865 -0.0450  0.9570

PART 72
OFFSET  9.2809 -2.7665 -5.5466
X  0.0632 -0.9927 -0.1029
Y  0.9543  0.0299  0.2973
Z -0.2921 -0.1170  0.9492

PART 73
OFFSET  9.2095 -1.6453 -5.4304
X -0.9642  0.2632  0.0321
Y  0.2647  0.9625  0.0592
Z -0.0153  0.0656 -0.9977

PART 74
OFFSET  7.5217 -3.6683 -7.3324
X -0.2629 -0.9647 -0.0159
Y  0.9648 -0.2631  0.0065
Z -0.0105 -0.0136  0.9999

