// Export filename: `C:\projects\cod\t5\xanim_export\generic_combat\door_breach\ai_doorbreach_kick.XANIM_EXPORT`
// Source filename: `D:\projects\devanim\t5\animation_assets\generic_combat\door_breach\ai_doorbreach_kick.fbx`
// Export time: Wed Sep 01 19:29:14 2010

ANIMATION
VERSION 3

NUMPARTS 71
PART 0 "DefMeshTopNode"
PART 1 "TAG_ORIGIN"
PART 2 "J_MainRoot"
PART 3 "J_SpineLower"
PART 4 "J_SpineUpper"
PART 5 "J_Spine4"
PART 6 "J_Clavicle_LE"
PART 7 "J_Shoulder_LE"
PART 8 "J_Elbow_LE"
PART 9 "J_Wrist_LE"
PART 10 "J_Thumb_LE_1"
PART 11 "J_Thumb_LE_2"
PART 12 "J_Thumb_LE_3"
PART 13 "J_Index_LE_1"
PART 14 "J_Index_LE_2"
PART 15 "J_Index_LE_3"
PART 16 "J_Mid_LE_1"
PART 17 "J_Mid_LE_2"
PART 18 "J_Mid_LE_3"
PART 19 "J_Ring_LE_1"
PART 20 "J_Ring_LE_2"
PART 21 "J_Ring_LE_3"
PART 22 "J_Pinky_LE_1"
PART 23 "J_Pinky_LE_2"
PART 24 "J_Pinky_LE_3"
PART 25 "TAG_WEAPON_LEFT"
PART 26 "J_WristTwist_LE"
PART 27 "J_ShoulderTwist_LE"
PART 28 "J_Elbow_Bulge_LE"
PART 29 "J_Clavicle_RI"
PART 30 "J_Shoulder_RI"
PART 31 "J_Elbow_RI"
PART 32 "J_Wrist_RI"
PART 33 "J_Thumb_RI_1"
PART 34 "J_Thumb_RI_2"
PART 35 "J_Thumb_RI_3"
PART 36 "J_Index_RI_1"
PART 37 "J_Index_RI_2"
PART 38 "J_Index_RI_3"
PART 39 "J_Mid_RI_1"
PART 40 "J_Mid_RI_2"
PART 41 "J_Mid_RI_3"
PART 42 "J_Ring_RI_1"
PART 43 "J_Ring_RI_2"
PART 44 "J_Ring_RI_3"
PART 45 "J_Pinky_RI_1"
PART 46 "J_Pinky_RI_2"
PART 47 "J_Pinky_RI_3"
PART 48 "TAG_WEAPON_RIGHT"
PART 49 "J_WristTwist_RI"
PART 50 "J_ShoulderTwist_RI"
PART 51 "J_Elbow_Bulge_RI"
PART 52 "J_ShoulderRaise_LE"
PART 53 "J_ShoulderRaise_RI"
PART 54 "TAG_INHAND"
PART 55 "TAG_WEAPON_CHEST"
PART 56 "J_Neck"
PART 57 "J_Head"
PART 58 "J_Hip_LE"
PART 59 "J_Knee_LE"
PART 60 "J_Ankle_LE"
PART 61 "J_Ball_LE"
PART 62 "J_Knee_Bulge_LE"
PART 63 "J_HipTwist_LE"
PART 64 "J_Hip_RI"
PART 65 "J_Knee_RI"
PART 66 "J_Ankle_RI"
PART 67 "J_Ball_RI"
PART 68 "J_Knee_Bulge_RI"
PART 69 "J_HipTwist_RI"
PART 70 "TAG_SYNC"

FRAMERATE 30
NUMFRAMES 47

FRAME 334
PART 0
OFFSET  0.0000 -0.0000  0.0000
X  1.0000 -0.0000  0.0000
Y  0.0000  1.0000  0.0000
Z  0.0000 -0.0000  1.0000

PART 1
OFFSET -4.0883 -127.8694  0.0000
X  0.0434  0.9991 -0.0000
Y -0.9991  0.0434 -0.0000
Z -0.0000  0.0000  1.0000

PART 2
OFFSET -7.1443 -135.7557  31.5647
X -0.1356 -0.0186  0.9906
Y  0.4068  0.9106  0.0728
Z -0.9034  0.4128 -0.1159

PART 3
OFFSET -7.7684 -135.6713  36.7305
X -0.0806  0.0811  0.9934
Y  0.4408  0.8968 -0.0374
Z -0.8940  0.4349 -0.1080

PART 4
OFFSET -8.1125 -135.0927  41.9067
X  0.0395  0.2488  0.9678
Y  0.4820  0.8436 -0.2366
Z -0.8753  0.4758 -0.0866

PART 5
OFFSET -7.9600 -134.0880  45.8860
X  0.1443  0.3621  0.9209
Y  0.5115  0.7694 -0.3827
Z -0.8471  0.5262 -0.0742

PART 6
OFFSET -8.5242 -131.8229  50.1215
X -0.5867  0.7950  0.1545
Y -0.7351 -0.6028  0.3103
Z  0.3397  0.0685  0.9380

PART 7
OFFSET -12.2717 -126.7447  51.1082
X  0.0516  0.7241 -0.6877
Y -0.7792 -0.4015 -0.4812
Z -0.6246  0.5607  0.5435

PART 8
OFFSET -12.0917 -118.3058  42.9384
X  0.8201  0.4059  0.4034
Y  0.3561  0.1898 -0.9150
Z -0.4480  0.8940  0.0111

PART 9
OFFSET -3.6808 -114.3429  47.0885
X  0.9015  0.3301 -0.2799
Y  0.3933 -0.3551  0.8481
Z  0.1805 -0.8746 -0.4500

PART 10
OFFSET -3.1438 -113.3483  47.1461
X  0.3744  0.6482  0.6630
Y  0.9166 -0.1504 -0.3706
Z -0.1405  0.7464 -0.6504

PART 11
OFFSET -2.2430 -111.7887  48.7413
X  0.6356  0.5718  0.5188
Y  0.7591 -0.3401 -0.5551
Z -0.1409  0.7466 -0.6502

PART 12
OFFSET -1.4837 -111.1057  49.3610
X  0.8496  0.4282  0.3078
Y  0.5083 -0.5092 -0.6946
Z -0.1407  0.7466 -0.6503

PART 13
OFFSET -0.9683 -111.7165  46.6518
X  0.9590  0.2571  0.1195
Y  0.0615 -0.5999  0.7977
Z  0.2768 -0.7576 -0.5911

PART 14
OFFSET  0.5186 -111.3178  46.8370
X  0.6780 -0.2820  0.6788
Y -0.6810 -0.5886  0.4356
Z  0.2767 -0.7576 -0.5911

PART 15
OFFSET  1.1775 -111.5919  47.4968
X  0.3871 -0.4751  0.7902
Y -0.8796 -0.4475  0.1618
Z  0.2767 -0.7577 -0.5911

PART 16
OFFSET -0.7155 -112.5253  46.0323
X  0.8697  0.0328  0.4925
Y -0.4640 -0.2860  0.8384
Z  0.1683 -0.9577 -0.2335

PART 17
OFFSET  0.8982 -112.4644  46.9461
X -0.1631 -0.2606  0.9516
Y -0.9722 -0.1217 -0.1999
Z  0.1679 -0.9577 -0.2335

PART 18
OFFSET  0.7186 -112.7515  47.9943
X -0.5041 -0.2872  0.8145
Y -0.8472 -0.0189 -0.5310
Z  0.1679 -0.9577 -0.2338

PART 19
OFFSET -0.5580 -113.5245  45.6511
X  0.6870  0.1637  0.7079
Y -0.6569 -0.2763  0.7015
Z  0.3105 -0.9470 -0.0823

PART 20
OFFSET  0.5978 -113.2490  46.8420
X -0.2406 -0.1620  0.9570
Y -0.9196 -0.2774 -0.2782
Z  0.3105 -0.9470 -0.0823

PART 21
OFFSET  0.3708 -113.4018  47.7444
X -0.1679 -0.1399  0.9758
Y -0.9355 -0.2895 -0.2025
Z  0.3108 -0.9469 -0.0823

PART 22
OFFSET -0.4504 -114.4641  45.4396
X  0.6201  0.2289  0.7504
Y -0.6943 -0.2854  0.6607
Z  0.3654 -0.9307 -0.0181

PART 23
OFFSET  0.2929 -114.1898  46.3391
X -0.0231 -0.0290  0.9993
Y -0.9311 -0.3632 -0.0320
Z  0.3639 -0.9312 -0.0186

PART 24
OFFSET  0.2770 -114.2098  47.0292
X -0.7061 -0.2901  0.6460
Y -0.6072 -0.2213 -0.7631
Z  0.3643 -0.9311 -0.0199

PART 25
OFFSET -0.6501 -111.2372  94.3325
X  0.5492  0.8347 -0.0416
Y  0.0537 -0.0848 -0.9949
Z -0.8340  0.5442 -0.0914

PART 26
OFFSET -6.1429 -115.5033  45.8735
X  0.8201  0.4059  0.4034
Y  0.5263 -0.2582 -0.8101
Z -0.2247  0.8767 -0.4254

PART 27
OFFSET -12.2478 -126.4097  50.7900
X  0.0516  0.7241 -0.6877
Y -0.9161 -0.2398 -0.3212
Z -0.3975  0.6466  0.6510

PART 28
OFFSET -12.1831 -117.4726  41.9773
X  0.5721  0.8023 -0.1703
Y -0.5316  0.2045 -0.8219
Z -0.6246  0.5607  0.5435

PART 29
OFFSET -6.2270 -133.2498  50.3227
X -0.9247  0.3393 -0.1725
Y  0.3752  0.8888 -0.2631
Z  0.0641 -0.3080 -0.9492

PART 30
OFFSET -0.3199 -135.4170  51.4246
X -0.6420 -0.3737  0.6695
Y -0.4563  0.8879  0.0581
Z -0.6162 -0.2682 -0.7406

PART 31
OFFSET  7.5108 -131.3402  43.6753
X  0.6942 -0.6835 -0.2256
Y -0.2298 -0.5074  0.8305
Z -0.6822 -0.5247 -0.5093

PART 32
OFFSET  0.3102 -124.5009  45.9222
X -0.2098 -0.9615  0.1777
Y  0.9623 -0.1709  0.2116
Z -0.1731  0.2154  0.9611

PART 33
OFFSET  0.4286 -123.5792  46.5683
X  0.6694 -0.6390 -0.3789
Y -0.3012 -0.6997  0.6478
Z -0.6791 -0.3196 -0.6609

PART 34
OFFSET -1.1820 -122.0417  47.4796
X  0.4677 -0.8822 -0.0540
Y -0.5658 -0.3458  0.7485
Z -0.6790 -0.3196 -0.6609

PART 35
OFFSET -1.7408 -120.9878  47.5441
X  0.2117 -0.9473  0.2404
Y -0.7029  0.0233  0.7110
Z -0.6791 -0.3195 -0.6609

PART 36
OFFSET  0.9794 -120.8923  46.9102
X  0.0157 -0.9998  0.0128
Y  0.9241  0.0194  0.3816
Z -0.3818  0.0058  0.9242

PART 37
OFFSET  0.9550 -119.3421  46.8902
X  0.6895 -0.6641  0.2891
Y  0.6154  0.7477  0.2495
Z -0.3818  0.0058  0.9242

PART 38
OFFSET  0.2849 -118.6967  46.6094
X  0.8818 -0.2974  0.3661
Y  0.2770  0.9547  0.1084
Z -0.3818  0.0059  0.9242

PART 39
OFFSET  1.3196 -121.0090  45.9240
X  0.9063 -0.2955  0.3022
Y  0.3443  0.9309 -0.1222
Z -0.2452  0.2148  0.9454

PART 40
OFFSET -0.3621 -120.4608  45.3631
X  0.4848  0.8717 -0.0724
Y -0.8396  0.4405 -0.3180
Z -0.2453  0.2149  0.9453

PART 41
OFFSET -0.8961 -121.4209  45.4429
X -0.3766  0.8775 -0.2969
Y -0.8931 -0.4290 -0.1352
Z -0.2461  0.2143  0.9453

PART 42
OFFSET  1.3985 -121.3024  44.8867
X  0.9589 -0.1699  0.2272
Y  0.2154  0.9572 -0.1933
Z -0.1847  0.2343  0.9545

PART 43
OFFSET -0.2148 -121.0167  44.5042
X  0.5652  0.8198 -0.0919
Y -0.8040  0.5225 -0.2838
Z -0.1846  0.2343  0.9545

PART 44
OFFSET -0.7476 -121.7897  44.5910
X  0.1706  0.9641 -0.2036
Y -0.9679  0.1252 -0.2180
Z -0.1846  0.2342  0.9545

PART 45
OFFSET  1.3391 -121.6185  43.9723
X  0.9760 -0.1733  0.1318
Y  0.1728  0.9848  0.0152
Z -0.1325  0.0079  0.9912

PART 46
OFFSET  0.1691 -121.4108  43.8144
X  0.8777  0.4657  0.1135
Y -0.4606  0.8849 -0.0689
Z -0.1326  0.0082  0.9911

PART 47
OFFSET -0.4370 -121.7323  43.7359
X  0.0072  0.9999 -0.0072
Y -0.9911  0.0062 -0.1331
Z -0.1330  0.0081  0.9911

PART 48
OFFSET -0.9348 -109.8655  48.5918
X -0.0331  0.9959 -0.0847
Y -0.9955 -0.0404 -0.0854
Z -0.0885  0.0815  0.9927

PART 49
OFFSET  2.4182 -126.5031  45.2644
X  0.6942 -0.6835 -0.2256
Y -0.2495 -0.5224  0.8154
Z -0.6752 -0.5097 -0.5332

PART 50
OFFSET -0.0526 -135.2614  51.1458
X -0.6420 -0.3737  0.6695
Y -0.3792  0.9137  0.1464
Z -0.6664 -0.1599 -0.7283

PART 51
OFFSET  8.7380 -130.8557  42.4813
X -0.1542 -0.8810  0.4473
Y -0.7724  0.3898  0.5015
Z -0.6162 -0.2682 -0.7406

PART 52
OFFSET -9.8450 -128.5230  52.6506
X  0.8260 -0.5636  0.0126
Y  0.5306  0.7696 -0.3552
Z  0.1905  0.3001  0.9347

PART 53
OFFSET -3.2337 -133.1461  52.8391
X  0.8634 -0.4860  0.1353
Y -0.4999 -0.7887  0.3579
Z -0.0672 -0.3766 -0.9239

PART 54
OFFSET -0.9348 -109.8655  48.5918
X -0.0331  0.9959 -0.0847
Y -0.9955 -0.0404 -0.0854
Z -0.0885  0.0815  0.9927

PART 55
OFFSET -0.9348 -109.8655  48.5918
X -0.0331  0.9959 -0.0847
Y -0.9955 -0.0404 -0.0854
Z -0.0885  0.0815  0.9927

PART 56
OFFSET -6.6134 -130.7863  53.9336
X  0.3035  0.6109  0.7312
Y  0.3544  0.6399 -0.6818
Z -0.8844  0.4661 -0.0223

PART 57
OFFSET -5.7310 -128.9989  56.2915
X  0.3183  0.5153  0.7957
Y  0.3436  0.7196 -0.6035
Z -0.8835  0.4655  0.0520

PART 58
OFFSET -11.5407 -133.7468  31.0008
X  0.1430  0.7847 -0.6032
Y  0.0821  0.5979  0.7973
Z  0.9863 -0.1636  0.0211

PART 59
OFFSET -9.0361 -120.0052  20.4375
X -0.1455 -0.9782 -0.1480
Y  0.0221  0.1464 -0.9890
Z  0.9891 -0.1471  0.0003

PART 60
OFFSET -11.2423 -134.8402  18.1926
X -0.1790 -0.9777  0.1099
Y -0.1738 -0.0785 -0.9817
Z  0.9684 -0.1948 -0.1558

PART 61
OFFSET -13.0782 -139.6561  13.2566
X -0.1564  0.0116 -0.9876
Y  0.1955  0.9805 -0.0194
Z  0.9681 -0.1961 -0.1556

PART 62
OFFSET -8.8147 -118.4365  20.2526
X  0.0688  0.4002  0.9138
Y  0.1383  0.9033 -0.4061
Z -0.9880  0.1543  0.0068

PART 63
OFFSET -11.0903 -131.2754  29.1010
X  0.1430  0.7847 -0.6032
Y  0.1210  0.5910  0.7975
Z  0.9823 -0.1870 -0.0104

PART 64
OFFSET -2.7479 -137.7645  32.1286
X -0.1037 -0.4406  0.8917
Y -0.3050 -0.8393 -0.4501
Z  0.9467 -0.3187 -0.0473

PART 65
OFFSET -0.9312 -130.0492  16.5126
X  0.2524  0.6069  0.7537
Y -0.2230 -0.7214  0.6556
Z  0.9416 -0.3335 -0.0467

PART 66
OFFSET -4.7583 -139.2525  5.0829
X -0.0126  0.1537  0.9880
Y -0.4808 -0.8673  0.1287
Z  0.8767 -0.4735  0.0848

PART 67
OFFSET -1.9748 -135.1696 -0.0659
X -0.4690 -0.8805 -0.0683
Y  0.1067  0.0203 -0.9941
Z  0.8767 -0.4735  0.0844

PART 68
OFFSET -0.4479 -128.6464  16.4916
X -0.0729 -0.0971 -0.9926
Y -0.3268 -0.9380  0.1157
Z -0.9423  0.3328  0.0366

PART 69
OFFSET -2.4212 -136.3771  29.3204
X -0.1037 -0.4406  0.8917
Y -0.3138 -0.8363 -0.4497
Z  0.9438 -0.3265 -0.0515

PART 70
OFFSET -16.2306 -264.3438  0.0305
X -0.2198  0.9755 -0.0000
Y -0.9755 -0.2198 -0.0000
Z -0.0000  0.0000  1.0000


FRAME 335
PART 0
OFFSET  0.0000 -0.0000  0.0000
X  1.0000 -0.0000  0.0000
Y  0.0000  1.0000  0.0000
Z  0.0000 -0.0000  1.0000

PART 1
OFFSET -4.1639 -123.0739  0.0000
X  0.0725  0.9974 -0.0000
Y -0.9974  0.0725 -0.0000
Z -0.0000  0.0000  1.0000

PART 2
OFFSET -7.4163 -128.3180  31.5851
X -0.1196 -0.0224  0.9926
Y  0.4661  0.8814  0.0760
Z -0.8766  0.4718 -0.0950

PART 3
OFFSET -7.9456 -128.2589  36.7618
X -0.0666  0.0532  0.9964
Y  0.4804  0.8769 -0.0147
Z -0.8745  0.4776 -0.0840

PART 4
OFFSET -8.2097 -127.8294  41.9572
X  0.0380  0.2246  0.9737
Y  0.5154  0.8304 -0.2117
Z -0.8561  0.5099 -0.0842

PART 5
OFFSET -8.0639 -126.9237  45.9604
X  0.1310  0.3526  0.9266
Y  0.5430  0.7564 -0.3646
Z -0.8294  0.5509 -0.0924

PART 6
OFFSET -8.6711 -124.6670  50.1945
X -0.5759  0.8070  0.1309
Y -0.7407 -0.5828  0.3342
Z  0.3459  0.0955  0.9334

PART 7
OFFSET -12.3498 -119.5120  51.0304
X  0.0762  0.7153 -0.6946
Y -0.7824 -0.3889 -0.4864
Z -0.6181  0.5806  0.5300

PART 8
OFFSET -11.8813 -111.1680  42.7751
X  0.8272  0.3985  0.3961
Y  0.3902  0.1000 -0.9153
Z -0.4044  0.9117 -0.0728

PART 9
OFFSET -3.4072 -107.2794  46.8668
X  0.8975  0.1695 -0.4071
Y  0.4409 -0.3282  0.8354
Z  0.0080 -0.9293 -0.3693

PART 10
OFFSET -2.7400 -106.3715  46.7599
X  0.5253  0.6746  0.5186
Y  0.8431 -0.3302 -0.4245
Z -0.1151  0.6602 -0.7422

PART 11
OFFSET -1.4761 -104.7485  48.0076
X  0.7749  0.5272  0.3487
Y  0.6215 -0.5346 -0.5727
Z -0.1155  0.6605 -0.7419

PART 12
OFFSET -0.5505 -104.1188  48.4242
X  0.9149  0.3616  0.1797
Y  0.3870 -0.6581 -0.6459
Z -0.1153  0.6604 -0.7420

PART 13
OFFSET -0.4419 -105.1227  45.8662
X  0.9927  0.1149  0.0375
Y  0.0331 -0.5570  0.8299
Z  0.1162 -0.8225 -0.5567

PART 14
OFFSET  1.0972 -104.9445  45.9243
X  0.6721 -0.3476  0.6538
Y -0.7313 -0.4502  0.5124
Z  0.1162 -0.8225 -0.5568

PART 15
OFFSET  1.7505 -105.2824  46.5597
X  0.3484 -0.4911  0.7984
Y -0.9301 -0.2868  0.2294
Z  0.1164 -0.8225 -0.5567

PART 16
OFFSET -0.3741 -106.0132  45.3146
X  0.8987 -0.0726  0.4326
Y -0.4383 -0.1840  0.8798
Z  0.0157 -0.9802 -0.1972

PART 17
OFFSET  1.2934 -106.1479  46.1173
X -0.1617 -0.1971  0.9670
Y -0.9867  0.0173 -0.1614
Z  0.0151 -0.9802 -0.1972

PART 18
OFFSET  1.1153 -106.3650  47.1824
X -0.4394 -0.1842  0.8792
Y -0.8981  0.0734 -0.4335
Z  0.0153 -0.9801 -0.1977

PART 19
OFFSET -0.3971 -107.0555  45.0293
X  0.7467  0.0872  0.6594
Y -0.6461 -0.1402  0.7502
Z  0.1579 -0.9863 -0.0484

PART 20
OFFSET  0.8590 -106.9088  46.1385
X -0.2786 -0.0915  0.9561
Y -0.9473 -0.1375 -0.2892
Z  0.1579 -0.9863 -0.0483

PART 21
OFFSET  0.5964 -106.9951  47.0400
X -0.1117 -0.0665  0.9915
Y -0.9811 -0.1514 -0.1206
Z  0.1581 -0.9862 -0.0484

PART 22
OFFSET -0.4410 -108.0164  44.9104
X  0.7034  0.1353  0.6978
Y -0.6824 -0.1460  0.7163
Z  0.1987 -0.9800 -0.0104

PART 23
OFFSET  0.4022 -107.8542  45.7468
X  0.0324 -0.0052  0.9995
Y -0.9801 -0.1960  0.0308
Z  0.1957 -0.9806 -0.0114

PART 24
OFFSET  0.4246 -107.8578  46.4370
X -0.6690 -0.1445  0.7290
Y -0.7168 -0.1340 -0.6843
Z  0.1965 -0.9804 -0.0139

PART 25
OFFSET  5.6134 -100.2904  92.9169
X  0.6461  0.7394 -0.1890
Y -0.0770 -0.1833 -0.9800
Z -0.7593  0.6478 -0.0615

PART 26
OFFSET -5.8879 -108.4181  45.6690
X  0.8272  0.3985  0.3961
Y  0.5358 -0.3468 -0.7698
Z -0.1694  0.8491 -0.5004

PART 27
OFFSET -12.3145 -119.1811  50.7090
X  0.0762  0.7153 -0.6946
Y -0.9181 -0.2213 -0.3287
Z -0.3889  0.6628  0.6399

PART 28
OFFSET -11.9437 -110.3559  41.8165
X  0.5921  0.7873 -0.1718
Y -0.5170  0.2076 -0.8304
Z -0.6181  0.5806  0.5300

PART 29
OFFSET -6.4218 -126.1608  50.4450
X -0.9131  0.3765 -0.1567
Y  0.4064  0.8716 -0.2741
Z  0.0334 -0.3139 -0.9489

PART 30
OFFSET -0.5892 -128.5657  51.4460
X -0.6652 -0.3174  0.6759
Y -0.4151  0.9096  0.0187
Z -0.6207 -0.2681 -0.7368

PART 31
OFFSET  7.4977 -125.1585  43.6367
X  0.6307 -0.7617 -0.1485
Y -0.2844 -0.4050  0.8690
Z -0.7220 -0.5058 -0.4721

PART 32
OFFSET  0.9331 -117.5155  45.1076
X -0.2453 -0.9613  0.1258
Y  0.9388 -0.2031  0.2781
Z -0.2418  0.1863  0.9523

PART 33
OFFSET  1.0227 -116.6202  45.7941
X  0.6970 -0.6191 -0.3618
Y -0.3410 -0.7301  0.5922
Z -0.6307 -0.2894 -0.7200

PART 34
OFFSET -0.6543 -115.1306  46.6642
X  0.4141 -0.9102  0.0032
Y -0.6563 -0.2961  0.6939
Z -0.6307 -0.2894 -0.7200

PART 35
OFFSET -1.1490 -114.0433  46.6605
X  0.1071 -0.9515  0.2885
Y -0.7685  0.1048  0.6311
Z -0.6308 -0.2893 -0.7200

PART 36
OFFSET  1.6078 -113.9620  46.2753
X -0.0172 -0.9994 -0.0292
Y  0.8981 -0.0283  0.4388
Z -0.4394 -0.0187  0.8981

PART 37
OFFSET  1.6344 -112.4124  46.3205
X  0.6755 -0.6659  0.3166
Y  0.5921  0.7458  0.3053
Z -0.4394 -0.0187  0.8981

PART 38
OFFSET  0.9780 -111.7652  46.0128
X  0.8596 -0.2989  0.4143
Y  0.2607  0.9541  0.1474
Z -0.4394 -0.0187  0.8981

PART 39
OFFSET  2.0204 -114.0532  45.3144
X  0.8841 -0.3069  0.3524
Y  0.3470  0.9362 -0.0552
Z -0.3130  0.1711  0.9342

PART 40
OFFSET  0.3799 -113.4839  44.6602
X  0.4119  0.9108 -0.0290
Y -0.8558  0.3757 -0.3556
Z -0.3130  0.1713  0.9342

PART 41
OFFSET -0.0739 -114.4871  44.6922
X -0.4717  0.8257 -0.3094
Y -0.8242 -0.5376 -0.1781
Z -0.3134  0.1709  0.9341

PART 42
OFFSET  2.1723 -114.3124  44.2761
X  0.9377 -0.1941  0.2883
Y  0.2410  0.9608 -0.1370
Z -0.2504  0.1980  0.9477

PART 43
OFFSET  0.5948 -113.9860  43.7909
X  0.5551  0.8313 -0.0270
Y -0.7932  0.5193 -0.3180
Z -0.2503  0.1980  0.9477

PART 44
OFFSET  0.0715 -114.7698  43.8165
X  0.2034  0.9678 -0.1484
Y -0.9465  0.1556 -0.2826
Z -0.2504  0.1979  0.9477

PART 45
OFFSET  2.1764 -114.5948  43.3489
X  0.9587 -0.1903  0.2112
Y  0.1806  0.9814  0.0647
Z -0.2196 -0.0239  0.9753

PART 46
OFFSET  1.0272 -114.3667  43.0957
X  0.8135  0.5473  0.1966
Y -0.5385  0.8366 -0.1009
Z -0.2197 -0.0237  0.9753

PART 47
OFFSET  0.4654 -114.7446  42.9598
X -0.1592  0.9872 -0.0118
Y -0.9624 -0.1578 -0.2209
Z -0.2199 -0.0238  0.9752

PART 48
OFFSET -0.1734 -102.9542  48.2087
X -0.0033  0.9987 -0.0504
Y -0.9866 -0.0115 -0.1626
Z -0.1630  0.0492  0.9854

PART 49
OFFSET  2.8549 -119.7530  44.6769
X  0.6307 -0.7617 -0.1485
Y -0.3124 -0.4244  0.8499
Z -0.7103 -0.4896 -0.5057

PART 50
OFFSET -0.3122 -128.4335  51.1645
X -0.6652 -0.3174  0.6759
Y -0.3278  0.9374  0.1177
Z -0.6709 -0.1433 -0.7276

PART 51
OFFSET  8.7026 -124.8042  42.4953
X -0.1993 -0.8549  0.4790
Y -0.7583  0.4442  0.4772
Z -0.6207 -0.2681 -0.7368

PART 52
OFFSET -9.9707 -121.3663  52.6685
X  0.8088 -0.5873  0.0301
Y  0.5614  0.7560 -0.3367
Z  0.1750  0.2892  0.9411

PART 53
OFFSET -3.4975 -126.1849  52.9227
X  0.8454 -0.5115  0.1541
Y -0.5314 -0.7759  0.3400
Z -0.0543 -0.3693 -0.9277

PART 54
OFFSET -0.1734 -102.9542  48.2087
X -0.0033  0.9987 -0.0504
Y -0.9866 -0.0115 -0.1626
Z -0.1630  0.0492  0.9854

PART 55
OFFSET -0.1734 -102.9542  48.2087
X -0.0033  0.9987 -0.0504
Y -0.9866 -0.0115 -0.1626
Z -0.1630  0.0492  0.9854

PART 56
OFFSET -6.8296 -123.7075  54.0605
X  0.3282  0.6107  0.7206
Y  0.3596  0.6247 -0.6932
Z -0.8735  0.4866 -0.0146

PART 57
OFFSET -5.8720 -121.9184  56.3876
X  0.3206  0.5250  0.7884
Y  0.3339  0.7163 -0.6127
Z -0.8864  0.4597  0.0544

PART 58
OFFSET -11.6821 -126.0222  31.1227
X  0.1578  0.8356 -0.5261
Y  0.1679  0.5024  0.8482
Z  0.9731 -0.2222 -0.0610

PART 59
OFFSET -8.9179 -111.3885  21.9085
X -0.2091 -0.8809 -0.4247
Y  0.0782  0.4178 -0.9052
Z  0.9748 -0.2225 -0.0185

PART 60
OFFSET -12.0893 -124.7471  15.4686
X -0.2061 -0.9185 -0.3376
Y -0.1503  0.3706 -0.9166
Z  0.9669 -0.1382 -0.2144

PART 61
OFFSET -13.9166 -126.8117  8.8863
X -0.1166  0.5080 -0.8534
Y  0.2272  0.8501  0.4750
Z  0.9669 -0.1385 -0.2145

PART 62
OFFSET -8.5808 -109.8754  22.1085
X  0.0631  0.1510  0.9865
Y  0.2200  0.9621 -0.1613
Z -0.9735  0.2272  0.0274

PART 63
OFFSET -11.1849 -123.3904  29.4655
X  0.1578  0.8356 -0.5261
Y  0.1701  0.5019  0.8481
Z  0.9727 -0.2233 -0.0629

PART 64
OFFSET -3.1505 -130.6139  32.0475
X -0.1841 -0.1813  0.9660
Y -0.3959 -0.8859 -0.2417
Z  0.8997 -0.4269  0.0913

PART 65
OFFSET  0.0730 -127.4385  15.1296
X  0.2897  0.7049  0.6475
Y -0.3004 -0.5754  0.7608
Z  0.9088 -0.4149  0.0450

PART 66
OFFSET -4.3201 -138.1282  5.3106
X  0.0509  0.1893  0.9806
Y -0.5741 -0.7979  0.1838
Z  0.8172 -0.5724  0.0680

PART 67
OFFSET -1.3094 -134.5973 -0.1113
X -0.5667 -0.8190 -0.0895
Y  0.1056  0.0355 -0.9938
Z  0.8171 -0.5726  0.0664

PART 68
OFFSET  0.6828 -126.1076  14.8222
X -0.0717 -0.2854 -0.9557
Y -0.4099 -0.8651  0.2891
Z -0.9093  0.4125 -0.0549

PART 69
OFFSET -2.5708 -130.0428  29.0052
X -0.1841 -0.1813  0.9660
Y -0.4161 -0.8760 -0.2437
Z  0.8905 -0.4469  0.0858

PART 70
OFFSET -20.9918 -264.6038  0.0610
X -0.0832  0.9965  0.0000
Y -0.9965 -0.0832  0.0000
Z  0.0000 -0.0000  1.0000


FRAME 336
PART 0
OFFSET  0.0000 -0.0000  0.0000
X  1.0000 -0.0000  0.0000
Y  0.0000  1.0000  0.0000
Z  0.0000 -0.0000  1.0000

PART 1
OFFSET -3.8749 -118.2472  0.0000
X  0.0870  0.9962  0.0000
Y -0.9962  0.0870 -0.0000
Z -0.0000 -0.0000  1.0000

PART 2
OFFSET -7.3624 -122.4879  31.3930
X -0.1013 -0.0037  0.9949
Y  0.5029  0.8626  0.0544
Z -0.8584  0.5058 -0.0855

PART 3
OFFSET -7.7888 -122.3357  36.5773
X -0.0523  0.0527  0.9972
Y  0.5044  0.8632 -0.0192
Z -0.8619  0.5020 -0.0717

PART 4
OFFSET -7.9740 -121.9109  41.7765
X  0.0480  0.2173  0.9749
Y  0.5342  0.8192 -0.2089
Z -0.8440  0.5308 -0.0767

PART 5
OFFSET -7.7876 -121.0352  45.7847
X  0.1389  0.3457  0.9280
Y  0.5582  0.7467 -0.3617
Z -0.8180  0.5683 -0.0893

PART 6
OFFSET -8.3453 -118.7855  50.0293
X -0.5831  0.8073  0.0907
Y -0.7323 -0.5707  0.3716
Z  0.3518  0.1502  0.9240

PART 7
OFFSET -12.0703 -113.6287  50.6090
X  0.1022  0.6987 -0.7081
Y -0.7743 -0.3910 -0.4976
Z -0.6245  0.5991  0.5010

PART 8
OFFSET -11.2945 -105.4773  42.1860
X  0.8233  0.4121  0.3903
Y  0.4179  0.0251 -0.9081
Z -0.3841  0.9108 -0.1516

PART 9
OFFSET -2.8652 -101.4460  46.2318
X  0.9013  0.0632 -0.4285
Y  0.4236 -0.3343  0.8419
Z -0.0901 -0.9403 -0.3281

PART 10
OFFSET -2.1149 -100.6134  46.0743
X  0.5952  0.6730  0.4390
Y  0.8001 -0.4457 -0.4016
Z -0.0746  0.5902 -0.8038

PART 11
OFFSET -0.6829 -98.9941  47.1304
X  0.8438  0.4670  0.2646
Y  0.5315 -0.6581 -0.5333
Z -0.0749  0.5906 -0.8035

PART 12
OFFSET  0.3250 -98.4363  47.4464
X  0.9383  0.3145  0.1437
Y  0.3376 -0.7432 -0.5776
Z -0.0748  0.5905 -0.8035

PART 13
OFFSET  0.2754 -99.6354  45.0898
X  0.9989  0.0163  0.0442
Y -0.0285 -0.5390  0.8418
Z  0.0376 -0.8421 -0.5379

PART 14
OFFSET  1.8242 -99.6101  45.1583
X  0.6232 -0.4011  0.6714
Y -0.7812 -0.3605  0.5097
Z  0.0376 -0.8421 -0.5380

PART 15
OFFSET  2.4300 -99.9999  45.8109
X  0.2660 -0.5103  0.8178
Y -0.9632 -0.1741  0.2046
Z  0.0380 -0.8422 -0.5379

PART 16
OFFSET  0.2449 -100.5507  44.5769
X  0.8764 -0.1619  0.4536
Y -0.4758 -0.1441  0.8677
Z -0.0751 -0.9762 -0.2034

PART 17
OFFSET  1.8709 -100.8512  45.4186
X -0.2411 -0.1801  0.9537
Y -0.9675  0.1215 -0.2216
Z -0.0759 -0.9761 -0.2035

PART 18
OFFSET  1.6054 -101.0496  46.4691
X -0.4461 -0.1501  0.8823
Y -0.8918  0.1578 -0.4241
Z -0.0756 -0.9760 -0.2043

PART 19
OFFSET  0.1146 -101.5969  44.3381
X  0.7278  0.0033  0.6858
Y -0.6842 -0.0640  0.7265
Z  0.0463 -0.9979 -0.0443

PART 20
OFFSET  1.3389 -101.5913  45.4917
X -0.3968 -0.0591  0.9160
Y -0.9167 -0.0249 -0.3987
Z  0.0463 -0.9979 -0.0443

PART 21
OFFSET  0.9648 -101.6470  46.3554
X -0.1504 -0.0508  0.9873
Y -0.9875 -0.0392 -0.1524
Z  0.0464 -0.9979 -0.0443

PART 22
OFFSET -0.0252 -102.5529  44.2624
X  0.6924  0.0225  0.7212
Y -0.7181 -0.0756  0.6918
Z  0.0701 -0.9969 -0.0362

PART 23
OFFSET  0.8048 -102.5260  45.1268
X -0.0134 -0.0391  0.9991
Y -0.9978 -0.0649 -0.0159
Z  0.0655 -0.9971 -0.0382

PART 24
OFFSET  0.7956 -102.5530  45.8168
X -0.6668 -0.0759  0.7414
Y -0.7422 -0.0216 -0.6698
Z  0.0669 -0.9969 -0.0419

PART 25
OFFSET  7.7249 -93.4391  91.7792
X  0.7112  0.6637 -0.2317
Y -0.1143 -0.2160 -0.9697
Z -0.6936  0.7161 -0.0778

PART 26
OFFSET -5.3327 -102.6264  45.0474
X  0.8233  0.4121  0.3903
Y  0.5492 -0.4045 -0.7313
Z -0.1435  0.8164 -0.5594

PART 27
OFFSET -12.0231 -113.3054  50.2814
X  0.1022  0.6987 -0.7081
Y -0.9126 -0.2173 -0.3462
Z -0.3958  0.6816  0.6154

PART 28
OFFSET -11.3259 -104.7062  41.2287
X  0.6055  0.7766 -0.1739
Y -0.4933  0.1947 -0.8478
Z -0.6245  0.5991  0.5010

PART 29
OFFSET -6.1271 -120.3264  50.2714
X -0.9079  0.4019 -0.1194
Y  0.4191  0.8635 -0.2804
Z -0.0096 -0.3046 -0.9524

PART 30
OFFSET -0.3277 -122.8936  51.0340
X -0.6806 -0.2717  0.6804
Y -0.3831  0.9236 -0.0144
Z -0.6245 -0.2705 -0.7327

PART 31
OFFSET  7.9278 -120.0280  43.1836
X  0.5476 -0.8348 -0.0576
Y -0.3368 -0.2829  0.8981
Z -0.7660 -0.4724 -0.4360

PART 32
OFFSET  2.1989 -111.6288  43.7366
X -0.2435 -0.9696  0.0228
Y  0.9027 -0.2179  0.3711
Z -0.3548  0.1109  0.9283

PART 33
OFFSET  2.1934 -110.7884  44.4947
X  0.7540 -0.5696 -0.3273
Y -0.3806 -0.7849  0.4890
Z -0.5354 -0.2442 -0.8086

PART 34
OFFSET  0.3793 -109.4179  45.2818
X  0.3695 -0.9285  0.0357
Y -0.7595 -0.2797  0.5873
Z -0.5353 -0.2441 -0.8086

PART 35
OFFSET -0.0621 -108.3088  45.2392
X  0.0015 -0.9576  0.2881
Y -0.8446  0.1530  0.5130
Z -0.5354 -0.2441 -0.8086

PART 36
OFFSET  2.6768 -108.1715  45.2414
X -0.0142 -0.9929 -0.1182
Y  0.8454 -0.0750  0.5289
Z -0.5340 -0.0925  0.8404

PART 37
OFFSET  2.6987 -106.6320  45.4246
X  0.6619 -0.6642  0.3475
Y  0.5261  0.7418  0.4159
Z -0.5340 -0.0925  0.8404

PART 38
OFFSET  2.0555 -105.9864  45.0870
X  0.8203 -0.2973  0.4885
Y  0.2047  0.9503  0.2346
Z -0.5340 -0.0925  0.8404

PART 39
OFFSET  3.2008 -108.1858  44.3319
X  0.8509 -0.3110  0.4233
Y  0.3156  0.9469  0.0613
Z -0.4199  0.0815  0.9039

PART 40
OFFSET  1.6218 -107.6089  43.5464
X  0.3096  0.9491  0.0580
Y -0.8532  0.3042 -0.4238
Z -0.4199  0.0817  0.9039

PART 41
OFFSET  1.2808 -108.6543  43.4825
X -0.5506  0.7688 -0.3252
Y -0.7214 -0.6342 -0.2780
Z -0.4200  0.0815  0.9039

PART 42
OFFSET  3.4776 -108.3633  43.3023
X  0.9049 -0.2025  0.3744
Y  0.2305  0.9726 -0.0309
Z -0.3578  0.1142  0.9268

PART 43
OFFSET  1.9553 -108.0226  42.6723
X  0.5115  0.8543  0.0921
Y -0.7813  0.5070 -0.3641
Z -0.3578  0.1142  0.9268

PART 44
OFFSET  1.4731 -108.8282  42.5856
X  0.2075  0.9774 -0.0402
Y -0.9104  0.1779 -0.3735
Z -0.3579  0.1141  0.9268

PART 45
OFFSET  3.5950 -108.5735  42.3634
X  0.9298 -0.1860  0.3176
Y  0.1443  0.9780  0.1504
Z -0.3386 -0.0940  0.9362

PART 46
OFFSET  2.4804 -108.3505  41.9827
X  0.6922  0.6491  0.3156
Y -0.6373  0.7549 -0.1548
Z -0.3387 -0.0940  0.9362

PART 47
OFFSET  2.0024 -108.7988  41.7647
X -0.3483  0.9368 -0.0319
Y -0.8740 -0.3369 -0.3500
Z -0.3387 -0.0940  0.9362

PART 48
OFFSET  0.5112 -97.3567  47.7778
X -0.0127  0.9996  0.0252
Y -0.9604 -0.0052 -0.2786
Z -0.2784 -0.0278  0.9601

PART 49
OFFSET  3.8761 -114.0877  43.5746
X  0.5476 -0.8348 -0.0576
Y -0.3813 -0.3102  0.8709
Z -0.7448 -0.4550 -0.4881

PART 50
OFFSET -0.0442 -122.7804  50.7506
X -0.6806 -0.2717  0.6804
Y -0.2835  0.9540  0.0974
Z -0.6756 -0.1267 -0.7263

PART 51
OFFSET  9.0708 -119.7860  42.1226
X -0.2324 -0.8312  0.5050
Y -0.7456  0.4857  0.4562
Z -0.6245 -0.2705 -0.7327

PART 52
OFFSET -9.6052 -115.5345  52.3851
X  0.7966 -0.6039  0.0268
Y  0.5766  0.7458 -0.3337
Z  0.1815  0.2813  0.9423

PART 53
OFFSET -3.2043 -120.4416  52.6401
X  0.8348 -0.5294  0.1512
Y -0.5470 -0.7663  0.3369
Z -0.0625 -0.3640 -0.9293

PART 54
OFFSET  0.5112 -97.3567  47.7778
X -0.0127  0.9996  0.0252
Y -0.9604 -0.0052 -0.2786
Z -0.2784 -0.0278  0.9601

PART 55
OFFSET  0.5112 -97.3567  47.7778
X -0.0127  0.9996  0.0252
Y -0.9604 -0.0052 -0.2786
Z -0.2784 -0.0278  0.9601

PART 56
OFFSET -6.4819 -117.8815  53.8981
X  0.3393  0.6050  0.7203
Y  0.3591  0.6244 -0.6936
Z -0.8694  0.4940 -0.0054

PART 57
OFFSET -5.4899 -116.1100  56.2243
X  0.3141  0.5225  0.7927
Y  0.3218  0.7269 -0.6066
Z -0.8932  0.4456  0.0601

PART 58
OFFSET -11.5397 -120.0265  30.9771
X  0.1684  0.8211 -0.5454
Y  0.1377  0.5283  0.8378
Z  0.9761 -0.2162 -0.0241

PART 59
OFFSET -8.5903 -105.6471  21.4260
X -0.1711 -0.7926 -0.5852
Y  0.1085  0.5752 -0.8108
Z  0.9793 -0.2023 -0.0124

PART 60
OFFSET -11.1854 -117.6671  12.5508
X -0.0996 -0.7003 -0.7069
Y -0.1847  0.7111 -0.6784
Z  0.9777  0.0630 -0.2002

PART 61
OFFSET -12.7257 -116.8779  5.6274
X -0.1597  0.8428 -0.5141
Y  0.1357  0.5345  0.8342
Z  0.9778  0.0635 -0.1997

PART 62
OFFSET -8.3006 -104.2043  21.7248
X  0.0330  0.0497  0.9982
Y  0.2038  0.9774 -0.0554
Z -0.9785  0.2053  0.0221

PART 63
OFFSET -11.0093 -117.4403  29.2594
X  0.1684  0.8211 -0.5454
Y  0.1749  0.5196  0.8363
Z  0.9701 -0.2363 -0.0561

PART 64
OFFSET -3.1851 -124.9493  31.8089
X -0.2323  0.0322  0.9721
Y -0.5016 -0.8603 -0.0913
Z  0.8333 -0.5088  0.2160

PART 65
OFFSET  0.8829 -125.5137  14.7848
X  0.3051  0.7393  0.6003
Y -0.4375 -0.4510  0.7779
Z  0.8459 -0.5000  0.1858

PART 66
OFFSET -3.7448 -136.7255  5.6818
X  0.1215  0.2346  0.9645
Y -0.6357 -0.7278  0.2571
Z  0.7623 -0.6444  0.0607

PART 67
OFFSET -0.7137 -133.7913 -0.0742
X -0.6376 -0.7627 -0.1086
Y  0.1140  0.0460 -0.9924
Z  0.7619 -0.6452  0.0576

PART 68
OFFSET  1.6826 -124.3102  14.3196
X -0.0327 -0.4138 -0.9098
Y -0.5327 -0.7630  0.3662
Z -0.8457  0.4966 -0.1954

PART 69
OFFSET -2.4535 -125.0508  28.7474
X -0.2323  0.0322  0.9721
Y -0.4985 -0.8621 -0.0906
Z  0.8352 -0.5057  0.2163

PART 70
OFFSET -25.0632 -255.1109  0.0915
X  0.1071  0.9942 -0.0000
Y -0.9942  0.1071 -0.0000
Z -0.0000  0.0000  1.0000


FRAME 337
PART 0
OFFSET  0.0000 -0.0000  0.0000
X  1.0000 -0.0000  0.0000
Y  0.0000  1.0000  0.0000
Z  0.0000 -0.0000  1.0000

PART 1
OFFSET -3.2092 -112.5994  0.0000
X  0.0869  0.9962  0.0000
Y -0.9962  0.0869 -0.0000
Z -0.0000  0.0000  1.0000

PART 2
OFFSET -6.9521 -117.7726  31.5191
X -0.0784  0.0219  0.9967
Y  0.5399  0.8414  0.0240
Z -0.8381  0.5400 -0.0778

PART 3
OFFSET -7.2522 -117.4914  36.7069
X -0.0313  0.0634  0.9975
Y  0.5302  0.8471 -0.0372
Z -0.8473  0.5277 -0.0602

PART 4
OFFSET -7.3237 -117.0137  41.9043
X  0.0700  0.2135  0.9744
Y  0.5483  0.8078 -0.2164
Z -0.8333  0.5494 -0.0605

PART 5
OFFSET -7.0473 -116.1532  45.9106
X  0.1606  0.3326  0.9293
Y  0.5604  0.7443 -0.3632
Z -0.8125  0.5791 -0.0669

PART 6
OFFSET -7.4974 -113.9490  50.1917
X -0.5985  0.7983  0.0677
Y -0.7118 -0.5686  0.4123
Z  0.3676  0.1986  0.9085

PART 7
OFFSET -11.3206 -108.8499  50.6240
X  0.0807  0.6850 -0.7240
Y -0.7881 -0.4009 -0.4671
Z -0.6102  0.6083  0.5075

PART 8
OFFSET -10.8005 -100.8613  42.0273
X  0.8350  0.4042  0.3733
Y  0.4125 -0.0107 -0.9109
Z -0.3642  0.9146 -0.1757

PART 9
OFFSET -2.2555 -96.9093  45.9052
X  0.9018  0.0298 -0.4310
Y  0.4134 -0.3492  0.8409
Z -0.1255 -0.9366 -0.3272

PART 10
OFFSET -1.4757 -96.1049  45.7450
X  0.6204  0.6857  0.3807
Y  0.7807 -0.4939 -0.3828
Z -0.0745  0.5348 -0.8417

PART 11
OFFSET  0.0170 -94.4553  46.6610
X  0.8774  0.4362  0.1995
Y  0.4738 -0.7234 -0.5021
Z -0.0747  0.5351 -0.8415

PART 12
OFFSET  1.0651 -93.9342  46.8994
X  0.9409  0.3173  0.1183
Y  0.3303 -0.7830 -0.5271
Z -0.0746  0.5351 -0.8415

PART 13
OFFSET  0.9462 -95.2159  44.7532
X  0.9989 -0.0135  0.0446
Y -0.0448 -0.5428  0.8387
Z  0.0129 -0.8397 -0.5428

PART 14
OFFSET  2.4950 -95.2367  44.8225
X  0.6055 -0.4254  0.6726
Y -0.7957 -0.3375  0.5029
Z  0.0131 -0.8397 -0.5429

PART 15
OFFSET  3.0836 -95.6502  45.4762
X  0.2223 -0.5267  0.8205
Y -0.9749 -0.1317  0.1796
Z  0.0135 -0.8398 -0.5427

PART 16
OFFSET  0.8806 -96.1298  44.2411
X  0.8550 -0.2095  0.4745
Y -0.5092 -0.1645  0.8448
Z -0.0989 -0.9639 -0.2473

PART 17
OFFSET  2.4670 -96.5185  45.1215
X -0.3214 -0.2043  0.9246
Y -0.9416  0.1720 -0.2893
Z -0.1000 -0.9637 -0.2477

PART 18
OFFSET  2.1129 -96.7435  46.1401
X -0.4610 -0.1768  0.8696
Y -0.8818  0.2011 -0.4266
Z -0.0994 -0.9635 -0.2486

PART 19
OFFSET  0.7114 -97.1706  44.0033
X  0.6941 -0.0622  0.7171
Y -0.7198 -0.0527  0.6922
Z -0.0052 -0.9967 -0.0813

PART 20
OFFSET  1.8790 -97.2751  45.2097
X -0.5145 -0.0671  0.8548
Y -0.8575  0.0463 -0.5125
Z -0.0052 -0.9967 -0.0814

PART 21
OFFSET  1.3938 -97.3384  46.0158
X -0.2084 -0.0785  0.9749
Y -0.9780  0.0219 -0.2073
Z -0.0051 -0.9967 -0.0814

PART 22
OFFSET  0.5363 -98.1209  43.9286
X  0.6552 -0.0796  0.7512
Y -0.7554 -0.0812  0.6502
Z  0.0092 -0.9935 -0.1133

PART 23
OFFSET  1.3217 -98.2163  44.8291
X -0.0795 -0.1164  0.9900
Y -0.9968  0.0062 -0.0793
Z  0.0031 -0.9932 -0.1165

PART 24
OFFSET  1.2669 -98.2967  45.5127
X -0.6569 -0.0951  0.7480
Y -0.7540  0.0760 -0.6525
Z  0.0051 -0.9926 -0.1216

PART 25
OFFSET  8.7497 -89.2716  91.4176
X  0.7344  0.6370 -0.2341
Y -0.1249 -0.2122 -0.9692
Z -0.6671  0.7411 -0.0763

PART 26
OFFSET -4.7570 -98.0665  44.7699
X  0.8350  0.4042  0.3733
Y  0.5331 -0.4260 -0.7310
Z -0.1365  0.8094 -0.5712

PART 27
OFFSET -11.2832 -108.5329  50.2891
X  0.0807  0.6850 -0.7240
Y -0.9177 -0.2325 -0.3222
Z -0.3891  0.6904  0.6099

PART 28
OFFSET -10.8586 -100.0900  41.0369
X  0.5993  0.7734 -0.2065
Y -0.5181  0.1782 -0.8365
Z -0.6102  0.6083  0.5075

PART 29
OFFSET -5.2941 -115.5194  50.3731
X -0.9098  0.4116 -0.0529
Y  0.4085  0.8657 -0.2893
Z -0.0733 -0.2848 -0.9558

PART 30
OFFSET  0.5177 -118.1489  50.7111
X -0.6687 -0.2384  0.7043
Y -0.3773  0.9250 -0.0450
Z -0.6407 -0.2958 -0.7085

PART 31
OFFSET  8.6339 -115.6698  42.5887
X  0.4646 -0.8843  0.0472
Y -0.3727 -0.1469  0.9163
Z -0.8033 -0.4433 -0.3978

PART 32
OFFSET  3.7414 -106.7546  42.0824
X -0.1762 -0.9795 -0.0976
Y  0.8765 -0.2012  0.4374
Z -0.4481 -0.0085  0.8939

PART 33
OFFSET  3.6054 -106.0003  42.9150
X  0.8221 -0.4816 -0.3037
Y -0.3649 -0.8551  0.3684
Z -0.4371 -0.1921 -0.8787

PART 34
OFFSET  1.6274 -104.8413  43.6454
X  0.3532 -0.9351  0.0287
Y -0.8272 -0.2978  0.4765
Z -0.4370 -0.1920 -0.8787

PART 35
OFFSET  1.2055 -103.7243  43.6111
X -0.0674 -0.9672  0.2449
Y -0.8969  0.1662  0.4098
Z -0.4371 -0.1920 -0.8787

PART 36
OFFSET  3.8317 -103.4518  43.9610
X  0.0425 -0.9711 -0.2349
Y  0.7982 -0.1084  0.5926
Z -0.6009 -0.2127  0.7705

PART 37
OFFSET  3.7657 -101.9461  44.3251
X  0.6793 -0.6439  0.3520
Y  0.4213  0.7350  0.5314
Z -0.6009 -0.2127  0.7705

PART 38
OFFSET  3.1055 -101.3203  43.9831
X  0.7930 -0.2793  0.5414
Y  0.1001  0.9363  0.3365
Z -0.6009 -0.2127  0.7705

PART 39
OFFSET  4.4392 -103.3393  43.1124
X  0.8353 -0.2919  0.4659
Y  0.2283  0.9550  0.1892
Z -0.5002 -0.0517  0.8644

PART 40
OFFSET  2.8892 -102.7977  42.2477
X  0.1580  0.9761  0.1494
Y -0.8514  0.2113 -0.4801
Z -0.5002 -0.0513  0.8644

PART 41
OFFSET  2.7152 -103.8728  42.0832
X -0.6396  0.6949 -0.3288
Y -0.5837 -0.7173 -0.3804
Z -0.5002 -0.0514  0.8644

PART 42
OFFSET  4.8241 -103.3909  42.1037
X  0.8836 -0.1796  0.4324
Y  0.1549  0.9836  0.0921
Z -0.4418 -0.0144  0.8970

PART 43
OFFSET  3.3375 -103.0888  41.3761
X  0.4139  0.8838  0.2181
Y -0.7960  0.4676 -0.3844
Z -0.4417 -0.0145  0.8970

PART 44
OFFSET  2.9473 -103.9222  41.1706
X  0.1536  0.9839  0.0917
Y -0.8838  0.1783 -0.4326
Z -0.4419 -0.0146  0.8969

PART 45
OFFSET  5.0443 -103.4941  41.1654
X  0.9056 -0.1470  0.3977
Y  0.0517  0.9693  0.2405
Z -0.4209 -0.1973  0.8854

PART 46
OFFSET  3.9587 -103.3178  40.6887
X  0.5023  0.7621  0.4085
Y -0.7554  0.6167 -0.2216
Z -0.4208 -0.1973  0.8854

PART 47
OFFSET  3.6118 -103.8441  40.4065
X -0.5549  0.8281 -0.0792
Y -0.7177 -0.5247 -0.4579
Z -0.4208 -0.1972  0.8855

PART 48
OFFSET  0.6845 -93.1120  47.3174
X -0.0849  0.9889  0.1221
Y -0.9269 -0.0335 -0.3737
Z -0.3655 -0.1450  0.9195

PART 49
OFFSET  5.1737 -109.3646  42.2305
X  0.4646 -0.8843  0.0472
Y -0.4269 -0.1769  0.8868
Z -0.7758 -0.4322 -0.4597

PART 50
OFFSET  0.7961 -118.0496  50.4178
X -0.6687 -0.2384  0.7043
Y -0.2571  0.9629  0.0819
Z -0.6977 -0.1263 -0.7052

PART 51
OFFSET  9.6573 -115.5158  41.6015
X -0.2278 -0.8080  0.5434
Y -0.7332  0.5095  0.4503
Z -0.6407 -0.2958 -0.7085

PART 52
OFFSET -8.7116 -110.7823  52.4735
X  0.7895 -0.6138  0.0044
Y  0.5793  0.7428 -0.3356
Z  0.2027  0.2675  0.9420

PART 53
OFFSET -2.3232 -115.7059  52.5536
X  0.8309 -0.5413  0.1290
Y -0.5500 -0.7637  0.3380
Z -0.0845 -0.3518 -0.9323

PART 54
OFFSET  0.6845 -93.1120  47.3174
X -0.0849  0.9889  0.1221
Y -0.9269 -0.0335 -0.3737
Z -0.3655 -0.1450  0.9195

PART 55
OFFSET  0.6845 -93.1120  47.3174
X -0.0849  0.9889  0.1221
Y -0.9269 -0.0335 -0.3737
Z -0.3655 -0.1450  0.9195

PART 56
OFFSET -5.5505 -113.1149  54.0350
X  0.3376  0.5879  0.7351
Y  0.3514  0.6458 -0.6779
Z -0.8732  0.4872  0.0114

PART 57
OFFSET -4.5625 -111.3995  56.4045
X  0.3052  0.5067  0.8063
Y  0.3014  0.7518 -0.5865
Z -0.9033  0.4220  0.0767

PART 58
OFFSET -11.0304 -115.1448  31.1407
X  0.1840  0.8083 -0.5593
Y  0.0717  0.5564  0.8278
Z  0.9803 -0.1924  0.0444

PART 59
OFFSET -7.8081 -100.9892  21.3465
X -0.0834 -0.6744 -0.7337
Y  0.1493  0.7195 -0.6783
Z  0.9853 -0.1661  0.0407

PART 60
OFFSET -9.0724 -111.2162  10.2203
X  0.0007 -0.4597 -0.8881
Y -0.2642  0.8564 -0.4435
Z  0.9645  0.2349 -0.1209

PART 61
OFFSET -10.6015 -108.5524  3.7787
X -0.2576  0.9387 -0.2291
Y  0.0588  0.2519  0.9660
Z  0.9645  0.2353 -0.1201

PART 62
OFFSET -7.6016 -99.5976  21.7370
X -0.0402 -0.0544  0.9977
Y  0.1653  0.9844  0.0603
Z -0.9854  0.1673 -0.0306

PART 63
OFFSET -10.4509 -112.5989  29.3793
X  0.1840  0.8083 -0.5593
Y  0.1605  0.5366  0.8284
Z  0.9697 -0.2422 -0.0310

PART 64
OFFSET -2.8738 -120.4005  31.8974
X -0.2476  0.1817  0.9517
Y -0.5713 -0.8207  0.0081
Z  0.7825 -0.5417  0.3070

PART 65
OFFSET  1.4620 -123.5825  15.2312
X  0.2891  0.7467  0.5991
Y -0.5395 -0.3898  0.7463
Z  0.7908 -0.5390  0.2901

PART 66
OFFSET -2.9226 -134.9058  6.1459
X  0.2011  0.3011  0.9321
Y -0.6875 -0.6345  0.3532
Z  0.6978 -0.7119  0.0795

PART 67
OFFSET  0.0333 -132.7931  0.0037
X -0.7092 -0.7015 -0.0704
Y  0.1030 -0.0043 -0.9947
Z  0.6975 -0.7126  0.0753

PART 68
OFFSET  2.4007 -122.4691  14.7004
X  0.0038 -0.4841 -0.8750
Y -0.6133 -0.6923  0.3803
Z -0.7899  0.5352 -0.2995

PART 69
OFFSET -2.0940 -120.9727  28.9003
X -0.2476  0.1817  0.9517
Y -0.5552 -0.8316  0.0143
Z  0.7940 -0.5248  0.3068

PART 70
OFFSET -28.0821 -231.1495  0.1219
X  0.3508  0.9365 -0.0000
Y -0.9365  0.3508  0.0000
Z  0.0000  0.0000  1.0000


FRAME 338
PART 0
OFFSET  0.0000 -0.0000  0.0000
X  1.0000 -0.0000  0.0000
Y  0.0000  1.0000  0.0000
Z  0.0000 -0.0000  1.0000

PART 1
OFFSET -2.1579 -107.0929  0.0000
X  0.0714  0.9974  0.0000
Y -0.9974  0.0714  0.0000
Z  0.0000 -0.0000  1.0000

PART 2
OFFSET -6.2671 -114.3133  31.7099
X -0.0549  0.0462  0.9974
Y  0.5406  0.8412 -0.0092
Z -0.8395  0.5387 -0.0711

PART 3
OFFSET -6.4448 -113.9057  36.8949
X -0.0129  0.0766  0.9970
Y  0.5200  0.8522 -0.0587
Z -0.8541  0.5176 -0.0508

PART 4
OFFSET -6.4217 -113.3586  42.0859
X  0.0850  0.2095  0.9741
Y  0.5278  0.8198 -0.2223
Z -0.8451  0.5330 -0.0409

PART 5
OFFSET -6.0833 -112.5150  46.0910
X  0.1707  0.3157  0.9334
Y  0.5290  0.7698 -0.3571
Z -0.8313  0.5547 -0.0356

PART 6
OFFSET -6.5067 -110.4264  50.4324
X -0.6362  0.7682  0.0711
Y -0.6639 -0.5921  0.4568
Z  0.3930  0.2434  0.8867

PART 7
OFFSET -10.5709 -105.5191  50.8869
X -0.0213  0.6759 -0.7367
Y -0.7946 -0.4587 -0.3978
Z -0.6067  0.5769  0.5468

PART 8
OFFSET -11.2504 -97.6669  42.1763
X  0.8403  0.3915  0.3749
Y  0.4047  0.0072 -0.9144
Z -0.3606  0.9202 -0.1524

PART 9
OFFSET -2.6511 -93.8471  46.0665
X  0.8978  0.0897 -0.4312
Y  0.4292 -0.3975  0.8111
Z -0.0986 -0.9132 -0.3953

PART 10
OFFSET -1.8974 -93.0091  45.9634
X  0.5997  0.7122  0.3647
Y  0.7915 -0.4608 -0.4016
Z -0.1179  0.5295 -0.8401

PART 11
OFFSET -0.4545 -91.2955  46.8410
X  0.8804  0.4471  0.1582
Y  0.4593 -0.7207 -0.5192
Z -0.1181  0.5298 -0.8398

PART 12
OFFSET  0.5971 -90.7614  47.0300
X  0.9212  0.3742  0.1065
Y  0.3707 -0.7611 -0.5323
Z -0.1181  0.5298 -0.8399

PART 13
OFFSET  0.4898 -91.9741  45.0309
X  0.9992  0.0269  0.0302
Y -0.0078 -0.6038  0.7971
Z  0.0397 -0.7967 -0.6031

PART 14
OFFSET  2.0391 -91.9323  45.0778
X  0.6296 -0.4487  0.6342
Y -0.7759 -0.4050  0.4837
Z  0.0398 -0.7966 -0.6031

PART 15
OFFSET  2.6510 -92.3684  45.6942
X  0.2290 -0.5800  0.7817
Y -0.9726 -0.1697  0.1590
Z  0.0404 -0.7967 -0.6030

PART 16
OFFSET  0.4492 -92.8491  44.4526
X  0.8508 -0.2331  0.4709
Y -0.5224 -0.2789  0.8058
Z -0.0565 -0.9316 -0.3591

PART 17
OFFSET  2.0279 -93.2816  45.3263
X -0.3803 -0.3125  0.8705
Y -0.9231  0.1870 -0.3361
Z -0.0578 -0.9313 -0.3596

PART 18
OFFSET  1.6091 -93.6258  46.2852
X -0.4609 -0.2960  0.8366
Y -0.8856  0.2141 -0.4121
Z -0.0571 -0.9309 -0.3608

PART 19
OFFSET  0.3106 -93.8742  44.1389
X  0.6676 -0.1368  0.7319
Y -0.7445 -0.1364  0.6536
Z  0.0104 -0.9812 -0.1929

PART 20
OFFSET  1.4336 -94.1044  45.3701
X -0.6134 -0.1585  0.7737
Y -0.7897  0.1102 -0.6035
Z  0.0104 -0.9812 -0.1928

PART 21
OFFSET  0.8552 -94.2538  46.0996
X -0.2601 -0.1888  0.9469
Y -0.9655  0.0403 -0.2572
Z  0.0104 -0.9812 -0.1928

PART 22
OFFSET  0.1644 -94.8214  43.9946
X  0.6224 -0.1983  0.7572
Y -0.7824 -0.1839  0.5949
Z  0.0213 -0.9627 -0.2696

PART 23
OFFSET  0.9104 -95.0591  44.9023
X -0.1324 -0.2733  0.9528
Y -0.9911  0.0234 -0.1310
Z  0.0135 -0.9616 -0.2740

PART 24
OFFSET  0.8190 -95.2478  45.5602
X -0.6272 -0.2282  0.7447
Y -0.7787  0.1638 -0.6056
Z  0.0162 -0.9597 -0.2804

PART 25
OFFSET  8.3957 -89.2604  91.9768
X  0.7130  0.6752 -0.1891
Y -0.1243 -0.1437 -0.9818
Z -0.6900  0.7235 -0.0185

PART 26
OFFSET -5.1684 -94.9656  44.9276
X  0.8403  0.3915  0.3749
Y  0.5183 -0.3778 -0.7672
Z -0.1587  0.8391 -0.5204

PART 27
OFFSET -10.5807 -105.2064  50.5460
X -0.0213  0.6759 -0.7367
Y -0.9204 -0.3010 -0.2494
Z -0.3903  0.6728  0.6285

PART 28
OFFSET -11.4391 -96.8311  41.0888
X  0.5295  0.8064 -0.2632
Y -0.5929  0.1299 -0.7948
Z -0.6067  0.5769  0.5468

PART 29
OFFSET -4.2524 -111.9305  50.5290
X -0.9207  0.3894  0.0272
Y  0.3671  0.8873 -0.2793
Z -0.1329 -0.2471 -0.9598

PART 30
OFFSET  1.6286 -114.4182  50.3552
X -0.6350 -0.2433  0.7332
Y -0.4031  0.9140 -0.0458
