// Export filename: `C:\projects\cod\t5\xanim_export\t5_viewmodels\ballistic_knife\b_knife_d2p_out.XANIM_EXPORT`
// Source filename: `D:\projects\devanim\t5\animation_assets\viewmodels\ballistic_knife/ViewModel_ballistic_knife_animated2.fbx`
// Export time: Mon Sep 06 22:07:49 2010

ANIMATION
VERSION 3

NUMPARTS 78
PART 0 "tag_ads"
PART 1 "tag_torso"
PART 2 "J_Shoulder_LE"
PART 3 "J_Elbow_LE"
PART 4 "J_WristTwist_LE"
PART 5 "J_Sleave_Reshape_Bottom_LE_1"
PART 6 "J_Sleave_Reshape_Bottom_LE_2"
PART 7 "J_Sleave_Reshape_Top_LE_1"
PART 8 "J_Sleave_Reshape_Top_LE_2"
PART 9 "J_Sleave_Reshape_Top_LE_3"
PART 10 "J_Wrist_LE"
PART 11 "J_Thumb_LE_0"
PART 12 "J_Thumb_LE_1"
PART 13 "J_Thumb_LE_2"
PART 14 "J_Thumb_LE_3"
PART 15 "J_PinkyPalm_LE"
PART 16 "J_Pinky_LE_0"
PART 17 "J_Pinky_LE_1"
PART 18 "J_Pinky_LE_2"
PART 19 "J_Pinky_LE_3"
PART 20 "J_RingPalm_LE"
PART 21 "J_Ring_LE_0"
PART 22 "J_Ring_LE_1"
PART 23 "J_Ring_LE_2"
PART 24 "J_Ring_LE_3"
PART 25 "J_Webbing_LE"
PART 26 "J_Index_LE_0"
PART 27 "J_Index_LE_1"
PART 28 "J_Index_LE_2"
PART 29 "J_Index_LE_3"
PART 30 "J_Mid_LE_0"
PART 31 "J_Mid_LE_1"
PART 32 "J_Mid_LE_2"
PART 33 "J_Mid_LE_3"
PART 34 "tag_knife_attach"
PART 35 "tag_weapon"
PART 36 "J_Gun"
PART 37 "tag_blade"
PART 38 "TAG_BOLT"
PART 39 "tag_pin"
PART 40 "tag_ring"
PART 41 "tag_origin"
PART 42 "origin_animate_jnt"
PART 43 "TAG_KNIFE_FX"
PART 44 "tag_clip"
PART 45 "J_Shoulder_RI"
PART 46 "J_Elbow_RI"
PART 47 "J_WristTwist_RI"
PART 48 "J_Sleave_Reshape_Top_RI_3"
PART 49 "J_Sleave_Reshape_Top_RI_2"
PART 50 "J_Sleave_Reshape_Top_RI_1"
PART 51 "J_Wrist_RI"
PART 52 "J_Thumb_RI_0"
PART 53 "J_Thumb_RI_1"
PART 54 "J_Thumb_RI_2"
PART 55 "J_Thumb_RI_3"
PART 56 "J_PinkyPalm_RI"
PART 57 "J_Pinky_RI_0"
PART 58 "J_Pinky_RI_1"
PART 59 "J_Pinky_RI_2"
PART 60 "J_Pinky_RI_3"
PART 61 "J_RingPalm_RI"
PART 62 "J_Ring_RI_0"
PART 63 "J_Ring_RI_1"
PART 64 "J_Ring_RI_2"
PART 65 "J_Ring_RI_3"
PART 66 "J_Webbing_RI"
PART 67 "J_Index_RI_0"
PART 68 "J_Index_RI_1"
PART 69 "J_Index_RI_2"
PART 70 "J_Index_RI_3"
PART 71 "J_Mid_RI_0"
PART 72 "J_Mid_RI_1"
PART 73 "J_Mid_RI_2"
PART 74 "J_Mid_RI_3"
PART 75 "tag_cambone"
PART 76 "tag_camera"
PART 77 "tag_gasmask"

FRAMERATE 30
NUMFRAMES 11

FRAME 1325
PART 0
OFFSET  0.0000 -0.0000 -0.0000
X  1.0000 -0.0000  0.0000
Y  0.0000  1.0000  0.0000
Z  0.0000 -0.0000  1.0000

PART 1
OFFSET -4.6318 -0.0000 -1.3770
X  1.0000 -0.0000  0.0000
Y  0.0000  1.0000  0.0000
Z  0.0000 -0.0000  1.0000

PART 2
OFFSET  0.6597  8.4253 -3.1869
X  0.8011  0.5424 -0.2532
Y  0.2579 -0.6944 -0.6718
Z -0.5402  0.4728 -0.6962

PART 3
OFFSET  10.3477  14.9851 -6.2488
X  0.3789 -0.8715  0.3113
Y -0.9239 -0.3368  0.1816
Z -0.0535 -0.3564 -0.9328

PART 4
OFFSET  13.5702  7.5725 -3.6010
X  0.3789 -0.8715  0.3113
Y -0.7774 -0.4822 -0.4039
Z  0.5022 -0.0889 -0.8602

PART 5
OFFSET  15.1231  7.0305 -2.5215
X  0.3845 -0.8685  0.3128
Y  0.0657  0.3637  0.9292
Z -0.9208 -0.3368  0.1969

PART 6
OFFSET  15.0754  6.8512 -4.1946
X  0.3845 -0.8685  0.3128
Y  0.0657  0.3637  0.9292
Z -0.9208 -0.3368  0.1969

PART 7
OFFSET  12.9700  5.6784 -1.9999
X  0.3845 -0.8685  0.3128
Y  0.0657  0.3637  0.9292
Z -0.9208 -0.3368  0.1969

PART 8
OFFSET  12.5433  5.1497 -3.2776
X  0.3845 -0.8685  0.3128
Y  0.0657  0.3637  0.9292
Z -0.9208 -0.3368  0.1969

PART 9
OFFSET  13.0289  5.1420 -5.1108
X  0.3845 -0.8685  0.3128
Y  0.0657  0.3637  0.9292
Z -0.9208 -0.3368  0.1969

PART 10
OFFSET  14.7317  4.9007 -2.6467
X  0.4361 -0.8888  0.1409
Y -0.7954 -0.4540 -0.4015
Z  0.4208  0.0630 -0.9050

PART 11
OFFSET  14.3331  4.0887 -3.3424
X  0.1180 -0.9176 -0.3797
Y -0.9388  0.0216 -0.3439
Z  0.3238  0.3970 -0.8588

PART 12
OFFSET  14.5120  2.1329 -4.2437
X  0.5169 -0.8529  0.0735
Y -0.6571 -0.4503 -0.6045
Z  0.5487  0.2642 -0.7932

PART 13
OFFSET  15.4471  0.8125 -4.1778
X  0.8789 -0.3628  0.3096
Y -0.1957 -0.8663 -0.4597
Z  0.4350  0.3434 -0.8324

PART 14
OFFSET  16.4142  0.4211 -3.8890
X  0.3291 -0.6669  0.6685
Y -0.7794  0.2079  0.5911
Z -0.5332 -0.7155 -0.4514

PART 15
OFFSET  16.0375  4.6475 -2.2805
X  0.7998 -0.5487  0.2433
Y  0.3747  0.1398 -0.9166
Z  0.4689  0.8242  0.3174

PART 16
OFFSET  17.8123  3.3117 -1.8925
X  0.4589 -0.6964 -0.5518
Y -0.4564  0.3481 -0.8189
Z  0.7623  0.6276 -0.1581

PART 17
OFFSET  18.4620  2.3257 -2.6737
X -0.3378  0.1995 -0.9199
Y -0.5032  0.7876  0.3556
Z  0.7954  0.5830 -0.1656

PART 18
OFFSET  18.1625  2.5026 -3.4893
X -0.6459  0.7539 -0.1202
Y  0.0245  0.1778  0.9838
Z  0.7631  0.6324 -0.1333

PART 19
OFFSET  17.5489  3.2189 -3.6035
X  0.3683 -0.7797 -0.5064
Y  0.5305 -0.2710  0.8032
Z -0.7635 -0.5644  0.3138

PART 20
OFFSET  15.5461  4.1415 -2.3899
X  0.6619 -0.7060  0.2519
Y  0.4463  0.1011 -0.8892
Z  0.6023  0.7009  0.3820

PART 21
OFFSET  17.2763  2.3450 -1.6570
X  0.4089 -0.3938 -0.8233
Y -0.5433  0.6198 -0.5663
Z  0.7333  0.6788  0.0395

PART 22
OFFSET  17.9725  1.6746 -3.0586
X -0.4934  0.5781 -0.6498
Y -0.4436  0.4754  0.7598
Z  0.7482  0.6632  0.0219

PART 23
OFFSET  17.2886  2.4758 -3.9592
X -0.5722  0.6318  0.5229
Y  0.3285 -0.4076  0.8520
Z  0.7514  0.6593  0.0256

PART 24
OFFSET  16.6680  3.1610 -3.3921
X  0.3181 -0.2524 -0.9138
Y  0.5645 -0.7240  0.3965
Z -0.7617 -0.6420 -0.0878

PART 25
OFFSET  15.0388  1.4739 -3.3350
X  0.6812 -0.7309 -0.0414
Y -0.3067 -0.3363  0.8904
Z -0.6648 -0.5939 -0.4532

PART 26
OFFSET  15.6748  1.0717 -2.0643
X  0.5278 -0.2734 -0.8042
Y -0.4523  0.7109 -0.5385
Z  0.7189  0.6480  0.2516

PART 27
OFFSET  16.6041  0.5904 -3.4801
X -0.2955  0.6962 -0.6543
Y -0.5664  0.4238  0.7068
Z  0.7693  0.5794  0.2691

PART 28
OFFSET  16.1981  1.4015 -4.2918
X -0.6653  0.6090  0.4318
Y  0.1298 -0.4752  0.8703
Z  0.7352  0.6350  0.2371

PART 29
OFFSET  15.4467  2.0894 -3.8041
X  0.3062  0.4093 -0.8595
Y  0.5691 -0.8025 -0.1794
Z -0.7632 -0.4342 -0.4786

PART 30
OFFSET  16.5667  1.6703 -1.8060
X  0.4225 -0.3347 -0.8423
Y -0.4489  0.7301 -0.5153
Z  0.7874  0.5958  0.1582

PART 31
OFFSET  17.3922  1.0164 -3.4515
X -0.4512  0.7171 -0.5312
Y -0.4618  0.3217  0.8266
Z  0.7636  0.6183  0.1860

PART 32
OFFSET  16.7331  2.0638 -4.2273
X -0.6274  0.5457  0.5555
Y  0.2090 -0.5692  0.7952
Z  0.7501  0.6150  0.2431

PART 33
OFFSET  16.0276  2.6866 -3.5970
X  0.2997 -0.0942 -0.9494
Y  0.6182 -0.7388  0.2684
Z -0.7267 -0.6673 -0.1632

PART 34
OFFSET  16.9841  2.8318 -3.4274
X  0.5887  0.7400  0.3253
Y -0.4208 -0.0630  0.9050
Z  0.6902 -0.6697  0.2743

PART 35
OFFSET  12.4461 -1.8543 -4.4147
X  0.9313 -0.3138  0.1849
Y -0.2130 -0.0575  0.9754
Z -0.2954 -0.9478 -0.1204

PART 36
OFFSET  12.4461 -1.8543 -4.4147
X  0.9313 -0.3138  0.1849
Y -0.2130 -0.0575  0.9754
Z -0.2954 -0.9478 -0.1204

PART 37
OFFSET  16.1705 -3.1090 -3.6753
X  0.9313 -0.3138  0.1849
Y -0.2130 -0.0575  0.9754
Z -0.2954 -0.9478 -0.1204

PART 38
OFFSET  14.5819 -4.7576 -4.1194
X  0.9313 -0.3138  0.1849
Y -0.2130 -0.0575  0.9754
Z -0.2954 -0.9478 -0.1204

PART 39
OFFSET  15.8262 -1.9614 -3.6829
X  0.9313 -0.3138  0.1849
Y -0.2130 -0.0575  0.9754
Z -0.2954 -0.9478 -0.1204

PART 40
OFFSET  15.8379 -1.8352 -3.6512
X  0.9313 -0.3138  0.1849
Y -0.2130 -0.0575  0.9754
Z -0.2954 -0.9478 -0.1204

PART 41
OFFSET  16.8090  2.3702 -3.1329
X  0.8616  0.5058  0.0419
Y -0.0859  0.2268 -0.9701
Z -0.5002  0.8323  0.2389

PART 42
OFFSET  16.8090  2.3702 -3.1329
X  0.8616  0.5058  0.0419
Y -0.0859  0.2268 -0.9701
Z -0.5002  0.8323  0.2389

PART 43
OFFSET  23.3488  5.2312 -3.0419
X  0.5002 -0.8323 -0.2389
Y -0.0859  0.2268 -0.9701
Z  0.8616  0.5058  0.0419

PART 44
OFFSET  16.1705 -3.1090 -3.6753
X  0.9313 -0.3138  0.1849
Y -0.2130 -0.0575  0.9754
Z -0.2954 -0.9478 -0.1204

PART 45
OFFSET  1.2223 -11.8960 -2.8236
X -0.8728  0.3120  0.3753
Y  0.0354 -0.7265  0.6863
Z  0.4867  0.6123  0.6231

PART 46
OFFSET  11.7782 -15.6693 -7.3620
X -0.0521 -0.9490 -0.3110
Y  0.9590  0.0393 -0.2806
Z  0.2785 -0.3129  0.9080

PART 47
OFFSET  12.2215 -7.5979 -4.7164
X -0.0521 -0.9490 -0.3110
Y  0.7893 -0.2300  0.5694
Z -0.6119 -0.2158  0.7610

PART 48
OFFSET  10.9089 -5.6443 -5.8241
X -0.0586 -0.9483 -0.3119
Y -0.2921  0.3150 -0.9030
Z  0.9546  0.0382 -0.2955

PART 49
OFFSET  10.1745 -5.6823 -4.3516
X -0.0586 -0.9483 -0.3119
Y -0.2921  0.3150 -0.9030
Z  0.9546  0.0382 -0.2955

PART 50
OFFSET  11.1182 -6.0786 -2.9884
X -0.0586 -0.9483 -0.3119
Y -0.2921  0.3150 -0.9030
Z  0.9546  0.0382 -0.2955

PART 51
OFFSET  12.3813 -4.6887 -3.7629
X  0.1825 -0.9669 -0.1781
Y  0.7824  0.0331  0.6219
Z -0.5955 -0.2529  0.7625

PART 52
OFFSET  11.7887 -4.1819 -4.5960
X  0.3290 -0.7647  0.5540
Y  0.6699  0.6025  0.4338
Z -0.6656  0.2284  0.7105

PART 53
OFFSET  11.0488 -2.6045 -5.8744
X -0.0068 -0.9996 -0.0282
Y  0.6435 -0.0260  0.7650
Z -0.7654 -0.0129  0.6434

PART 54
OFFSET  11.1840 -0.9910 -5.8552
X -0.5716 -0.6623 -0.4843
Y  0.4004 -0.7404  0.5400
Z -0.7162  0.1148  0.6884

PART 55
OFFSET  11.8281 -0.2674 -5.3722
X  0.1206 -0.7152 -0.6884
Y  0.7543  0.5169 -0.4049
Z  0.6454 -0.4704  0.6018

PART 56
OFFSET  13.1849 -3.7839 -3.1003
X -0.2910 -0.9528 -0.0870
Y -0.5390  0.0882  0.8377
Z -0.7904  0.2906 -0.5392

PART 57
OFFSET  13.7897 -1.6117 -3.0862
X -0.1752 -0.4089  0.8956
Y  0.2681  0.8555  0.4430
Z -0.9473  0.3177 -0.0402

PART 58
OFFSET  14.0377 -1.0327 -4.3541
X  0.2083  0.7399  0.6396
Y  0.1807  0.6136 -0.7687
Z -0.9612  0.2757 -0.0059

PART 59
OFFSET  13.8530 -1.6888 -4.9213
X  0.2939  0.9384  0.1818
Y  0.1153  0.1540 -0.9813
Z -0.9489  0.3094 -0.0629

PART 60
OFFSET  13.5738 -2.5803 -5.0940
X -0.1599 -0.8592  0.4861
Y -0.2220 -0.4485 -0.8658
Z  0.9618 -0.2464 -0.1190

PART 61
OFFSET  12.5417 -3.6286 -3.3680
X -0.0598 -0.9765 -0.2071
Y -0.6289 -0.1242  0.7675
Z -0.7752  0.1762 -0.6067

PART 62
OFFSET  12.7982 -1.1232 -2.7234
X -0.2530 -0.4523  0.8553
Y  0.1273  0.8608  0.4928
Z -0.9591  0.2335 -0.1602

PART 63
OFFSET  13.2289 -0.3532 -4.1795
X  0.0784  0.7362  0.6722
Y  0.3208  0.6197 -0.7162
Z -0.9439  0.2718 -0.1876

PART 64
OFFSET  13.1203 -1.3735 -5.1110
X  0.2498  0.9667  0.0550
Y  0.3144 -0.0273 -0.9489
Z -0.9158  0.2543 -0.3107

PART 65
OFFSET  12.8494 -2.4220 -5.1707
X -0.4293 -0.7640  0.4817
Y  0.1535 -0.5873 -0.7947
Z  0.8900 -0.2672  0.3694

PART 66
OFFSET  12.1602 -8.8766 -4.6214
X -0.1451 -0.9865 -0.0758
Y  0.6529 -0.0379 -0.7565
Z  0.7434 -0.1593  0.6496

PART 67
OFFSET  10.8587 -1.0400 -3.2545
X -0.2536 -0.6115  0.7495
Y -0.2889  0.7874  0.5446
Z -0.9231 -0.0784 -0.3764

PART 68
OFFSET  11.3053  0.0366 -4.5741
X -0.3391  0.7802  0.5257
Y  0.2568  0.6143 -0.7461
Z -0.9050 -0.1180 -0.4087

PART 69
OFFSET  11.6626 -0.9190 -5.2380
X -0.0540  0.9985 -0.0026
Y  0.3856  0.0185 -0.9225
Z -0.9211 -0.0508 -0.3860

PART 70
OFFSET  11.7235 -2.0469 -5.2351
X -0.5896 -0.3560  0.7250
Y  0.2895 -0.9311 -0.2218
Z  0.7540  0.0791  0.6520

PART 71
OFFSET  11.8338 -1.0618 -2.7356
X -0.2489 -0.5571  0.7923
Y -0.1698  0.8304  0.5306
Z -0.9535 -0.0025 -0.3012

PART 72
OFFSET  12.3199  0.0266 -4.2833
X -0.1416  0.7708  0.6211
Y  0.3465  0.6264 -0.6983
Z -0.9273  0.1163 -0.3558

PART 73
OFFSET  12.5268 -1.0993 -5.1905
X  0.1139  0.9883 -0.1013
Y  0.4358 -0.1413 -0.8889
Z -0.8928  0.0571 -0.4468

PART 74
OFFSET  12.4044 -2.2191 -5.0733
X -0.3086 -0.6712  0.6740
Y  0.1929 -0.7380 -0.6467
Z  0.9314 -0.0696  0.3572

PART 75
OFFSET  0.0000 -0.0000 -0.0000
X  1.0000 -0.0000  0.0000
Y  0.0000  1.0000  0.0000
Z  0.0000 -0.0000  1.0000

PART 76
OFFSET  0.0000 -0.0000 -0.0000
X  0.9962 -0.0000  0.0872
Y  0.0076  0.9962 -0.0868
Z -0.0868  0.0872  0.9924

PART 77
OFFSET  1.1755  0.3605  4.2386
X  0.9962 -0.0000  0.0872
Y  0.0076  0.9962 -0.0868
Z -0.0868  0.0872  0.9924


FRAME 1326
PART 0
OFFSET  0.0000 -0.0000 -0.0000
X  1.0000 -0.0000  0.0000
Y  0.0000  1.0000  0.0000
Z  0.0000 -0.0000  1.0000

PART 1
OFFSET -4.6318 -0.0000 -1.3770
X  1.0000 -0.0000  0.0000
Y  0.0000  1.0000  0.0000
Z  0.0000 -0.0000  1.0000

PART 2
OFFSET  0.2327  8.4116 -3.1869
X  0.7749  0.5485 -0.3141
Y  0.2113 -0.6932 -0.6891
Z -0.5957  0.4676 -0.6531

PART 3
OFFSET  9.6047  15.0447 -6.9857
X  0.4188 -0.8641  0.2791
Y -0.8999 -0.3537  0.2552
Z -0.1218 -0.3580 -0.9257

PART 4
OFFSET  13.1667  7.6949 -4.6119
X  0.4188 -0.8641  0.2791
Y -0.7432 -0.5028 -0.4415
Z  0.5218 -0.0225 -0.8527

PART 5
OFFSET  14.8114  7.1825 -3.6615
X  0.4245 -0.8610  0.2801
Y  0.1336  0.3655  0.9212
Z -0.8955 -0.3536  0.2702

PART 6
OFFSET  14.6323  7.0012 -5.3254
X  0.4245 -0.8610  0.2801
Y  0.1336  0.3655  0.9212
Z -0.8955 -0.3536  0.2702

PART 7
OFFSET  12.7326  5.7912 -2.9691
X  0.4245 -0.8610  0.2801
Y  0.1336  0.3655  0.9212
Z -0.8955 -0.3536  0.2702

PART 8
OFFSET  12.2143  5.2537 -4.2087
X  0.4245 -0.8610  0.2801
Y  0.1336  0.3655  0.9212
Z -0.8955 -0.3536  0.2702

PART 9
OFFSET  12.5506  5.2538 -6.0750
X  0.4245 -0.8610  0.2801
Y  0.1336  0.3655  0.9212
Z -0.8955 -0.3536  0.2702

PART 10
OFFSET  14.4506  5.0458 -3.7564
X  0.4529 -0.8683  0.2024
Y -0.7552 -0.4943 -0.4306
Z  0.4739  0.0422 -0.8796

PART 11
OFFSET  14.1202  4.1955 -4.4420
X  0.1686 -0.9271 -0.3349
Y -0.9159 -0.0218 -0.4008
Z  0.3643  0.3743 -0.8528

PART 12
OFFSET  14.4129  2.2137 -5.2521
X  0.5366 -0.8324  0.1387
Y -0.6047 -0.4939 -0.6248
Z  0.5886  0.2514 -0.7683

PART 13
OFFSET  15.3811  0.9276 -5.0770
X  0.8685 -0.3223  0.3765
Y -0.1409 -0.8890 -0.4358
Z  0.4752  0.3254 -0.8175

PART 14
OFFSET  16.3397  0.5788 -4.7146
X  0.3069 -0.6301  0.7133
Y -0.8203  0.2049  0.5339
Z -0.4826 -0.7490 -0.4540

PART 15
OFFSET  15.7383  4.8489 -3.3018
X  0.7993 -0.5130  0.3130
Y  0.4263  0.1169 -0.8970
Z  0.4236  0.8504  0.3121

PART 16
OFFSET  17.5247  3.5867 -2.7539
X  0.5127 -0.7017 -0.4947
Y -0.4150  0.3018 -0.8583
Z  0.7516  0.6454 -0.1365

PART 17
OFFSET  18.2506  2.5933 -3.4543
X -0.2860  0.1534 -0.9459
Y -0.5476  0.7839  0.2927
Z  0.7864  0.6016 -0.1402

PART 18
OFFSET  17.9970  2.7293 -4.2930
X -0.6594  0.7276 -0.1891
Y -0.0418  0.2157  0.9756
Z  0.7506  0.6512 -0.1118

PART 19
OFFSET  17.3706  3.4205 -4.4726
X  0.4220 -0.7861 -0.4516
Y  0.4876 -0.2231  0.8441
Z -0.7643 -0.5764  0.2892

PART 20
OFFSET  15.2699  4.3235 -3.4206
X  0.6658 -0.6742  0.3196
Y  0.4972  0.0816 -0.8638
Z  0.5563  0.7340  0.3896

PART 21
OFFSET  17.0043  2.6128 -2.5130
X  0.4706 -0.4114 -0.7806
Y -0.5255  0.5800 -0.6225
Z  0.7088  0.7031  0.0568

PART 22
OFFSET  17.8055  1.9125 -3.8419
X -0.4693  0.5368 -0.7011
Y -0.5038  0.4893  0.7119
Z  0.7252  0.6873  0.0408

PART 23
OFFSET  17.1551  2.6565 -4.8136
X -0.6221  0.6324  0.4616
Y  0.2872 -0.3641  0.8860
Z  0.7284  0.6837  0.0449

PART 24
OFFSET  16.4805  3.3424 -4.3130
X  0.3814 -0.2765 -0.8821
Y  0.5603 -0.6898  0.4585
Z -0.7353 -0.6691 -0.1082

PART 25
OFFSET  14.9019  1.6069 -4.2875
X  0.7040 -0.7096  0.0292
Y -0.3510 -0.3119  0.8829
Z -0.6174 -0.6318 -0.4687

PART 26
OFFSET  15.4698  1.2741 -2.9655
X  0.5845 -0.2866 -0.7591
Y -0.4391  0.6750 -0.5929
Z  0.6823  0.6799  0.2687

PART 27
OFFSET  16.4988  0.7695 -4.3021
X -0.2751  0.6609 -0.6982
Y -0.6215  0.4319  0.6537
Z  0.7336  0.6137  0.2919

PART 28
OFFSET  16.1199  1.5357 -5.1687
X -0.7086  0.6032  0.3660
Y  0.0899 -0.4373  0.8948
Z  0.6998  0.6670  0.2557

PART 29
OFFSET  15.3194  2.2171 -4.7552
X  0.3464  0.3860 -0.8550
Y  0.6028 -0.7899 -0.1124
Z -0.7188 -0.4764 -0.5063

PART 30
OFFSET  16.3257  1.9105 -2.6778
X  0.4836 -0.3527 -0.8011
Y -0.4377  0.6951 -0.5703
Z  0.7580  0.6265  0.1818

PART 31
OFFSET  17.2706  1.2215 -4.2427
X -0.4387  0.6815 -0.5858
Y -0.5215  0.3378  0.7836
Z  0.7319  0.6492  0.2072

PART 32
OFFSET  16.6298  2.2169 -5.0983
X -0.6766  0.5458  0.4942
Y  0.1763 -0.5316  0.8285
Z  0.7149  0.6477  0.2634

PART 33
OFFSET  15.8684  2.8401 -4.5372
X  0.3605 -0.1204 -0.9249
Y  0.6222 -0.7078  0.3347
Z -0.6949 -0.6961 -0.1802

PART 34
OFFSET  16.8078  3.0224 -4.3159
X  0.5451  0.7704  0.3306
Y -0.4739 -0.0422  0.8796
Z  0.6916 -0.6361  0.3421

PART 35
OFFSET  12.3780 -2.2536 -5.2437
X  0.9116 -0.3723  0.1744
Y -0.2343 -0.1218  0.9645
Z -0.3379 -0.9201 -0.1982

PART 36
OFFSET  12.3780 -2.2536 -5.2437
X  0.9116 -0.3723  0.1744
Y -0.2343 -0.1218  0.9645
Z -0.3379 -0.9201 -0.1982

PART 37
OFFSET  16.0235 -3.7425 -4.5462
X  0.9116 -0.3723  0.1744
Y -0.2343 -0.1218  0.9645
Z -0.3379 -0.9201 -0.1982

PART 38
OFFSET  14.3669 -5.2722 -5.1417
X  0.9116 -0.3723  0.1744
Y -0.2343 -0.1218  0.9645
Z -0.3379 -0.9201 -0.1982

PART 39
OFFSET  15.7344 -2.5821 -4.4700
X  0.9116 -0.3723  0.1744
Y -0.2343 -0.1218  0.9645
Z -0.3379 -0.9201 -0.1982

PART 40
OFFSET  15.7515 -2.4595 -4.4284
X  0.9116 -0.3723  0.1744
Y -0.2343 -0.1218  0.9645
Z -0.3379 -0.9201 -0.1982

PART 41
OFFSET  16.6287  2.5669 -4.0143
X  0.8419  0.5346  0.0739
Y -0.0325  0.1869 -0.9818
Z -0.5387  0.8242  0.1748

PART 42
OFFSET  16.6287  2.5669 -4.0143
X  0.8419  0.5346  0.0739
Y -0.0325  0.1869 -0.9818
Z -0.5387  0.8242  0.1748

PART 43
OFFSET  23.0619  5.6387 -3.6410
X  0.5387 -0.8242 -0.1748
Y -0.0325  0.1869 -0.9818
Z  0.8419  0.5346  0.0739

PART 44
OFFSET  16.0235 -3.7425 -4.5462
X  0.9116 -0.3723  0.1744
Y -0.2343 -0.1218  0.9645
Z -0.3379 -0.9201 -0.1982

PART 45
OFFSET  1.0185 -11.7852 -2.8236
X -0.8384  0.3735  0.3970
Y  0.0470 -0.6761  0.7353
Z  0.5431  0.6351  0.5493

PART 46
OFFSET  11.1576 -16.3025 -7.6251
X -0.0871 -0.9661 -0.2428
Y  0.9443 -0.0025 -0.3290
Z  0.3172 -0.2580  0.9126

PART 47
OFFSET  11.8986 -8.0850 -5.5596
X -0.0871 -0.9661 -0.2428
Y  0.7655 -0.2209  0.6043
Z -0.6375 -0.1332  0.7588

PART 48
OFFSET  10.5724 -6.1791 -6.7325
X -0.0936 -0.9654 -0.2434
Y -0.3305  0.2607 -0.9071
Z  0.9391 -0.0045 -0.3435

PART 49
OFFSET  9.9122 -6.1009 -5.2269
X -0.0936 -0.9654 -0.2434
Y -0.3305  0.2607 -0.9071
Z  0.9391 -0.0045 -0.3435

PART 50
OFFSET  10.9147 -6.4275 -3.8874
X -0.0936 -0.9654 -0.2434
Y -0.3305  0.2607 -0.9071
Z  0.9391 -0.0045 -0.3435

PART 51
OFFSET  12.1657 -5.1231 -4.8152
X  0.1396 -0.9582 -0.2499
Y  0.7709 -0.0532  0.6347
Z -0.6214 -0.2812  0.7312

PART 52
OFFSET  11.6141 -4.5253 -5.6155
X  0.2815 -0.8202  0.4980
Y  0.6893  0.5339  0.4897
Z -0.6675  0.2054  0.7157

PART 53
OFFSET  10.9750 -2.8200 -6.7788
X -0.0539 -0.9929 -0.1059
Y  0.6267 -0.1162  0.7706
Z -0.7774 -0.0248  0.6285

PART 54
OFFSET  11.1865 -1.2213 -6.6322
X -0.5931 -0.5944 -0.5431
Y  0.3541 -0.7984  0.4870
Z -0.7230  0.0965  0.6840

PART 55
OFFSET  11.8549 -0.5694 -6.0845
X  0.0996 -0.6652 -0.7399
Y  0.7857  0.5088 -0.3517
Z  0.6105 -0.5464  0.5734

PART 56
OFFSET  12.9986 -4.3124 -4.0719
X -0.3343 -0.9279 -0.1652
Y -0.5503  0.0498  0.8335
Z -0.7651  0.3696 -0.5272

PART 57
OFFSET  13.7058 -2.1799 -3.8796
X -0.2117 -0.4675  0.8583
Y  0.3000  0.8047  0.5123
Z -0.9302  0.3659 -0.0301

PART 58
OFFSET  14.0055 -1.5181 -5.0948
X  0.2310  0.6775  0.6984
Y  0.2245  0.6613 -0.7157
Z -0.9467  0.3221  0.0006

PART 59
OFFSET  13.8007 -2.1187 -5.7139
X  0.3347  0.9061  0.2587
Y  0.1414  0.2232 -0.9645
Z -0.9316  0.3594 -0.0534

PART 60
OFFSET  13.4827 -2.9796 -5.9597
X -0.2101 -0.8851  0.4153
Y -0.2264 -0.3692 -0.9014
Z  0.9511 -0.2834 -0.1228

PART 61
OFFSET  12.3687 -4.1056 -4.3366
X -0.1023 -0.9536 -0.2833
Y -0.6488 -0.1519  0.7456
Z -0.7540  0.2601 -0.6031

PART 62
OFFSET  12.7319 -1.6727 -3.4954
X -0.2907 -0.5037  0.8135
Y  0.1586  0.8131  0.5601
Z -0.9436  0.2919 -0.1564

PART 63
OFFSET  13.2268 -0.8151 -4.8804
X  0.1004  0.6777  0.7285
Y  0.3638  0.6565 -0.6608
Z -0.9261  0.3313 -0.1806

PART 64
OFFSET  13.0877 -1.7543 -5.8900
X  0.2945  0.9462  0.1338
Y  0.3310  0.0304 -0.9432
Z -0.8965  0.3220 -0.3042

PART 65
OFFSET  12.7683 -2.7806 -6.0351
X -0.4744 -0.7768  0.4142
Y  0.1406 -0.5313 -0.8354
Z  0.8690 -0.3381  0.3613

PART 66
OFFSET  11.7618 -9.2167 -5.9998
X -0.1905 -0.9694 -0.1545
Y  0.6648 -0.0116 -0.7469
Z  0.7223 -0.2450  0.6467

PART 67
OFFSET  10.8092 -1.4540 -4.0485
X -0.2969 -0.6541  0.6957
Y -0.2615  0.7564  0.5996
Z -0.9184 -0.0039 -0.3956

PART 68
OFFSET  11.3319 -0.3024 -5.2734
X -0.3116  0.7531  0.5794
Y  0.3001  0.6565 -0.6920
Z -0.9016 -0.0418 -0.4306

PART 69
OFFSET  11.6560 -1.2205 -6.0039
X -0.0063  0.9972  0.0742
Y  0.4037  0.0704 -0.9122
Z -0.9149  0.0242 -0.4031

PART 70
OFFSET  11.6631 -2.3469 -6.0877
X -0.6197 -0.3814  0.6859
Y  0.2490 -0.9244 -0.2890
Z  0.7442 -0.0083  0.6679

PART 71
OFFSET  11.7719 -1.5634 -3.5178
X -0.2904 -0.6035  0.7426
Y -0.1402  0.7945  0.5908
Z -0.9466  0.0674 -0.3153

PART 72
OFFSET  12.3391 -0.3844 -4.9685
X -0.1167  0.7268  0.6769
Y  0.3894  0.6604 -0.6420
Z -0.9137  0.1886 -0.3600

PART 73
OFFSET  12.5096 -1.4460 -5.9572
X  0.1628  0.9864 -0.0224
Y  0.4456 -0.0938 -0.8903
Z -0.8803  0.1350 -0.4548

PART 74
OFFSET  12.3317 -2.5642 -5.9292
X -0.3532 -0.7051  0.6149
Y  0.1699 -0.6947 -0.6990
Z  0.9200 -0.1424  0.3651

PART 75
OFFSET  0.0000 -0.0000 -0.0000
X  1.0000 -0.0000  0.0000
Y  0.0000  1.0000  0.0000
Z  0.0000 -0.0000  1.0000

PART 76
OFFSET  0.0000 -0.0000 -0.0000
X  0.9979 -0.0000  0.0646
Y  0.0032  0.9988 -0.0489
Z -0.0645  0.0490  0.9967

PART 77
OFFSET  1.2704  0.2025  4.2217
X  0.9979 -0.0000  0.0646
Y  0.0032  0.9988 -0.0489
Z -0.0645  0.0490  0.9967


FRAME 1327
PART 0
OFFSET  0.0000 -0.0000 -0.0000
X  1.0000 -0.0000  0.0000
Y  0.0000  1.0000  0.0000
Z  0.0000 -0.0000  1.0000

PART 1
OFFSET -4.6318 -0.0000 -1.3770
X  1.0000 -0.0000  0.0000
Y  0.0000  1.0000  0.0000
Z  0.0000 -0.0000  1.0000

PART 2
OFFSET -0.4299  8.3746 -3.1869
X  0.7366  0.5523 -0.3904
Y  0.1473 -0.6944 -0.7044
Z -0.6601  0.4614 -0.5928

PART 3
OFFSET  8.4784  15.0537 -7.9084
X  0.4847 -0.8452  0.2251
Y -0.8492 -0.3929  0.3529
Z -0.2098 -0.3622 -0.9082

PART 4
OFFSET  12.6006  7.8647 -5.9934
X  0.4847 -0.8452  0.2251
Y -0.6848 -0.5268 -0.5035
Z  0.5442  0.0899 -0.8341

PART 5
OFFSET  14.3626  7.4238 -5.2371
X  0.4903 -0.8419  0.2255
Y  0.2206  0.3702  0.9024
Z -0.8432 -0.3927  0.3672

PART 6
OFFSET  14.0051  7.2363 -6.8714
X  0.4903 -0.8419  0.2255
Y  0.2206  0.3702  0.9024
Z -0.8432 -0.3927  0.3672

PART 7
OFFSET  12.4374  5.9423 -4.3232
X  0.4903 -0.8419  0.2255
Y  0.2206  0.3702  0.9024
Z -0.8432 -0.3927  0.3672

PART 8
OFFSET  11.8064  5.3838 -5.4997
X  0.4903 -0.8419  0.2255
Y  0.2206  0.3702  0.9024
Z -0.8432 -0.3927  0.3672

PART 9
OFFSET  11.9299  5.4002 -7.3920
X  0.4903 -0.8419  0.2255
Y  0.2206  0.3702  0.9024
Z -0.8432 -0.3927  0.3672

PART 10
OFFSET  14.0864  5.2735 -5.3032
X  0.4619 -0.8324  0.3063
Y -0.6847 -0.5542 -0.4733
Z  0.5637  0.0090 -0.8259

PART 11
OFFSET  13.8649  4.3679 -5.9613
X  0.2395 -0.9374 -0.2528
Y -0.8660 -0.0885 -0.4922
Z  0.4390  0.3368 -0.8330

PART 12
OFFSET  14.3197  2.3550 -6.6022
X  0.5505 -0.7967  0.2494
Y -0.5143 -0.5590 -0.6504
Z  0.6575  0.2298 -0.7175

PART 13
OFFSET  15.3128  1.1279 -6.2412
X  0.8349 -0.2581  0.4861
Y -0.0586 -0.9199 -0.3878
Z  0.5473  0.2953 -0.7831

PART 14
OFFSET  16.2398  0.8466 -5.7579
X  0.2527 -0.5698  0.7820
Y -0.8803  0.2000  0.4302
Z -0.4016 -0.7971 -0.4510

PART 15
OFFSET  15.3244  5.1643 -4.7041
X  0.7803 -0.4554  0.4286
Y  0.5154  0.0802 -0.8532
Z  0.3542  0.8867  0.2973

PART 16
OFFSET  17.0893  4.0218 -3.8891
X  0.5898 -0.7070 -0.3903
Y -0.3318  0.2285 -0.9153
Z  0.7362  0.6693 -0.0998

PART 17
OFFSET  17.9244  3.0209 -4.4417
X -0.1884  0.0810 -0.9787
Y -0.6059  0.7747  0.1807
Z  0.7729  0.6271 -0.0969

PART 18
OFFSET  17.7573  3.0927 -5.3095
X -0.6630  0.6835 -0.3053
Y -0.1547  0.2739  0.9492
Z  0.7324  0.6766 -0.0758

PART 19
OFFSET  17.1274  3.7420 -5.5995
X  0.4983 -0.7926 -0.3514
Y  0.4024 -0.1476  0.9035
Z -0.7679 -0.5917  0.2454

PART 20
OFFSET  14.8923  4.6117 -4.8360
X  0.6533 -0.6219  0.4318
Y  0.5836  0.0503 -0.8105
Z  0.4823  0.7815  0.3958

PART 21
OFFSET  16.5843  3.0420 -3.6395
X  0.5674 -0.4372 -0.6978
Y -0.4777  0.5155 -0.7114
Z  0.6707  0.7370  0.0837

PART 22
OFFSET  17.5503  2.2977 -4.8275
X -0.4118  0.4701 -0.7807
Y -0.5960  0.5092  0.6209
Z  0.6894  0.7209  0.0705

PART 23
OFFSET  16.9797  2.9492 -5.9094
X -0.6922  0.6308  0.3506
Y  0.2043 -0.2947  0.9335
Z  0.6922  0.7178  0.0752

PART 24
OFFSET  16.2290  3.6334 -5.5292
X  0.4845 -0.3132 -0.8168
Y  0.5341 -0.6336  0.5597
Z -0.6928 -0.7075 -0.1397

PART 25
OFFSET  14.7254  1.8325 -5.5533
X  0.7238 -0.6735  0.1500
Y -0.4315 -0.2721  0.8601
Z -0.5385 -0.6873 -0.4875

PART 26
OFFSET  15.1605  1.6089 -4.1599
X  0.6734 -0.3062 -0.6729
Y -0.3988  0.6160 -0.6794
Z  0.6225  0.7258  0.2927

PART 27
OFFSET  16.3461  1.0697 -5.3447
X -0.2239  0.6029 -0.7658
Y -0.7044  0.4429  0.5547
Z  0.6735  0.6636  0.3255

PART 28
OFFSET  16.0329  1.7623 -6.2953
X -0.7668  0.5918  0.2487
Y  0.0101 -0.3762  0.9265
Z  0.6418  0.7129  0.2825

PART 29
OFFSET  15.1668  2.4308 -6.0145
X  0.4210  0.3475 -0.8379
Y  0.6416 -0.7670  0.0043
Z -0.6411 -0.5394 -0.5459

PART 30
OFFSET  15.9552  2.3004 -3.8272
X  0.5803 -0.3794 -0.7207
Y -0.4006  0.6375 -0.6581
Z  0.7091  0.6706  0.2180

PART 31
OFFSET  17.0888  1.5593 -5.2351
X -0.3994  0.6229 -0.6727
Y -0.6154  0.3617  0.7003
Z  0.6796  0.6936  0.2389

PART 32
OFFSET  16.5055  2.4692 -6.2176
X -0.7465  0.5440  0.3831
Y  0.1068 -0.4703  0.8760
Z  0.6568  0.6948  0.2930

PART 33
OFFSET  15.6645  3.0906 -5.7823
X  0.4622 -0.1612 -0.8720
Y  0.6096 -0.6563  0.4445
Z -0.6440 -0.7370 -0.2051

PART 34
OFFSET  16.5669  3.3291 -5.4764
X  0.4761  0.8136  0.3337
Y -0.5637 -0.0090  0.8259
Z  0.6750 -0.5813  0.4544

PART 35
OFFSET  12.3700 -2.9304 -6.4509
X  0.8756 -0.4561  0.1592
Y -0.2801 -0.2106  0.9366
Z -0.3936 -0.8647 -0.3122

PART 36
OFFSET  12.3700 -2.9304 -6.4509
X  0.8756 -0.4561  0.1592
Y -0.2801 -0.2106  0.9366
Z -0.3936 -0.8647 -0.3122

PART 37
OFFSET  15.8715 -4.7543 -5.8140
X  0.8756 -0.4561  0.1592
Y -0.2801 -0.2106  0.9366
Z -0.3936 -0.8647 -0.3122

PART 38
OFFSET  14.1363 -6.0809 -6.6313
X  0.8756 -0.4561  0.1592
Y -0.2801 -0.2106  0.9366
Z -0.3936 -0.8647 -0.3122

PART 39
OFFSET  15.6620 -3.5914 -5.6152
X  0.8756 -0.4561  0.1592
Y -0.2801 -0.2106  0.9366
Z -0.3936 -0.8647 -0.3122

PART 40
OFFSET  15.6860 -3.4757 -5.5594
X  0.8756 -0.4561  0.1592
Y -0.2801 -0.2106  0.9366
Z -0.3936 -0.8647 -0.3122

PART 41
OFFSET  16.3741  2.8856 -5.1655
X  0.8077  0.5761  0.1258
Y  0.0660  0.1238 -0.9901
Z -0.5860  0.8080  0.0620

PART 42
OFFSET  16.3741  2.8856 -5.1655
X  0.8077  0.5761  0.1258
Y  0.0660  0.1238 -0.9901
Z -0.5860  0.8080  0.0620

PART 43
OFFSET  22.6057  6.2657 -4.3263
X  0.5860 -0.8080 -0.0620
Y  0.0660  0.1238 -0.9901
Z  0.8077  0.5761  0.1258

PART 44
OFFSET  15.8715 -4.7543 -5.8140
X  0.8756 -0.4561  0.1592
Y -0.2801 -0.2106  0.9366
Z -0.3936 -0.8647 -0.3122

PART 45
OFFSET  0.4652 -11.4843 -2.8236
X -0.7847  0.4658  0.4090
Y  0.0640 -0.5954  0.8009
Z  0.6166  0.6546  0.4374

PART 46
OFFSET  9.9552 -17.1181 -7.7696
X -0.1715 -0.9776 -0.1219
Y  0.9133 -0.1114 -0.3917
Z  0.3693 -0.1785  0.9120

PART 47
OFFSET  11.4140 -8.8031 -6.7325
X -0.1715 -0.9776 -0.1219
Y  0.7167 -0.2087  0.6654
Z -0.6759  0.0267  0.7365

PART 48
OFFSET  10.1332 -6.9433 -8.0238
X -0.1780 -0.9764 -0.1221
Y -0.3819  0.1829 -0.9059
Z  0.9069 -0.1146 -0.4055

PART 49
OFFSET  9.5997 -6.6479 -6.4951
X -0.1780 -0.9764 -0.1221
Y -0.3819  0.1829 -0.9059
Z  0.9069 -0.1146 -0.4055

PART 50
OFFSET  10.6793 -6.8996 -5.2001
X -0.1780 -0.9764 -0.1221
Y -0.3819  0.1829 -0.9059
Z  0.9069 -0.1146 -0.4055

PART 51
OFFSET  11.9398 -5.8061 -6.3587
X  0.0817 -0.9321 -0.3529
Y  0.7397 -0.1806  0.6483
Z -0.6680 -0.3140  0.6747

PART 52
OFFSET  11.4636 -5.0836 -7.1026
X  0.2033 -0.8892  0.4099
Y  0.7053  0.4234  0.5686
Z -0.6791  0.1735  0.7132

PART 53
OFFSET  10.9922 -3.2167 -8.0835
X -0.1194 -0.9682 -0.2199
Y  0.5861 -0.2475  0.7715
Z -0.8014 -0.0368  0.5970

PART 54
OFFSET  11.3096 -1.6643 -7.7493
X -0.6116 -0.4845 -0.6255
Y  0.2777 -0.8717  0.4037
Z -0.7409  0.0732  0.6677

PART 55
OFFSET  12.0001 -1.1289 -7.1102
X  0.0817 -0.5843 -0.8074
Y  0.8328  0.4851 -0.2668
Z  0.5475 -0.6506  0.5262

PART 56
OFFSET  12.7977 -5.1473 -5.5023
X -0.3919 -0.8763 -0.2802
Y -0.5778 -0.0025  0.8162
Z -0.7159  0.4818 -0.5053

PART 57
OFFSET  13.6450 -3.1079 -5.0465
X -0.2777 -0.5431  0.7924
Y  0.3354  0.7182  0.6097
Z -0.9002  0.4351 -0.0173

PART 58
OFFSET  14.0380 -2.3390 -6.1684
X  0.2503  0.5765  0.7778
Y  0.2985  0.7183 -0.6284
Z -0.9210  0.3895  0.0078

PART 59
OFFSET  13.8161 -2.8501 -6.8580
X  0.3871  0.8443  0.3705
Y  0.1946  0.3180 -0.9279
Z -0.9013  0.4313 -0.0412

PART 60
OFFSET  13.4483 -3.6522 -7.2100
X -0.2879 -0.9078  0.3050
Y -0.2161 -0.2487 -0.9442
Z  0.9330 -0.3378 -0.1246

PART 61
OFFSET  12.1949 -4.8661 -5.7613
X -0.1578 -0.9059 -0.3931
Y -0.6867 -0.1854  0.7029
Z -0.7096  0.3809 -0.5928

PART 62
OFFSET  12.6948 -2.5757 -4.6376
X -0.3572 -0.5682  0.7414
Y  0.1932  0.7316  0.6538
Z -0.9138  0.3767 -0.1516

PART 63
OFFSET  13.3028 -1.6084 -5.8997
X  0.1190  0.5830  0.8037
Y  0.4347  0.6971 -0.5701
Z -0.8927  0.4172 -0.1705

PART 64
OFFSET  13.1379 -2.4164 -7.0136
X  0.3548  0.9010  0.2498
Y  0.3692  0.1105 -0.9228
Z -0.8590  0.4196 -0.2934

PART 65
OFFSET  12.7532 -3.3936 -7.2845
X -0.5438 -0.7807  0.3080
Y  0.1357 -0.4440 -0.8857
Z  0.8282 -0.4398  0.3474

PART 66
OFFSET  11.2963 -9.7010 -8.0138
X -0.2519 -0.9294 -0.2698
Y  0.6913  0.0223 -0.7223
Z  0.6773 -0.3684  0.6368

PART 67
OFFSET  10.8154 -2.1546 -5.2219
X -0.3693 -0.7036  0.6071
Y -0.2311  0.7023  0.6734
Z -0.9001  0.1084 -0.4220

PART 68
OFFSET  11.4656 -0.9158 -6.2908
X -0.2805  0.7050  0.6514
Y  0.3725  0.7054 -0.6030
Z -0.8846  0.0735 -0.4605

PART 69
OFFSET  11.7529 -1.7684 -7.1106
X  0.0609  0.9805  0.1870
Y  0.4433  0.1413 -0.8852
Z -0.8943  0.1368 -0.4260

PART 70
OFFSET  11.6841 -2.8758 -7.3219
X -0.6715 -0.4083  0.6183
Y  0.1947 -0.9024 -0.3844
Z  0.7149 -0.1378  0.6855

PART 71
OFFSET  11.7464 -2.3936 -4.6773
X -0.3611 -0.6592  0.6596
Y -0.1072  0.7320  0.6728
Z -0.9264  0.1722 -0.3350

PART 72
OFFSET  12.4517 -1.1059 -5.9659
X -0.0919  0.6536  0.7513
Y  0.4598  0.6970 -0.5502
Z -0.8833  0.2949 -0.3646

PART 73
OFFSET  12.5860 -2.0605 -7.0632
X  0.2325  0.9679  0.0952
Y  0.4726 -0.0269 -0.8809
Z -0.8500  0.2498 -0.4637

PART 74
OFFSET  12.3290 -3.1585 -7.1683
X -0.4258 -0.7410  0.5193
Y  0.1481 -0.6232 -0.7679
Z  0.8926 -0.2501  0.3751

PART 75
OFFSET  0.0000 -0.0000 -0.0000
X  1.0000 -0.0000  0.0000
Y  0.0000  1.0000  0.0000
Z  0.0000 -0.0000  1.0000

PART 76
OFFSET  0.0000 -0.0000 -0.0000
X  0.9997 -0.0000  0.0262
Y -0.0003  0.9999  0.0122
Z -0.0262 -0.0122  0.9996

PART 77
OFFSET  1.4317 -0.0505  4.1743
X  0.9997 -0.0000  0.0262
Y -0.0003  0.9999  0.0122
Z -0.0262 -0.0122  0.9996


FRAME 1328
PART 0
OFFSET  0.0000 -0.0000 -0.0000
X  1.0000 -0.0000  0.0000
Y  0.0000  1.0000  0.0000
Z  0.0000 -0.0000  1.0000

PART 1
OFFSET -4.6318 -0.0000 -1.3770
X  1.0000 -0.0000  0.0000
Y  0.0000  1.0000  0.0000
Z  0.0000 -0.0000  1.0000

PART 2
OFFSET -1.2621  8.3199 -3.1869
X  0.7058  0.5497 -0.4469
Y  0.0915 -0.6963 -0.7119
Z -0.7025  0.4615 -0.5418

PART 3
OFFSET  7.2737  14.9675 -8.5918
X  0.5556 -0.8160  0.1594
Y -0.7831 -0.4492  0.4301
Z -0.2793 -0.3638 -0.8886

PART 4
OFFSET  11.9997  8.0271 -7.2358
X  0.5556 -0.8160  0.1594
Y -0.6338 -0.5398 -0.5541
Z  0.5382  0.2068 -0.8171

PART 5
OFFSET  13.8534  7.6880 -6.6704
X  0.5611 -0.8123  0.1593
Y  0.2890  0.3725  0.8819
Z -0.7757 -0.4488  0.4438

PART 6
OFFSET  13.3425  7.4979 -8.2631
X  0.5611 -0.8123  0.1593
Y  0.2890  0.3725  0.8819
Z -0.7757 -0.4488  0.4438

PART 7
OFFSET  12.1257  6.0787 -5.5928
X  0.5611 -0.8123  0.1593
Y  0.2890  0.3725  0.8819
Z -0.7757 -0.4488  0.4438

PART 8
OFFSET  11.4125  5.4959 -6.7090
X  0.5611 -0.8123  0.1593
Y  0.2890  0.3725  0.8819
Z -0.7757 -0.4488  0.4438

PART 9
OFFSET  11.3403  5.5423 -8.6034
X  0.5611 -0.8123  0.1593
Y  0.2890  0.3725  0.8819
Z -0.7757 -0.4488  0.4438

PART 10
OFFSET  13.7032  5.5255 -6.7470
X  0.4591 -0.7888  0.4087
Y -0.6160 -0.6141 -0.4934
Z  0.6401 -0.0252 -0.7678

PART 11
OFFSET  13.5780  4.5677 -7.3546
X  0.2954 -0.9420 -0.1595
Y -0.8108 -0.1589 -0.5633
Z  0.5053  0.2957 -0.8107

PART 12
OFFSET  14.1628  2.5356 -7.8001
X  0.5514 -0.7535  0.3579
Y -0.4293 -0.6242 -0.6528
Z  0.7153  0.2063 -0.6677

PART 13
OFFSET  15.1587  1.3795 -7.2582
X  0.7926 -0.1883  0.5799
Y  0.0113 -0.9464 -0.3228
Z  0.6096  0.2624 -0.7480

PART 14
OFFSET  16.0439  1.1718 -6.6708
X  0.1958 -0.5026  0.8420
Y -0.9242  0.1926  0.3299
Z -0.3280 -0.8428 -0.4268

PART 15
OFFSET  14.8806  5.5105 -6.0281
X  0.7508 -0.3913  0.5322
Y  0.5922  0.0418 -0.8047
Z  0.2926  0.9193  0.2631

PART 16
OFFSET  16.5975  4.5026 -4.9694
X  0.6491 -0.7072 -0.2802
Y -0.2497  0.1498 -0.9567
Z  0.7186  0.6909 -0.0793

PART 17
OFFSET  17.5165  3.5014 -5.3661
X -0.0958  0.0044 -0.9954
Y -0.6473  0.7594  0.0656
Z  0.7562  0.6506 -0.0699

PART 18
OFFSET  17.4316  3.5052 -6.2486
X -0.6540  0.6321 -0.4156
Y -0.2551  0.3329  0.9078
Z  0.7122  0.6997 -0.0564

PART 19
OFFSET  16.8103  4.1058 -6.6434
X  0.5574 -0.7936 -0.2438
Y  0.3182 -0.0670  0.9456
Z -0.7669 -0.6047  0.2152

PART 20
OFFSET  14.4828  4.9324 -6.1589
X  0.6299 -0.5622  0.5358
Y  0.6570  0.0179 -0.7537
Z  0.4142  0.8268  0.3807

PART 21
OFFSET  16.1053  3.5224 -4.6968
X  0.6471 -0.4608 -0.6074
Y -0.4245  0.4440 -0.7891
Z  0.6333  0.7684  0.0917

PART 22
OFFSET  17.2070  2.7379 -5.7309
X -0.3507  0.3967 -0.8483
Y -0.6706  0.5259  0.5232
Z  0.6537  0.7523  0.0816

PART 23
OFFSET  16.7210  3.2877 -6.9066
X -0.7444  0.6243  0.2368
Y  0.1234 -0.2199  0.9677
Z  0.6562  0.7496  0.0867

PART 24
OFFSET  15.9136  3.9648 -6.6498
X  0.5717 -0.3490 -0.7425
Y  0.4995 -0.5700  0.6524
Z -0.6509 -0.7439 -0.1516

PART 25
OFFSET  14.4834  2.1052 -6.6822
X  0.7291 -0.6305  0.2664
Y -0.5027 -0.2291  0.8336
Z -0.4645 -0.7417 -0.4839

PART 26
OFFSET  14.7895  1.9981 -5.2414
X  0.7455 -0.3241 -0.5824
Y -0.3527  0.5497 -0.7573
Z  0.5656  0.7699  0.2955

PART 27
OFFSET  16.1020  1.4275 -6.2669
X -0.1699  0.5380 -0.8257
Y -0.7698  0.4507  0.4521
Z  0.6153  0.7124  0.3375

PART 28
OFFSET  15.8580  2.0382 -7.2912
X -0.8074  0.5751  0.1315
Y -0.0662 -0.3097  0.9485
Z  0.5862  0.7572  0.2882

PART 29
OFFSET  14.9460  2.6878 -7.1427
X  0.4875  0.3054 -0.8180
Y  0.6647 -0.7373  0.1209
Z -0.5662 -0.6026 -0.5624

PART 30
OFFSET  15.5236  2.7439 -4.8875
X  0.6601 -0.4042 -0.6332
Y -0.3572  0.5726 -0.7379
Z  0.6608  0.7133  0.2335

PART 31
OFFSET  16.8131  1.9542 -6.1245
X -0.3541  0.5571 -0.7512
Y -0.6924  0.3838  0.6110
Z  0.6286  0.7365  0.2498

PART 32
OFFSET  16.2958  2.7679 -7.2217
X -0.7986  0.5378  0.2703
Y  0.0381 -0.4030  0.9144
Z  0.6007  0.7405  0.3014

PART 33
OFFSET  15.3956  3.3825 -6.9140
X  0.5496 -0.2023 -0.8106
Y  0.5865 -0.5976  0.5468
Z -0.5950 -0.7759 -0.2098

PART 34
OFFSET  16.2553  3.6794 -6.5433
X  0.4128  0.8542  0.3161
Y -0.6401  0.0252  0.7678
Z  0.6479 -0.5193  0.5572

PART 35
OFFSET  12.4288 -3.6622 -7.4758
X  0.8288 -0.5410  0.1428
Y -0.3314 -0.2689  0.9044
Z -0.4509 -0.7968 -0.4022

PART 36
OFFSET  12.4288 -3.6622 -7.4758
X  0.8288 -0.5410  0.1428
Y -0.3314 -0.2689  0.9044
Z -0.4509 -0.7968 -0.4022

PART 37
OFFSET  15.7431 -5.8259 -6.9048
X  0.8288 -0.5410  0.1428
Y -0.3314 -0.2689  0.9044
Z -0.4509 -0.7968 -0.4022

PART 38
OFFSET  13.9373 -6.9224 -7.8925
X  0.8288 -0.5410  0.1428
Y -0.3314 -0.2689  0.9044
Z -0.4509 -0.7968 -0.4022

PART 39
OFFSET  15.6220 -4.6718 -6.6060
X  0.8288 -0.5410  0.1428
Y -0.3314 -0.2689  0.9044
Z -0.4509 -0.7968 -0.4022

PART 40
OFFSET  15.6532 -4.5641 -6.5392
X  0.8288 -0.5410  0.1428
Y -0.3314 -0.2689  0.9044
Z -0.4509 -0.7968 -0.4022

PART 41
OFFSET  16.0492  3.2510 -6.2201
X  0.7711  0.6168  0.1582
Y  0.1569  0.0569 -0.9860
Z -0.6171  0.7851 -0.0529

PART 42
OFFSET  16.0492  3.2510 -6.2201
X  0.7711  0.6168  0.1582
Y  0.1569  0.0569 -0.9860
Z -0.6171  0.7851 -0.0529

PART 43
OFFSET  22.0485  6.9394 -5.0514
X  0.6171 -0.7851  0.0529
Y  0.1569  0.0569 -0.9860
Z  0.7711  0.6168  0.1582

PART 44
OFFSET  15.7432 -5.8259 -6.9048
X  0.8288 -0.5410  0.1428
Y -0.3314 -0.2689  0.9044
Z -0.4509 -0.7968 -0.4022

PART 45
OFFSET -0.3501 -11.0409 -2.8236
X -0.7375  0.5432  0.4013
Y  0.0745 -0.5251  0.8478
Z  0.6712  0.6552  0.3468

PART 46
OFFSET  8.5695 -17.6097 -7.6767
X -0.2759 -0.9612 -0.0013
Y  0.8711 -0.2495 -0.4230
Z  0.4063 -0.1178  0.9061

PART 47
OFFSET  10.9162 -9.4345 -7.6658
X -0.2759 -0.9612 -0.0013
Y  0.6606 -0.1906  0.7261
Z -0.6982  0.1995  0.6876

PART 48
OFFSET  9.7493 -7.5984 -9.0921
X -0.2822 -0.9594 -0.0012
Y -0.4179  0.1241 -0.9000
Z  0.8635 -0.2535 -0.4360

PART 49
OFFSET  9.3453 -7.0853 -7.5813
X -0.2822 -0.9594 -0.0012
Y -0.4179  0.1241 -0.9000
Z  0.8635 -0.2535 -0.4360

PART 50
OFFSET  10.4737 -7.3099 -6.3234
X -0.2822 -0.9594 -0.0012
Y -0.4179  0.1241 -0.9000
Z  0.8635 -0.2535 -0.4360

PART 51
OFFSET  11.7620 -6.4877 -7.6619
X  0.0185 -0.9004 -0.4346
Y  0.6975 -0.2998  0.6508
Z -0.7163 -0.3152  0.6225

PART 52
OFFSET  11.3746 -5.6640 -8.3500
X  0.1144 -0.9363  0.3321
Y  0.7157  0.3096  0.6261
Z -0.6890  0.1661  0.7055

PART 53
OFFSET  11.0946 -3.6837 -9.1685
X -0.1897 -0.9311 -0.3117
Y  0.5345 -0.3642  0.7627
Z -0.8236 -0.0219  0.5667

PART 54
OFFSET  11.5250 -2.1999 -8.6833
X -0.6251 -0.3731 -0.6856
Y  0.1902 -0.9247  0.3298
Z -0.7570  0.0758  0.6490

PART 55
OFFSET  12.2324 -1.7842 -7.9773
X  0.0640 -0.5147 -0.8550
Y  0.8791  0.4346 -0.1958
Z  0.4724 -0.7391  0.4803

PART 56
OFFSET  12.6380 -5.9831 -6.7230
X -0.4514 -0.8114 -0.3714
Y -0.6064 -0.0264  0.7947
Z -0.6546  0.5839 -0.4801

PART 57
OFFSET  13.6312 -4.0718 -6.0560
X -0.3507 -0.5862  0.7303
Y  0.3698  0.6298  0.6831
Z -0.8604  0.5096 -0.0042

PART 58
OFFSET  14.1277 -3.2419 -7.0900
X  0.2671  0.4814  0.8348
Y  0.3796  0.7437 -0.5503
Z -0.8857  0.4639  0.0159

PART 59
OFFSET  13.8909 -3.6688 -7.8302
X  0.4406  0.7720  0.4582
Y  0.2547  0.3819 -0.8884
Z -0.8608  0.5081 -0.0283

PART 60
OFFSET  13.4723 -4.4022 -8.2655
X -0.3724 -0.9037  0.2113
Y -0.2000 -0.1442 -0.9691
Z  0.9063 -0.4032 -0.1271

PART 61
OFFSET  12.0703 -5.6299 -6.9730
X -0.2164 -0.8505 -0.4794
Y -0.7255 -0.1885  0.6619
Z -0.6533  0.4911 -0.5763

PART 62
OFFSET  12.7130 -3.4996 -5.6286
X -0.4300 -0.5998  0.6748
Y  0.2276  0.6513  0.7239
Z -0.8737  0.4648 -0.1436

PART 63
OFFSET  13.4451 -2.4785 -6.7775
X  0.1359  0.4968  0.8572
Y  0.5114  0.7059 -0.4901
Z -0.8485  0.5050 -0.1581

PART 64
OFFSET  13.2567 -3.1670 -7.9655
X  0.4175  0.8417  0.3423
Y  0.4114  0.1608 -0.8972
Z -0.8102  0.5154 -0.2792

PART 65
OFFSET  12.8039 -4.0799 -8.3367
X -0.6170 -0.7561  0.2183
Y  0.1322 -0.3730 -0.9184
Z  0.7758 -0.5377  0.3301

PART 66
OFFSET  10.8651 -10.1507 -9.6873
X -0.3167 -0.8769 -0.3617
Y  0.7175  0.0280 -0.6960
Z  0.6205 -0.4799  0.6203

PART 67
OFFSET  10.8976 -2.8702 -6.2279
X -0.4481 -0.7212  0.5283
Y -0.1981  0.6564  0.7279
Z -0.8717  0.2215 -0.4370

PART 68
OFFSET  11.6866 -1.6005 -7.1581
X -0.2463  0.6653  0.7048
Y  0.4513  0.7223 -0.5240
Z -0.8577  0.1891 -0.4781

PART 69
OFFSET  11.9339 -2.3978 -8.0440
X  0.1337  0.9511  0.2783
Y  0.4863  0.1817 -0.8547
Z -0.8635  0.2496 -0.4383

PART 70
OFFSET  11.7829 -3.4721 -8.3583
X -0.7254 -0.4035  0.5576
Y  0.1346 -0.8777 -0.4599
Z  0.6750 -0.2586  0.6910

PART 71
OFFSET  11.7848 -3.2350 -5.6799
X -0.4383 -0.6824  0.5850
Y -0.0723  0.6754  0.7339
Z -0.8959  0.2794 -0.3454

PART 72
OFFSET  12.6410 -1.9018 -6.8226
X -0.0664  0.5893  0.8052
Y  0.5356  0.7019 -0.4696
Z -0.8419  0.4001 -0.3622

PART 73
OFFSET  12.7380 -2.7625 -7.9987
X  0.3070  0.9324  0.1909
Y  0.5016  0.0119 -0.8650
Z -0.8088  0.3613 -0.4641

PART 74
OFFSET  12.3963 -3.8211 -8.2121
X -0.5041 -0.7456  0.4358
Y  0.1254 -0.5625 -0.8172
Z  0.8545 -0.3573  0.3771

PART 75
OFFSET  0.0000 -0.0000 -0.0000
X  1.0000 -0.0000  0.0000
Y  0.0000  1.0000  0.0000
Z  0.0000 -0.0000  1.0000

PART 76
OFFSET -0.0000 -0.0000 -0.0000
X  0.9999  0.0000 -0.0123
Y  0.0008  0.9977  0.0672
Z  0.0122 -0.0673  0.9977

PART 77
OFFSET  1.5910 -0.2781  4.1072
X  0.9999  0.0000 -0.0123
Y  0.0008  0.9977  0.0672
Z  0.0122 -0.0673  0.9977


FRAME 1329
PART 0
OFFSET  0.0000 -0.0000 -0.0000
X  1.0000 -0.0000  0.0000
Y  0.0000  1.0000  0.0000
Z  0.0000 -0.0000  1.0000

PART 1
OFFSET -4.6318 -0.0000 -1.3770
X  1.0000 -0.0000  0.0000
Y  0.0000  1.0000  0.0000
Z  0.0000 -0.0000  1.0000

PART 2
OFFSET -2.1977  8.2535 -3.1869
X  0.6968  0.5368 -0.4757
Y  0.0676 -0.7094 -0.7015
Z -0.7140  0.4567 -0.5306

PART 3
OFFSET  6.2297  14.7455 -8.9397
X  0.6167 -0.7780  0.1203
Y -0.7254 -0.5022  0.4707
Z -0.3058 -0.3775 -0.8740

PART 4
OFFSET  11.4749  8.1286 -7.9167
X  0.6167 -0.7780  0.1203
Y -0.6083 -0.5679 -0.5545
Z  0.4997  0.2688 -0.8235

PART 5
OFFSET  13.3767  7.9109 -7.4620
X  0.6218 -0.7739  0.1199
Y  0.3144  0.3869  0.8668
