// Export filename: `C:\projects\cod\t5\xanim_export\t5_viewmodels\ballistic_knife\b_knife_pullout_empty.XANIM_EXPORT`
// Source filename: `D:\projects\devanim\t5\animation_assets\viewmodels/ballistic_knife/ViewModel_ballistic_knife_animated.fbx`
// Export time: Fri Feb 26 20:36:25 2010

ANIMATION
VERSION 3

NUMPARTS 77
PART 0 "tag_ads"
PART 1 "tag_torso"
PART 2 "J_Shoulder_LE"
PART 3 "J_Elbow_LE"
PART 4 "J_WristTwist_LE"
PART 5 "J_Sleave_Reshape_Bottom_LE_1"
PART 6 "J_Sleave_Reshape_Bottom_LE_2"
PART 7 "J_Sleave_Reshape_Top_LE_1"
PART 8 "J_Sleave_Reshape_Top_LE_2"
PART 9 "J_Sleave_Reshape_Top_LE_3"
PART 10 "J_Wrist_LE"
PART 11 "J_Thumb_LE_0"
PART 12 "J_Thumb_LE_1"
PART 13 "J_Thumb_LE_2"
PART 14 "J_Thumb_LE_3"
PART 15 "J_PinkyPalm_LE"
PART 16 "J_Pinky_LE_0"
PART 17 "J_Pinky_LE_1"
PART 18 "J_Pinky_LE_2"
PART 19 "J_Pinky_LE_3"
PART 20 "J_RingPalm_LE"
PART 21 "J_Ring_LE_0"
PART 22 "J_Ring_LE_1"
PART 23 "J_Ring_LE_2"
PART 24 "J_Ring_LE_3"
PART 25 "J_Webbing_LE"
PART 26 "J_Index_LE_0"
PART 27 "J_Index_LE_1"
PART 28 "J_Index_LE_2"
PART 29 "J_Index_LE_3"
PART 30 "J_Mid_LE_0"
PART 31 "J_Mid_LE_1"
PART 32 "J_Mid_LE_2"
PART 33 "J_Mid_LE_3"
PART 34 "tag_knife_attach"
PART 35 "tag_weapon"
PART 36 "J_Gun"
PART 37 "tag_blade"
PART 38 "TAG_BOLT"
PART 39 "tag_pin"
PART 40 "tag_ring"
PART 41 "tag_origin"
PART 42 "origin_animate_jnt"
PART 43 "TAG_KNIFE_FX"
PART 44 "J_Shoulder_RI"
PART 45 "J_Elbow_RI"
PART 46 "J_WristTwist_RI"
PART 47 "J_Sleave_Reshape_Top_RI_3"
PART 48 "J_Sleave_Reshape_Top_RI_2"
PART 49 "J_Sleave_Reshape_Top_RI_1"
PART 50 "J_Wrist_RI"
PART 51 "J_Thumb_RI_0"
PART 52 "J_Thumb_RI_1"
PART 53 "J_Thumb_RI_2"
PART 54 "J_Thumb_RI_3"
PART 55 "J_PinkyPalm_RI"
PART 56 "J_Pinky_RI_0"
PART 57 "J_Pinky_RI_1"
PART 58 "J_Pinky_RI_2"
PART 59 "J_Pinky_RI_3"
PART 60 "J_RingPalm_RI"
PART 61 "J_Ring_RI_0"
PART 62 "J_Ring_RI_1"
PART 63 "J_Ring_RI_2"
PART 64 "J_Ring_RI_3"
PART 65 "J_Webbing_RI"
PART 66 "J_Index_RI_0"
PART 67 "J_Index_RI_1"
PART 68 "J_Index_RI_2"
PART 69 "J_Index_RI_3"
PART 70 "J_Mid_RI_0"
PART 71 "J_Mid_RI_1"
PART 72 "J_Mid_RI_2"
PART 73 "J_Mid_RI_3"
PART 74 "tag_cambone"
PART 75 "tag_camera"
PART 76 "tag_gasmask"

FRAMERATE 30
NUMFRAMES 27

FRAME 760
PART 0
OFFSET -4.6318 -0.0000 -1.3770
X  1.0000 -0.0000  0.0000
Y  0.0000  1.0000  0.0000
Z  0.0000 -0.0000  1.0000

PART 1
OFFSET -4.6318 -0.0000 -1.3770
X  1.0000 -0.0000  0.0000
Y  0.0000  1.0000  0.0000
Z  0.0000 -0.0000  1.0000

PART 2
OFFSET -6.2831  7.9373 -3.1869
X  0.6551  0.5142 -0.5535
Y  0.0055 -0.7358 -0.6771
Z -0.7555  0.4406 -0.4849

PART 3
OFFSET  1.6402  14.1565 -9.8806
X  0.8491 -0.5099 -0.1382
Y -0.3667 -0.7571  0.5408
Z -0.3804 -0.4085 -0.8297

PART 4
OFFSET  8.8617  9.8194 -11.0559
X  0.8491 -0.5099 -0.1382
Y -0.0846 -0.3894  0.9172
Z -0.5215 -0.7671 -0.3737

PART 5
OFFSET  10.7760  10.2729 -11.0759
X  0.8523 -0.5043 -0.1391
Y  0.3832  0.4208  0.8223
Z -0.3561 -0.7541  0.5518

PART 6
OFFSET  9.9054  9.9545 -12.4809
X  0.8523 -0.5043 -0.1391
Y  0.3832  0.4208  0.8223
Z -0.3561 -0.7541  0.5518

PART 7
OFFSET  10.2486  8.0377 -9.8669
X  0.8523 -0.5043 -0.1391
Y  0.3832  0.4208  0.8223
Z -0.3561 -0.7541  0.5518

PART 8
OFFSET  9.5065  7.2573 -10.8335
X  0.8523 -0.5043 -0.1391
Y  0.3832  0.4208  0.8223
Z -0.3561 -0.7541  0.5518

PART 9
OFFSET  8.8279  7.3519 -12.6018
X  0.8523 -0.5043 -0.1391
Y  0.3832  0.4208  0.8223
Z -0.3561 -0.7541  0.5518

PART 10
OFFSET  11.4646  8.2561 -11.4795
X  0.6022 -0.7966 -0.0525
Y -0.2115 -0.2226  0.9517
Z -0.7699 -0.5620 -0.3025

PART 11
OFFSET  11.2153  7.4522 -10.7089
X  0.1312 -0.9423  0.3080
Y -0.4088  0.2316  0.8827
Z -0.9031 -0.2417 -0.3549

PART 12
OFFSET  11.4074  5.4285 -9.9758
X  0.5349 -0.8345 -0.1325
Y -0.3744 -0.3747  0.8482
Z -0.7574 -0.4041 -0.5128

PART 13
OFFSET  12.2084  4.0585 -10.2977
X  0.5391 -0.4880 -0.6865
Y  0.0033 -0.8138  0.5811
Z -0.8422 -0.3156 -0.4371

PART 14
OFFSET  12.7529  3.5025 -11.0502
X  0.9397 -0.3252 -0.1062
Y  0.3274  0.7650  0.5546
Z -0.0991 -0.5559  0.8253

PART 15
OFFSET  12.0450  7.7067 -12.6041
X  0.5639 -0.6318 -0.5319
Y -0.8223 -0.4895 -0.2903
Z -0.0769  0.6010 -0.7955

PART 16
OFFSET  13.2224  6.1396 -13.7188
X -0.0894 -0.9935 -0.0707
Y -0.9280  0.0573  0.3680
Z -0.3616  0.0985 -0.9271

PART 17
OFFSET  13.0958  4.7330 -13.8190
X -0.9304 -0.1550  0.3322
Y -0.1298  0.9868  0.0968
Z -0.3428  0.0470 -0.9382

PART 18
OFFSET  12.2709  4.5956 -13.5244
X -0.5409  0.7877  0.2949
Y  0.7683  0.6054 -0.2080
Z -0.3423  0.1141 -0.9326

PART 19
OFFSET  11.7571  5.3439 -13.2442
X -0.0191 -0.9990  0.0399
Y  0.8848 -0.0354 -0.4646
Z  0.4656  0.0264  0.8846

PART 20
OFFSET  12.1444  7.4621 -11.9409
X  0.6334 -0.6932 -0.3441
Y -0.7720 -0.5352 -0.3428
Z  0.0535  0.4828 -0.8741

PART 21
OFFSET  13.8406  5.7242 -12.8688
X -0.4775 -0.8709 -0.1164
Y -0.8510  0.4255  0.3077
Z -0.2185  0.2460 -0.9443

PART 22
OFFSET  13.0276  4.2415 -13.0670
X -0.8977  0.3324  0.2890
Y  0.3790  0.9173  0.1222
Z -0.2245  0.2193 -0.9495

PART 23
OFFSET  11.7834  4.7022 -12.6664
X  0.0837  0.9756  0.2030
Y  0.9721 -0.0352 -0.2318
Z -0.2190  0.2168 -0.9513

PART 24
OFFSET  11.8742  5.7603 -12.4462
X -0.6347 -0.7685 -0.0807
Y  0.7569 -0.5973 -0.2652
Z  0.1556 -0.2294  0.9608

PART 25
OFFSET  12.5725  5.1457 -10.2923
X  0.3934 -0.8628 -0.3176
Y  0.9027  0.2971  0.3111
Z -0.1741 -0.4091  0.8957

PART 26
OFFSET  13.9376  5.1929 -10.8538
X -0.5070 -0.8168 -0.2752
Y -0.8617  0.4725  0.1851
Z -0.0212  0.3310 -0.9434

PART 27
OFFSET  13.0449  3.7548 -11.3383
X -0.9380  0.3410  0.0622
Y  0.3451  0.9016  0.2606
Z  0.0328  0.2659 -0.9634

PART 28
OFFSET  11.9026  4.1532 -11.2041
X  0.0060  0.9516  0.3072
Y  0.9997  0.0022 -0.0263
Z -0.0258  0.3073 -0.9513

PART 29
OFFSET  11.9094  5.2281 -10.8570
X -0.9116 -0.2254 -0.3438
Y  0.2967 -0.9395 -0.1709
Z -0.2845 -0.2579  0.9234

PART 30
OFFSET  13.9647  5.4185 -11.9349
X -0.5214 -0.8400 -0.1504
Y -0.8505  0.4972  0.1716
Z -0.0693  0.2174 -0.9736

PART 31
OFFSET  12.9462  3.7776 -12.2288
X -0.8582  0.4804  0.1808
Y  0.5099  0.8383  0.1931
Z -0.0588  0.2580 -0.9644

PART 32
OFFSET  11.6927  4.4793 -11.9647
X  0.1481  0.9473  0.2842
Y  0.9889 -0.1392 -0.0514
Z -0.0092  0.2887 -0.9574

PART 33
OFFSET  11.8597  5.5543 -11.6496
X -0.7446 -0.6559 -0.1239
Y  0.6590 -0.6927 -0.2931
Z  0.1064 -0.2999  0.9480

PART 34
OFFSET  12.0380  5.3598 -12.5956
X -0.0161  0.4910 -0.8710
Y  0.7699  0.5620  0.3025
Z  0.6380 -0.6657 -0.3870

PART 35
OFFSET  9.7609 -6.4238 -16.6402
X -0.2139 -0.1189 -0.9696
Y  0.9746 -0.0941 -0.2034
Z -0.0671 -0.9884  0.1360

PART 36
OFFSET  9.7609 -6.4238 -16.6402
X -0.2139 -0.1189 -0.9696
Y  0.9746 -0.0941 -0.2034
Z -0.0671 -0.9884  0.1360

PART 37
OFFSET -301.6667 -35.5011  126.0266
X -0.2139 -0.1189 -0.9696
Y  0.9746 -0.0941 -0.2034
Z -0.0671 -0.9884  0.1360

PART 38
OFFSET  8.9891 -8.8361 -19.2214
X -0.2139 -0.1189 -0.9696
Y  0.9746 -0.0941 -0.2034
Z -0.0671 -0.9884  0.1360

PART 39
OFFSET -8.2364 -7.3338 -22.7460
X -0.2139 -0.1189 -0.9696
Y  0.9746 -0.0941 -0.2034
Z -0.0671 -0.9884  0.1360

PART 40
OFFSET -8.2024 -7.2077 -22.7453
X -0.2139 -0.1189 -0.9696
Y  0.9746 -0.0941 -0.2034
Z -0.0671 -0.9884  0.1360

PART 41
OFFSET  14.2774 -6.8601 -17.5830
X -0.2139 -0.1189 -0.9696
Y  0.9746 -0.0941 -0.2034
Z -0.0671 -0.9884  0.1360

PART 42
OFFSET  12.4996  5.2170 -12.2842
X -0.1183  0.0611 -0.9911
Y -0.9604 -0.2607  0.0985
Z -0.2524  0.9635  0.0895

PART 43
OFFSET  11.8821  4.8136 -19.3848
X  0.2524 -0.9635 -0.0895
Y -0.9604 -0.2607  0.0985
Z -0.1183  0.0611 -0.9911

PART 44
OFFSET -6.0573 -7.9373 -2.8236
X -0.7776  0.3972  0.4875
Y  0.5067 -0.0632  0.8598
Z  0.3723  0.9156 -0.1521

PART 45
OFFSET  3.3467 -12.7404 -8.7190
X -0.5900 -0.3051  0.7475
Y  0.5103 -0.8584  0.0524
Z  0.6257  0.4124  0.6621

PART 46
OFFSET  8.3648 -10.1452 -15.0771
X -0.5900 -0.3051  0.7475
Y -0.2121 -0.8348 -0.5081
Z  0.7791 -0.4583  0.4278

PART 47
OFFSET  7.5297 -9.7752 -17.5129
X -0.5947 -0.3011  0.7454
Y -0.6313 -0.3991 -0.6649
Z  0.4977 -0.8660  0.0473

PART 48
OFFSET  7.9010 -8.2258 -17.1007
X -0.5947 -0.3011  0.7454
Y -0.6313 -0.3991 -0.6649
Z  0.4977 -0.8660  0.0473

PART 49
OFFSET  9.2337 -7.9614 -16.0708
X -0.5947 -0.3011  0.7454
Y -0.6313 -0.3991 -0.6649
Z  0.4977 -0.8660  0.0473

PART 50
OFFSET  10.1735 -9.2098 -17.3689
X -0.3065 -0.9113 -0.2749
Y  0.2713  0.1932 -0.9429
Z  0.9124 -0.3636  0.1880

PART 51
OFFSET  9.6749 -8.8370 -16.4125
X  0.3247 -0.6799 -0.6574
Y  0.1845  0.7273 -0.6611
Z  0.9276  0.0934  0.3616

PART 52
OFFSET  8.9041 -7.4475 -14.9480
X -0.0130 -0.9440 -0.3298
Y  0.4624  0.2868 -0.8390
Z  0.8866 -0.1634  0.4328

PART 53
OFFSET  8.8534 -5.8882 -14.5141
X -0.2230 -0.8703  0.4391
Y  0.3545 -0.4920 -0.7952
Z  0.9081 -0.0217  0.4183

PART 54
OFFSET  9.0470 -4.9377 -14.9945
X -0.6749 -0.7299 -0.1084
Y -0.6671  0.6663 -0.3333
Z  0.3155 -0.1526 -0.9366

PART 55
OFFSET  10.5390 -8.1583 -18.1839
X -0.0603 -0.9947  0.0832
Y  0.9875 -0.0473  0.1507
Z -0.1459  0.0913  0.9851

PART 56
OFFSET  10.5322 -5.9043 -18.2459
X  0.8738 -0.3337 -0.3538
Y  0.1897  0.9037 -0.3839
Z  0.4478  0.2684  0.8529

PART 57
OFFSET  9.2952 -5.4318 -17.7450
X  0.6182  0.5916 -0.5175
Y -0.6174  0.7730  0.1462
Z  0.4865  0.2291  0.8431

PART 58
OFFSET  8.7471 -5.9564 -17.2862
X -0.1398  0.9614 -0.2371
Y -0.8877 -0.0156  0.4601
Z  0.4386  0.2748  0.8556

PART 59
OFFSET  8.8799 -6.8698 -17.0610
X  0.6008 -0.7653 -0.2312
Y -0.5248 -0.5957  0.6080
Z -0.6031 -0.2439 -0.7595

PART 60
OFFSET  10.5535 -8.1371 -17.4706
X -0.2401 -0.9696 -0.0472
Y  0.9395 -0.2443  0.2402
Z -0.2445  0.0134  0.9696

PART 61
OFFSET  11.2337 -5.6280 -17.4869
X  0.8932 -0.3831 -0.2355
Y  0.2987  0.8969 -0.3262
Z  0.3362  0.2211  0.9155

PART 62
OFFSET  9.7131 -4.9757 -17.0860
X  0.7180  0.5720 -0.3966
Y -0.6270  0.7790 -0.0117
Z  0.3023  0.2570  0.9179

PART 63
OFFSET  8.7179 -5.7684 -16.5363
X -0.2439  0.9440 -0.2221
Y -0.9532 -0.1911  0.2342
Z  0.1786  0.2688  0.9465

PART 64
OFFSET  8.9824 -6.7923 -16.2954
X  0.7531 -0.6511  0.0947
Y -0.6480 -0.7090  0.2782
Z -0.1140 -0.2709 -0.9558

PART 65
OFFSET  9.1573 -13.3608 -17.6148
X -0.0872 -0.9959 -0.0240
Y -0.9507  0.0904 -0.2965
Z  0.2974 -0.0030 -0.9547

PART 66
OFFSET  11.5024 -5.9397 -15.5167
X  0.8155 -0.5492 -0.1824
Y  0.5591  0.8291  0.0033
Z  0.1494 -0.1047  0.9832

PART 67
OFFSET  10.0665 -4.9727 -15.1955
X  0.7950  0.6066 -0.0026
Y -0.5956  0.7813  0.1867
Z  0.1153 -0.1468  0.9824

PART 68
OFFSET  9.1070 -5.7191 -15.1327
X -0.1335  0.9849  0.1099
Y -0.9783 -0.1487  0.1442
Z  0.1584 -0.0883  0.9834

PART 69
OFFSET  9.2578 -6.8316 -15.2568
X  0.9711 -0.2113  0.1107
Y -0.1876 -0.9632 -0.1923
Z  0.1472  0.1659 -0.9751

PART 70
OFFSET  11.6003 -5.7621 -16.6027
X  0.8478 -0.4891 -0.2048
Y  0.4816  0.8719 -0.0886
Z  0.2219 -0.0235  0.9748

PART 71
OFFSET  9.9441 -4.8066 -16.2026
X  0.7789  0.6018 -0.1764
Y -0.6081  0.7935  0.0218
Z  0.1531  0.0903  0.9841

PART 72
OFFSET  8.8063 -5.6855 -15.9450
X -0.3081  0.9505 -0.0392
Y -0.9503 -0.3056  0.0603
Z  0.0454  0.0558  0.9974

PART 73
OFFSET  9.1544 -6.7627 -15.9077
X  0.8403 -0.5373 -0.0723
Y -0.5240 -0.8392  0.1455
Z -0.1388 -0.0844 -0.9867

PART 74
OFFSET  0.0000 -0.0000 -0.0000
X  1.0000 -0.0000  0.0000
Y  0.0000  1.0000  0.0000
Z  0.0000 -0.0000  1.0000

PART 75
OFFSET  0.0000 -0.0000 -0.0000
X  1.0000 -0.0000  0.0000
Y  0.0000  1.0000  0.0000
Z  0.0000 -0.0000  1.0000

PART 76
OFFSET  1.5404 -0.0000  4.1357
X  1.0000 -0.0000  0.0000
Y  0.0000  1.0000  0.0000
Z  0.0000 -0.0000  1.0000


FRAME 761
PART 0
OFFSET -4.6318 -0.0000 -1.3770
X  1.0000 -0.0000  0.0000
Y  0.0000  1.0000  0.0000
Z  0.0000 -0.0000  1.0000

PART 1
OFFSET -4.6318 -0.0000 -1.3770
X  1.0000 -0.0000  0.0000
Y  0.0000  1.0000  0.0000
Z  0.0000 -0.0000  1.0000

PART 2
OFFSET -6.2831  7.9373 -3.1869
X  0.6929  0.4862 -0.5324
Y -0.1100 -0.6585 -0.7445
Z -0.7126  0.5745 -0.4028

PART 3
OFFSET  2.0971  13.8178 -9.6253
X  0.8068 -0.5275 -0.2660
Y -0.3734 -0.8042  0.4623
Z -0.4578 -0.2737 -0.8459

PART 4
OFFSET  8.9593  9.3309 -11.8879
X  0.8068 -0.5275 -0.2660
Y -0.0175 -0.4714  0.8817
Z -0.5906 -0.7067 -0.3896

PART 5
OFFSET  10.8913  9.6888 -11.9892
X  0.8103 -0.5220 -0.2664
Y  0.4609  0.2867  0.8399
Z -0.3620 -0.8033  0.4729

PART 6
OFFSET  9.9121  9.6058 -13.3559
X  0.8103 -0.5220 -0.2664
Y  0.4609  0.2867  0.8399
Z -0.3620 -0.8033  0.4729

PART 7
OFFSET  10.3160  7.3394 -11.0483
X  0.8103 -0.5220 -0.2664
Y  0.4609  0.2867  0.8399
Z -0.3620 -0.8033  0.4729

PART 8
OFFSET  9.4670  6.7338 -12.0516
X  0.8103 -0.5220 -0.2664
Y  0.4609  0.2867  0.8399
Z -0.3620 -0.8033  0.4729

PART 9
OFFSET  8.6790  7.0992 -13.7374
X  0.8103 -0.5220 -0.2664
Y  0.4609  0.2867  0.8399
Z -0.3620 -0.8033  0.4729

PART 10
OFFSET  11.4328  7.7136 -12.7034
X  0.6032 -0.7960 -0.0507
Y -0.2128 -0.2218  0.9516
Z -0.7687 -0.5632 -0.3032

PART 11
OFFSET  11.1831  6.9102 -11.9324
X -0.0490 -0.9430  0.3291
Y -0.3097  0.3277  0.8926
Z -0.9496 -0.0581 -0.3081

PART 12
OFFSET  10.9935  4.9048 -11.1502
X  0.4256 -0.8340 -0.3511
Y -0.3314 -0.5047  0.7971
Z -0.8420 -0.2229 -0.4913

PART 13
OFFSET  11.6061  3.5635 -11.8196
X  0.4156 -0.3810 -0.8259
Y -0.0295 -0.9132  0.4064
Z -0.9091 -0.1445 -0.3908

PART 14
OFFSET  12.0134  3.1294 -12.7237
X  0.8846 -0.3766 -0.2749
Y  0.4594  0.6030  0.6522
Z -0.0798 -0.7032  0.7065

PART 15
OFFSET  12.0157  7.1637 -13.8265
X  0.6648 -0.5568 -0.4980
Y -0.7434 -0.5583 -0.3683
Z -0.0729  0.6151 -0.7851

PART 16
OFFSET  13.4289  5.7547 -14.8762
X -0.4981 -0.8669 -0.0183
Y -0.8244  0.4669  0.3198
Z -0.2687  0.1744 -0.9473

PART 17
OFFSET  12.7237  4.5274 -14.9021
X -0.8826 -0.4257  0.1996
Y -0.3826  0.8970  0.2214
Z -0.2732  0.1190 -0.9546

PART 18
OFFSET  11.9412  4.1499 -14.7252
X -0.5454  0.7751  0.3190
Y  0.7863  0.6049 -0.1254
Z -0.2902  0.1824 -0.9394

PART 19
OFFSET  11.4231  4.8863 -14.4221
X -0.0345 -0.9990 -0.0294
Y  0.9079 -0.0190 -0.4187
Z  0.4177 -0.0411  0.9077

PART 20
OFFSET  12.1143  6.9199 -13.1629
X  0.6348 -0.6928 -0.3423
Y -0.7708 -0.5365 -0.3436
Z  0.0544  0.4819 -0.8745

PART 21
OFFSET  13.9716  5.3309 -14.0484
X -0.6191 -0.7789 -0.1001
Y -0.7631  0.5665  0.3110
Z -0.1855  0.2689 -0.9451

PART 22
OFFSET  12.9176  4.0048 -14.2188
X -0.9583  0.1583  0.2379
Y  0.2082  0.9569  0.2022
Z -0.1956  0.2433 -0.9500

PART 23
OFFSET  11.5894  4.2242 -13.8892
X  0.2171  0.9555  0.1997
Y  0.9576 -0.1687 -0.2338
Z -0.1897  0.2419 -0.9516

PART 24
OFFSET  11.8248  5.2605 -13.6726
X -0.7342 -0.6746 -0.0769
Y  0.6673 -0.6961 -0.2649
Z  0.1252 -0.2457  0.9612

PART 25
OFFSET  12.5423  4.6058 -11.5112
X  0.3950 -0.8626 -0.3160
Y  0.9019  0.2985  0.3123
Z -0.1751 -0.4084  0.8959

PART 26
OFFSET  13.9083  4.6541 -12.0704
X -0.7604 -0.6003 -0.2479
Y -0.6446  0.7442  0.1751
Z  0.0793  0.2929 -0.9528

PART 27
OFFSET  12.5695  3.5971 -12.5068
X -0.7632  0.6437  0.0566
Y  0.6372  0.7351  0.2316
Z  0.1075  0.2128 -0.9712

PART 28
OFFSET  11.6352  4.3667 -12.3790
X  0.3365  0.8996  0.2784
Y  0.9393 -0.3416 -0.0314
Z  0.0668  0.2721 -0.9600

PART 29
OFFSET  12.0152  5.3829 -12.0645
X -0.9387  0.0920 -0.3323
Y -0.0459 -0.9885 -0.1440
Z -0.3417 -0.1199  0.9321

PART 30
OFFSET  13.9370  4.8786 -13.1517
X -0.7146 -0.6907 -0.1110
Y -0.6991  0.6995  0.1482
Z -0.0247  0.1835 -0.9827

PART 31
OFFSET  12.5409  3.5293 -13.3685
X -0.7106  0.6856  0.1582
Y  0.7036  0.6938  0.1537
Z -0.0044  0.2206 -0.9754

PART 32
OFFSET  11.5030  4.5307 -13.1374
X  0.5669  0.7925  0.2248
Y  0.8222 -0.5613 -0.0944
Z  0.0514  0.2383 -0.9698

PART 33
OFFSET  12.1449  5.4304 -12.8897
X -0.9631 -0.2644 -0.0501
Y  0.2674 -0.9193 -0.2886
Z  0.0303 -0.2914  0.9561

PART 34
OFFSET  12.0114  4.8168 -13.8156
X -0.0153  0.4900 -0.8716
Y  0.7687  0.5632  0.3032
Z  0.6395 -0.6653 -0.3853

PART 35
OFFSET  10.3279 -6.2747 -14.5865
X -0.2001 -0.0832 -0.9762
Y  0.9718 -0.1437 -0.1870
Z -0.1248 -0.9861  0.1097

PART 36
OFFSET  10.3279 -6.2747 -14.5865
X -0.2001 -0.0832 -0.9762
Y  0.9718 -0.1437 -0.1870
Z -0.1248 -0.9861  0.1097

PART 37
OFFSET -305.1122 -21.2661  121.2785
X -0.2001 -0.0832 -0.9762
Y  0.9718 -0.1437 -0.1870
Z -0.1248 -0.9861  0.1097

PART 38
OFFSET  9.4765 -8.5769 -17.2423
X -0.2001 -0.0832 -0.9762
Y  0.9718 -0.1437 -0.1870
Z -0.1248 -0.9861  0.1097

PART 39
OFFSET -7.4317 -6.0221 -21.0351
X -0.2001 -0.0832 -0.9762
Y  0.9718 -0.1437 -0.1870
Z -0.1248 -0.9861  0.1097

PART 40
OFFSET -7.3908 -5.8981 -21.0307
X -0.2001 -0.0832 -0.9762
Y  0.9718 -0.1437 -0.1870
Z -0.1248 -0.9861  0.1097

PART 41
OFFSET  14.8316 -6.9409 -15.4530
X -0.2001 -0.0832 -0.9762
Y  0.9718 -0.1437 -0.1870
Z -0.1248 -0.9861  0.1097

PART 42
OFFSET  12.3649  5.0234 -13.5319
X -0.1020  0.3390 -0.9353
Y -0.9718 -0.2349  0.0208
Z -0.2126  0.9110  0.3534

PART 43
OFFSET  11.8284  6.6344 -20.4658
X  0.2126 -0.9110 -0.3534
Y -0.9718 -0.2349  0.0208
Z -0.1020  0.3390 -0.9353

PART 44
OFFSET -6.0573 -7.9373 -2.8236
X -0.7649  0.4893  0.4189
Y  0.3772 -0.1870  0.9071
Z  0.5221  0.8518 -0.0415

PART 45
OFFSET  3.1937 -13.8546 -7.8898
X -0.6401 -0.4143  0.6471
Y  0.4914 -0.8681 -0.0697
Z  0.5906  0.2734  0.7592

PART 46
OFFSET  8.6376 -10.3311 -13.3935
X -0.6401 -0.4143  0.6471
Y -0.1852 -0.7342 -0.6532
Z  0.7457 -0.5379  0.3932

PART 47
OFFSET  7.9606 -9.5197 -15.7706
X -0.6446 -0.4098  0.6454
Y -0.5958 -0.2597 -0.7600
Z  0.4791 -0.8744 -0.0768

PART 48
OFFSET  8.3321 -8.0766 -15.0722
X -0.6446 -0.4098  0.6454
Y -0.5958 -0.2597 -0.7600
Z  0.4791 -0.8744 -0.0768

PART 49
OFFSET  9.6032 -8.0324 -13.9367
X -0.6446 -0.4098  0.6454
Y -0.5958 -0.2597 -0.7600
Z  0.4791 -0.8744 -0.0768

PART 50
OFFSET  10.5997 -9.0611 -15.3773
X -0.3510 -0.8858 -0.3037
Y  0.3010  0.2004 -0.9323
Z  0.8867 -0.4187  0.1963

PART 51
OFFSET  10.1031 -8.6841 -14.4216
X  0.2999 -0.6810 -0.6680
Y  0.2383  0.7316 -0.6388
Z  0.9237  0.0324  0.3817

PART 52
OFFSET  9.3807 -7.2893 -12.9375
X -0.0587 -0.9335 -0.3537
Y  0.4949  0.2805 -0.8224
Z  0.8670 -0.2233  0.4455

PART 53
OFFSET  9.4079 -5.7405 -12.4654
X -0.2801 -0.8668  0.4126
Y  0.3429 -0.4918 -0.8004
Z  0.8966 -0.0827  0.4350

PART 54
OFFSET  9.6640 -4.7911 -12.9179
X -0.7121 -0.6880 -0.1398
Y -0.6219  0.7105 -0.3291
Z  0.3258 -0.1474 -0.9339

PART 55
OFFSET  11.0400 -8.0124 -16.1583
X -0.1173 -0.9915  0.0569
Y  0.9800 -0.1063  0.1684
Z -0.1609  0.0755  0.9841

PART 56
OFFSET  11.1599 -5.7607 -16.1634
X  0.8610 -0.3736 -0.3452
Y  0.2475  0.9006 -0.3573
Z  0.4444  0.2221  0.8679

PART 57
OFFSET  9.9410 -5.2318 -15.6746
X  0.6607  0.5683 -0.4904
Y -0.5763  0.8027  0.1538
Z  0.4810  0.1810  0.8578

PART 58
OFFSET  9.3551 -5.7357 -15.2399
X -0.0812  0.9732 -0.2153
Y -0.8965  0.0231  0.4424
Z  0.4355  0.2290  0.8706

PART 59
OFFSET  9.4323 -6.6602 -15.0353
X  0.5619 -0.7920 -0.2389
Y -0.5696 -0.5798  0.5826
Z -0.5999 -0.1913 -0.7769

PART 60
OFFSET  11.0409 -8.0092 -15.4445
X -0.2927 -0.9532 -0.0763
Y  0.9193 -0.3024  0.2520
Z -0.2633  0.0037  0.9647

PART 61
OFFSET  11.8598 -5.5426 -15.3843
X  0.8752 -0.4268 -0.2279
Y  0.3548  0.8863 -0.2977
Z  0.3290  0.1797  0.9271

PART 62
OFFSET  10.3699 -4.8159 -14.9964
X  0.7568  0.5402 -0.3681
Y -0.5823  0.8130 -0.0040
Z  0.2971  0.2174  0.9298

PART 63
OFFSET  9.3211 -5.5646 -14.4862
X -0.1863  0.9613 -0.2028
Y -0.9670 -0.1429  0.2109
Z  0.1737  0.2354  0.9562

PART 64
OFFSET  9.5231 -6.6072 -14.2662
X  0.7136 -0.6944  0.0927
Y -0.6920 -0.6781  0.2477
Z -0.1091 -0.2409 -0.9644

PART 65
OFFSET  9.3595 -13.1414 -15.7476
X -0.1420 -0.9886 -0.0508
Y -0.9379  0.1507 -0.3124
Z  0.3165  0.0033 -0.9486

PART 66
OFFSET  12.0700 -5.9164 -13.4179
X  0.7873 -0.5895 -0.1805
Y  0.6042  0.7961  0.0351
Z  0.1230 -0.1367  0.9829

PART 67
OFFSET  10.6838 -4.8784 -13.1000
X  0.8274  0.5609  0.0280
Y -0.5549  0.8088  0.1948
Z  0.0866 -0.1768  0.9804

PART 68
OFFSET  9.6832 -5.5711 -13.0746
X -0.0807  0.9879  0.1322
Y -0.9878 -0.0970  0.1215
Z  0.1329 -0.1208  0.9837

PART 69
OFFSET  9.7744 -6.6870 -13.2238
X  0.9554 -0.2680  0.1240
Y -0.2369 -0.9463 -0.2201
Z  0.1763  0.1809 -0.9676

PART 70
OFFSET  12.2001 -5.7184 -14.4969
X  0.8233 -0.5309 -0.2007
Y  0.5311  0.8454 -0.0573
Z  0.2001 -0.0594  0.9780

PART 71
OFFSET  10.5917 -4.6814 -14.1048
X  0.8147  0.5612 -0.1461
Y -0.5634  0.8257  0.0301
Z  0.1375  0.0578  0.9888

PART 72
OFFSET  9.4017 -5.5010 -13.8914
X -0.2539  0.9670 -0.0210
Y -0.9668 -0.2531  0.0343
Z  0.0278  0.0291  0.9992

PART 73
OFFSET  9.6884 -6.5966 -13.8746
X  0.8104 -0.5817 -0.0696
Y -0.5728 -0.8117  0.1142
Z -0.1229 -0.0526 -0.9910

PART 74
OFFSET  0.0000 -0.0000 -0.0000
X  1.0000 -0.0000  0.0000
Y  0.0000  1.0000  0.0000
Z  0.0000 -0.0000  1.0000

PART 75
OFFSET  0.0000 -0.0000 -0.0000
X  1.0000 -0.0000  0.0000
Y  0.0000  1.0000  0.0000
Z  0.0000 -0.0000  1.0000

PART 76
OFFSET  1.5404 -0.0000  4.1357
X  1.0000 -0.0000  0.0000
Y  0.0000  1.0000  0.0000
Z  0.0000 -0.0000  1.0000


FRAME 762
PART 0
OFFSET -4.6318 -0.0000 -1.3770
X  1.0000 -0.0000  0.0000
Y  0.0000  1.0000  0.0000
Z  0.0000 -0.0000  1.0000

PART 1
OFFSET -4.6318 -0.0000 -1.3770
X  1.0000 -0.0000  0.0000
Y  0.0000  1.0000  0.0000
Z  0.0000 -0.0000  1.0000

PART 2
OFFSET -6.2831  7.9373 -3.1869
X  0.7654  0.3716 -0.5254
Y -0.3130 -0.4984 -0.8085
Z -0.5623  0.7833 -0.2651

PART 3
OFFSET  2.9734  12.4317 -9.5414
X  0.7272 -0.5015 -0.4687
Y -0.4028 -0.8647  0.3003
Z -0.5558 -0.0296 -0.8308

PART 4
OFFSET  9.1586  8.1664 -13.5279
X  0.7272 -0.5015 -0.4687
Y  0.1009 -0.5973  0.7957
Z -0.6789 -0.6259 -0.3837

PART 5
OFFSET  11.0982  8.4056 -13.7546
X  0.7311 -0.4962 -0.4682
Y  0.5595  0.0434  0.8277
Z -0.3904 -0.8671  0.3094

PART 6
OFFSET  9.9959  8.7218 -14.9869
X  0.7311 -0.4962 -0.4682
Y  0.5595  0.0434  0.8277
Z -0.3904 -0.8671  0.3094

PART 7
OFFSET  10.3959  5.9434 -13.3300
X  0.7311 -0.4962 -0.4682
Y  0.5595  0.0434  0.8277
Z -0.3904 -0.8671  0.3094

PART 8
OFFSET  9.4072  5.6572 -14.3473
X  0.7311 -0.4962 -0.4682
Y  0.5595  0.0434  0.8277
Z -0.3904 -0.8671  0.3094

PART 9
OFFSET  8.5071  6.4714 -15.8043
X  0.7311 -0.4962 -0.4682
Y  0.5595  0.0434  0.8277
Z -0.3904 -0.8671  0.3094

PART 10
OFFSET  11.3880  6.6290 -14.9647
X  0.6042 -0.7953 -0.0488
Y -0.2141 -0.2211  0.9515
Z -0.7675 -0.5645 -0.3039

PART 11
OFFSET  11.1381  5.8261 -14.1933
X -0.0485 -0.9427  0.3301
Y -0.3115  0.3282  0.8917
Z -0.9490 -0.0596 -0.3096

PART 12
OFFSET  10.9496  3.8212 -13.4093
X  0.4272 -0.8338 -0.3495
Y -0.3322 -0.5043  0.7971
Z -0.8409 -0.2244 -0.4924

PART 13
OFFSET  11.5649  2.4800 -14.0762
X  0.4174 -0.3813 -0.8248
Y -0.0291 -0.9128  0.4073
Z -0.9083 -0.1460 -0.3921

PART 14
OFFSET  11.9742  2.0454 -14.9792
X  0.8855 -0.3758 -0.2731
Y  0.4576  0.6043  0.6523
Z -0.0802 -0.7026  0.7071

PART 15
OFFSET  11.9735  6.0786 -16.0862
X  0.6663 -0.5565 -0.4963
Y -0.7421 -0.5595 -0.3690
Z -0.0724  0.6142 -0.7858

PART 16
OFFSET  13.3902  4.6702 -17.1321
X -0.4970 -0.8675 -0.0182
Y -0.8255  0.4663  0.3179
Z -0.2673  0.1731 -0.9479

PART 17
OFFSET  12.6865  3.4420 -17.1579
X -0.8824 -0.4266  0.1985
Y -0.3841  0.8968  0.2198
Z -0.2718  0.1177 -0.9551

PART 18
OFFSET  11.9042  3.0638 -16.9819
X -0.5469  0.7748  0.3173
Y  0.7858  0.6058 -0.1247
Z -0.2888  0.1811 -0.9401

PART 19
OFFSET  11.3846  3.7998 -16.6804
X -0.0332 -0.9990 -0.0284
Y  0.9087 -0.0184 -0.4171
Z  0.4162 -0.0397  0.9084

PART 20
OFFSET  12.0713  5.8356 -15.4222
X  0.6362 -0.6924 -0.3405
Y -0.7696 -0.5378 -0.3443
Z  0.0553  0.4811 -0.8749

PART 21
OFFSET  13.9319  4.2479 -16.3029
X -0.6180 -0.7798 -0.1003
Y -0.7643  0.5659  0.3091
Z -0.1843  0.2677 -0.9457

PART 22
OFFSET  12.8798  2.9204 -16.4737
X -0.9589  0.1574  0.2361
Y  0.2068  0.9574  0.2016
Z -0.1943  0.2421 -0.9506

PART 23
OFFSET  11.5509  3.1385 -16.1465
X  0.2156  0.9560  0.1990
Y  0.9581 -0.1678 -0.2320
Z -0.1884  0.2407 -0.9521

PART 24
OFFSET  11.7847  4.1753 -15.9307
X -0.7332 -0.6756 -0.0774
Y  0.6686 -0.6955 -0.2630
Z  0.1238 -0.2446  0.9617

PART 25
OFFSET  12.4994  3.5237 -13.7674
X  0.3965 -0.8625 -0.3144
Y  0.9010  0.2999  0.3135
Z -0.1761 -0.4076  0.8960

PART 26
OFFSET  13.8662  3.5730 -14.3244
X -0.7593 -0.6015 -0.2485
Y -0.6458  0.7436  0.1733
Z  0.0806  0.2920 -0.9530

PART 27
OFFSET  12.5294  2.5140 -14.7619
X -0.7641  0.6428  0.0547
Y  0.6359  0.7361  0.2319
Z  0.1088  0.2119 -0.9712

PART 28
OFFSET  11.5940  3.2827 -14.6364
X  0.3349  0.9003  0.2780
Y  0.9398 -0.3405 -0.0295
Z  0.0681  0.2711 -0.9601

PART 29
OFFSET  11.9722  4.2996 -14.3224
X -0.9382  0.0905 -0.3339
Y -0.0445 -0.9887 -0.1431
Z -0.3431 -0.1194  0.9317

PART 30
OFFSET  13.8964  3.7964 -15.4059
X -0.7136 -0.6916 -0.1115
Y -0.7002  0.6988  0.1463
Z -0.0233  0.1824 -0.9829

PART 31
OFFSET  12.5023  2.4453 -15.6236
X -0.7117  0.6849  0.1563
Y  0.7025  0.6948  0.1542
Z -0.0030  0.2195 -0.9756

PART 32
OFFSET  11.4629  3.4457 -15.3953
X  0.5656  0.7934  0.2249
Y  0.8230 -0.5605 -0.0924
Z  0.0527  0.2374 -0.9700

PART 33
OFFSET  12.1032  4.3464 -15.1474
X -0.9627 -0.2656 -0.0514
Y  0.2690 -0.9193 -0.2872
Z  0.0290 -0.2903  0.9565

PART 34
OFFSET  11.9721  3.7317 -16.0729
X -0.0144  0.4891 -0.8721
Y  0.7675  0.5645  0.3039
Z  0.6409 -0.6650 -0.3835

PART 35
OFFSET  11.7280 -6.2725 -10.4423
X -0.2408 -0.0162 -0.9704
Y  0.9372 -0.2638 -0.2281
Z -0.2523 -0.9644  0.0787

PART 36
OFFSET  11.7280 -6.2725 -10.4423
X -0.2408 -0.0162 -0.9704
Y  0.9372 -0.2638 -0.2281
Z -0.2523 -0.9644  0.0787

PART 37
OFFSET -298.3357  15.2378  136.4737
X -0.2408 -0.0162 -0.9704
Y  0.9372 -0.2638 -0.2281
Z -0.2523 -0.9644  0.0787

PART 38
OFFSET  10.4905 -8.3315 -13.1455
X -0.2408 -0.0162 -0.9704
Y  0.9372 -0.2638 -0.2281
Z -0.2523 -0.9644  0.0787

PART 39
OFFSET -5.9054 -3.4175 -16.1916
X -0.2408 -0.0162 -0.9704
Y  0.9372 -0.2638 -0.2281
Z -0.2523 -0.9644  0.0787

PART 40
OFFSET -5.8481 -3.3004 -16.1842
X -0.2408 -0.0162 -0.9704
Y  0.9372 -0.2638 -0.2281
Z -0.2523 -0.9644  0.0787

PART 41
OFFSET  16.0715 -7.4949 -11.4996
X -0.2408 -0.0162 -0.9704
Y  0.9372 -0.2638 -0.2281
Z -0.2523 -0.9644  0.0787

PART 42
OFFSET  12.3248  3.9390 -15.7888
X -0.1008  0.3379 -0.9358
Y -0.9716 -0.2360  0.0195
Z -0.2143  0.9111  0.3520

PART 43
OFFSET  11.7980  5.5421 -22.7253
X  0.2143 -0.9111 -0.3520
Y -0.9716 -0.2360  0.0195
Z -0.1008  0.3379 -0.9358

PART 44
OFFSET -6.0573 -7.9373 -2.8236
X -0.7359  0.5915  0.3294
Y  0.1115 -0.3740  0.9207
Z  0.6678  0.7143  0.2093

PART 45
OFFSET  2.8428 -15.0912 -6.8074
X -0.7567 -0.5233  0.3919
Y  0.4869 -0.8511 -0.1963
Z  0.4363  0.0423  0.8988

PART 46
OFFSET  9.2785 -10.6402 -10.1409
X -0.7567 -0.5233  0.3919
Y -0.1294 -0.4677 -0.8744
Z  0.6409 -0.7123  0.2862

PART 47
OFFSET  9.0795 -9.2284 -12.3167
X -0.7607 -0.5183  0.3906
Y -0.4411 -0.0286 -0.8970
Z  0.4761 -0.8547 -0.2069

PART 48
OFFSET  9.3242 -8.0268 -11.2190
X -0.7607 -0.5183  0.3906
Y -0.4411 -0.0286 -0.8970
Z  0.4761 -0.8547 -0.2069

PART 49
OFFSET  10.3535 -8.3389 -9.8961
X -0.7607 -0.5183  0.3906
Y -0.4411 -0.0286 -0.8970
Z  0.4761 -0.8547 -0.2069

PART 50
OFFSET  11.5982 -9.0358 -11.3424
X -0.4762 -0.8182 -0.3220
Y  0.2950  0.1963 -0.9351
Z  0.8284 -0.5403  0.1479

PART 51
OFFSET  11.1876 -8.6354 -10.3559
X  0.1842 -0.6871 -0.7028
Y  0.3135  0.7188 -0.6205
Z  0.9315 -0.1060  0.3478

PART 52
OFFSET  10.7069 -7.2185 -8.7966
X -0.1947 -0.9023 -0.3846
Y  0.5013  0.2455 -0.8297
Z  0.8431 -0.3544  0.4045

PART 53
OFFSET  10.9567 -5.7076 -8.2705
X -0.3804 -0.8380  0.3913
Y  0.2479 -0.5000 -0.8298
Z  0.8910 -0.2186  0.3980

PART 54
OFFSET  11.3231 -4.7829 -8.6977
X -0.8020 -0.5812 -0.1378
Y -0.5313  0.7996 -0.2799
Z  0.2728 -0.1513 -0.9501

PART 55
OFFSET  12.1497 -8.0240 -12.1011
X -0.2473 -0.9686  0.0255
Y  0.9618 -0.2422  0.1278
Z -0.1176  0.0561  0.9915

PART 56
OFFSET  12.5702 -5.8099 -12.0296
X  0.7915 -0.4702 -0.3903
Y  0.3544  0.8735 -0.3336
Z  0.4978  0.1257  0.8581

PART 57
OFFSET  11.4496 -5.1441 -11.4770
X  0.7148  0.4950 -0.4939
Y -0.4582  0.8651  0.2040
Z  0.5283  0.0805  0.8453

PART 58
OFFSET  10.8158 -5.5830 -11.0391
X  0.0432  0.9833 -0.1770
Y -0.8706  0.1239  0.4761
Z  0.4901  0.1336  0.8614

PART 59
OFFSET  10.7748 -6.5172 -10.8709
X  0.4426 -0.8492 -0.2880
Y -0.6231 -0.5223  0.5822
Z -0.6448 -0.0782 -0.7603

PART 60
OFFSET  12.1740 -8.0500 -11.3881
X -0.4201 -0.9020 -0.0995
Y  0.8780 -0.4318  0.2065
Z -0.2292 -0.0006  0.9734

PART 61
OFFSET  13.3178 -5.7184 -11.2699
X  0.8022 -0.5296 -0.2756
Y  0.4606  0.8427 -0.2786
Z  0.3798  0.0966  0.9200

PART 62
OFFSET  11.9520 -4.8168 -10.8007
X  0.8101  0.4494 -0.3765
Y -0.4678  0.8826  0.0469
Z  0.3533  0.1381  0.9252

PART 63
OFFSET  10.8293 -5.4396 -10.2790
X -0.0622  0.9850 -0.1610
Y -0.9701 -0.0217  0.2415
Z  0.2344  0.1712  0.9569

PART 64
OFFSET  10.8967 -6.5079 -10.1043
X  0.6166 -0.7862  0.0410
Y -0.7683 -0.5897  0.2488
Z -0.1714 -0.1849 -0.9677

PART 65
OFFSET  9.8108 -12.8969 -11.8127
X -0.2748 -0.9581 -0.0810
Y -0.9188  0.2865 -0.2715
Z  0.2833 -0.0002 -0.9590

PART 66
OFFSET  13.5392 -6.1964 -9.3273
X  0.6949 -0.6810 -0.2309
Y  0.7063  0.7068  0.0411
Z  0.1352 -0.1916  0.9721

PART 67
OFFSET  12.3156 -4.9974 -8.9209
X  0.8956  0.4445  0.0173
Y -0.4349  0.8667  0.2444
Z  0.0937 -0.2264  0.9695

PART 68
OFFSET  11.2326 -5.5515 -8.8830
X  0.0568  0.9837  0.1706
Y -0.9875  0.0302  0.1548
Z  0.1471 -0.1772  0.9731

PART 69
OFFSET  11.1684 -6.6627 -9.0756
X  0.9143 -0.3973  0.0785
Y -0.3686 -0.8967 -0.2450
Z  0.1677  0.1951 -0.9663

PART 70
OFFSET  13.6598 -5.9738 -10.4027
X  0.7378 -0.6269 -0.2503
Y  0.6375  0.7690 -0.0466
Z  0.2217 -0.1252  0.9670

PART 71
OFFSET  12.2184 -4.7492 -9.9137
X  0.8775  0.4535 -0.1561
Y -0.4463  0.8912  0.0808
Z  0.1758 -0.0012  0.9844

PART 72
OFFSET  10.9368 -5.4116 -9.6857
X -0.1225  0.9922  0.0232
Y -0.9904 -0.1237  0.0612
Z  0.0636 -0.0155  0.9979

PART 73
OFFSET  11.0744 -6.5353 -9.7190
X  0.7225 -0.6808 -0.1207
Y -0.6725 -0.7325  0.1062
Z -0.1607  0.0044 -0.9870

PART 74
OFFSET  0.0000 -0.0000 -0.0000
X  1.0000 -0.0000  0.0000
Y  0.0000  1.0000  0.0000
Z  0.0000 -0.0000  1.0000

PART 75
OFFSET  0.0000 -0.0000 -0.0000
X  1.0000 -0.0000  0.0000
Y  0.0000  1.0000  0.0000
Z  0.0000 -0.0000  1.0000

PART 76
OFFSET  1.5404 -0.0000  4.1357
X  1.0000 -0.0000  0.0000
Y  0.0000  1.0000  0.0000
Z  0.0000 -0.0000  1.0000


FRAME 763
PART 0
OFFSET -4.6318 -0.0000 -1.3770
X  1.0000 -0.0000  0.0000
Y  0.0000  1.0000  0.0000
Z  0.0000 -0.0000  1.0000

PART 1
OFFSET -4.6318 -0.0000 -1.3770
X  1.0000 -0.0000  0.0000
Y  0.0000  1.0000  0.0000
Z  0.0000 -0.0000  1.0000

PART 2
OFFSET -6.2831  7.9373 -3.1869
X  0.8024  0.2630 -0.5357
Y -0.4210 -0.3869 -0.8204
Z -0.4230  0.8838 -0.1997

PART 3
OFFSET  3.4209  11.1177 -9.6661
X  0.6902 -0.4582 -0.5601
Y -0.4359 -0.8811  0.1835
Z -0.5776  0.1175 -0.8078

PART 4
OFFSET  9.2911  7.2209 -14.4303
X  0.6902 -0.4582 -0.5601
Y  0.1634 -0.6554  0.7374
Z -0.7050 -0.6004 -0.3775

PART 5
OFFSET  11.2335  7.4061 -14.6822
X  0.6943 -0.4532 -0.5590
Y  0.5819 -0.1035  0.8067
Z -0.4235 -0.8854  0.1918

PART 6
OFFSET  10.1165  7.9484 -15.8188
X  0.6943 -0.4532 -0.5590
Y  0.5819 -0.1035  0.8067
Z -0.4235 -0.8854  0.1918

PART 7
OFFSET  10.4250  4.9412 -14.5994
X  0.6943 -0.4532 -0.5590
Y  0.5819 -0.1035  0.8067
Z -0.4235 -0.8854  0.1918

PART 8
OFFSET  9.3982  4.8515 -15.6152
X  0.6943 -0.4532 -0.5590
Y  0.5819 -0.1035  0.8067
Z -0.4235 -0.8854  0.1918

PART 9
OFFSET  8.5013  5.9102 -16.9078
X  0.6943 -0.4532 -0.5590
Y  0.5819 -0.1035  0.8067
Z -0.4235 -0.8854  0.1918

PART 10
OFFSET  11.4069  5.8164 -16.1476
X  0.6022 -0.7966 -0.0525
Y -0.2115 -0.2226  0.9517
Z -0.7699 -0.5620 -0.3025

PART 11
OFFSET  11.1576  5.0125 -15.3769
X -0.0496 -0.9433  0.3282
Y -0.3078  0.3271  0.8935
Z -0.9502 -0.0567 -0.3065

PART 12
OFFSET  10.9669  3.0064 -14.5965
X  0.4241 -0.8341 -0.3527
Y -0.3307 -0.5052  0.7971
Z -0.8431 -0.2214 -0.4901

PART 13
OFFSET  11.5768  1.6652 -15.2683
X  0.4137 -0.3806 -0.8270
Y -0.0300 -0.9136  0.4055
Z -0.9099 -0.1430 -0.3894

PART 14
OFFSET  11.9821  1.2315 -16.1736
X  0.8837 -0.3774 -0.2768
Y  0.4612  0.6018  0.6520
Z -0.0795 -0.7039  0.7059

PART 15
OFFSET  11.9873  5.2670 -17.2722
X  0.6633 -0.5570 -0.4997
Y -0.7447 -0.5570 -0.3677
Z -0.0735  0.6160 -0.7843

PART 16
OFFSET  13.3971  3.8574 -18.3257
X -0.4992 -0.8663 -0.0183
Y -0.8233  0.4676  0.3217
Z -0.2701  0.1757 -0.9467

PART 17
OFFSET  12.6904  2.6309 -18.3517
X -0.8828 -0.4249  0.2006
Y -0.3812  0.8972  0.2230
Z -0.2747  0.1204 -0.9540

PART 18
OFFSET  11.9077  2.2542 -18.1739
X -0.5439  0.7754  0.3207
Y  0.7868  0.6041 -0.1261
Z -0.2915  0.1838 -0.9387

PART 19
OFFSET  11.3910  2.9908 -17.8692
X -0.0357 -0.9989 -0.0304
Y  0.9072 -0.0197 -0.4202
Z  0.4192 -0.0426  0.9069

PART 20
OFFSET  12.0867  5.0223 -16.6090
X  0.6334 -0.6932 -0.3441
Y -0.7720 -0.5352 -0.3428
Z  0.0535  0.4828 -0.8741

PART 21
OFFSET  13.9406  3.4321 -17.4993
X -0.6202 -0.7781 -0.0999
Y -0.7619  0.5671  0.3129
Z -0.1868  0.2701 -0.9445

PART 22
OFFSET  12.8848  2.1074 -17.6693
X -0.9577  0.1592  0.2396
Y  0.2097  0.9565  0.2029
Z -0.1969  0.2446 -0.9494

PART 23
OFFSET  11.5574  2.3280 -17.3372
X  0.2185  0.9550  0.2003
Y  0.9570 -0.1696 -0.2355
Z -0.1910  0.2432 -0.9510

PART 24
OFFSET  11.7944  3.3638 -17.1199
X -0.7351 -0.6737 -0.0763
Y  0.6661 -0.6966 -0.2667
Z  0.1265 -0.2469  0.9608

PART 25
OFFSET  12.5148  2.7060 -14.9604
X  0.3934 -0.8628 -0.3176
Y  0.9027  0.2971  0.3111
Z -0.1741 -0.4091  0.8957

PART 26
OFFSET  13.8799  2.7532 -15.5219
X -0.7615 -0.5991 -0.2472
Y -0.6434  0.7448  0.1770
Z  0.0781  0.2938 -0.9527

PART 27
OFFSET  12.5391  1.6983 -15.9571
X -0.7623  0.6445  0.0586
Y  0.6385  0.7341  0.2313
Z  0.1061  0.2137 -0.9711

PART 28
OFFSET  11.6059  2.4689 -15.8269
X  0.3380  0.8989  0.2788
Y  0.9389 -0.3427 -0.0334
Z  0.0655  0.2730 -0.9598

PART 29
OFFSET  11.9877  3.4843 -15.5121
X -0.9391  0.0935 -0.3306
Y -0.0474 -0.9883 -0.1450
Z -0.3403 -0.1205  0.9326

PART 30
OFFSET  13.9070  2.9788 -16.6030
X -0.7156 -0.6897 -0.1105
Y -0.6980  0.7002  0.1501
Z -0.0262  0.1846 -0.9825

PART 31
OFFSET  12.5090  1.6315 -16.8189
X -0.7095  0.6863  0.1601
Y  0.7047  0.6928  0.1533
Z -0.0058  0.2216 -0.9751

PART 32
OFFSET  11.4727  2.6339 -16.5850
X  0.5682  0.7916  0.2247
Y  0.8214 -0.5622 -0.0963
Z  0.0500  0.2393 -0.9697

PART 33
OFFSET  12.1160  3.5325 -16.3374
X -0.9635 -0.2632 -0.0487
Y  0.2658 -0.9194 -0.2900
Z  0.0315 -0.2924  0.9558

PART 34
OFFSET  11.9803  2.9201 -17.2637
X -0.0161  0.4910 -0.8710
Y  0.7699  0.5620  0.3025
Z  0.6380 -0.6657 -0.3870

PART 35
OFFSET  13.1187 -6.4520 -5.9176
X -0.2507  0.0802 -0.9647
Y  0.8809 -0.3945 -0.2617
Z -0.4016 -0.9154  0.0282

PART 36
OFFSET  13.1187 -6.4520 -5.9176
X -0.2507  0.0802 -0.9647
Y  0.8809 -0.3945 -0.2617
Z -0.4016 -0.9154  0.0282

PART 37
OFFSET -287.9865  54.9620  148.1943
X -0.2507  0.0802 -0.9647
Y  0.8809 -0.3945 -0.2617
Z -0.4016 -0.9154  0.0282

PART 38
OFFSET  11.5407 -8.1237 -8.7092
X -0.2507  0.0802 -0.9647
Y  0.8809 -0.3945 -0.2617
Z -0.4016 -0.9154  0.0282

PART 39
OFFSET -3.7711 -0.5424 -11.1226
X -0.2507  0.0802 -0.9647
Y  0.8809 -0.3945 -0.2617
Z -0.4016 -0.9154  0.0282

PART 40
OFFSET -3.6959 -0.4364 -11.1096
X -0.2507  0.0802 -0.9647
Y  0.8809 -0.3945 -0.2617
Z -0.4016 -0.9154  0.0282

PART 41
OFFSET  17.2010 -8.2801 -7.1305
X -0.2507  0.0802 -0.9647
Y  0.8809 -0.3945 -0.2617
Z -0.4016 -0.9154  0.0282

PART 42
OFFSET  12.3345  3.1259 -16.9804
X -0.1031  0.3401 -0.9347
Y -0.9721 -0.2337  0.0222
Z -0.2109  0.9109  0.3547

PART 43
OFFSET  11.7883  4.7448 -23.9117
X  0.2109 -0.9109 -0.3547
Y -0.9721 -0.2337  0.0222
Z -0.1031  0.3401 -0.9347

PART 44
OFFSET -6.0573 -7.9373 -2.8236
X -0.7447  0.6218  0.2427
Y -0.1441 -0.5048  0.8511
Z  0.6517  0.5988  0.4656

PART 45
OFFSET  2.9486 -15.4567 -5.7586
X -0.8290 -0.5493  0.1049
Y  0.5190 -0.8256 -0.2214
Z  0.2082 -0.1291  0.9695

PART 46
OFFSET  9.9999 -10.7850 -6.6506
X -0.8290 -0.5493  0.1049
Y -0.0047 -0.1808 -0.9835
Z  0.5592 -0.8159  0.1473

PART 47
OFFSET  10.3296 -9.0181 -8.5312
X -0.8327 -0.5440  0.1035
Y -0.2133  0.1425 -0.9665
Z  0.5110 -0.8269 -0.2347

PART 48
OFFSET  10.3052 -8.0312 -7.2144
X -0.8327 -0.5440  0.1035
Y -0.2133  0.1425 -0.9665
Z  0.5110 -0.8269 -0.2347

PART 49
OFFSET  10.9871 -8.6063 -5.7614
X -0.8327 -0.5440  0.1035
Y -0.2133  0.1425 -0.9665
Z  0.5110 -0.8269 -0.2347

PART 50
OFFSET  12.5415 -9.1011 -6.9721
X -0.6037 -0.7119 -0.3589
Y  0.3124  0.2029 -0.9280
Z  0.7335 -0.6724  0.0999

PART 51
OFFSET  12.2104 -8.7006 -5.9562
X  0.0651 -0.6642 -0.7447
Y  0.4172  0.6961 -0.5844
Z  0.9065 -0.2726  0.3224

PART 52
OFFSET  11.9779 -7.3216 -4.3088
X -0.3398 -0.8355 -0.4319
Y  0.5250  0.2125 -0.8241
Z  0.7803 -0.5068  0.3664

PART 53
OFFSET  12.4704 -5.9034 -3.7018
X -0.5046 -0.7892  0.3501
Y  0.1564 -0.4823 -0.8620
Z  0.8491 -0.3802  0.3667

PART 54
OFFSET  12.9745 -5.0243 -4.0825
X -0.8857 -0.4378 -0.1548
Y -0.4004  0.8889 -0.2228
Z  0.2351 -0.1353 -0.9625

PART 55
OFFSET  13.2387 -8.1456 -7.6824
X -0.3979 -0.9171 -0.0252
Y  0.9124 -0.3984  0.0943
Z -0.0965  0.0145  0.9952

PART 56
OFFSET  14.0067 -6.0340 -7.4923
X  0.7025 -0.5652 -0.4325
Y  0.4852  0.8249 -0.2899
Z  0.5207 -0.0062  0.8537

PART 57
OFFSET  13.0122 -5.2338 -6.8799
X  0.7791  0.4045 -0.4789
Y -0.3126  0.9129  0.2625
Z  0.5434 -0.0548  0.8377

PART 58
OFFSET  12.3214 -5.5925 -6.4553
X  0.1971  0.9729 -0.1211
Y -0.8347  0.2313  0.4998
Z  0.5143  0.0026  0.8576

PART 59
OFFSET  12.1342 -6.5168 -6.3403
X  0.2989 -0.8897 -0.3452
Y -0.6919 -0.4511  0.5636
Z -0.6572  0.0704 -0.7504

PART 60
OFFSET  13.2662 -8.2177 -6.9727
X -0.5592 -0.8166 -0.1427
Y  0.8004 -0.5767  0.1637
Z -0.2160 -0.0227  0.9761

PART 61
OFFSET  14.7674 -6.1076 -6.7437
X  0.7048 -0.6323 -0.3216
Y  0.5857  0.7745 -0.2389
Z  0.4002 -0.0200  0.9162

PART 62
OFFSET  13.5675 -5.0311 -6.1961
X  0.8672  0.3375 -0.3662
Y -0.3210  0.9410  0.1070
Z  0.3807  0.0248  0.9244

PART 63
OFFSET  12.3656 -5.4988 -5.6886
X  0.0935  0.9903 -0.1029
Y -0.9586  0.1175  0.2593
Z  0.2689  0.0743  0.9603

PART 64
OFFSET  12.2642 -6.5728 -5.5770
X  0.4842 -0.8748 -0.0166
Y -0.8496 -0.4746  0.2299
Z -0.2090 -0.0972 -0.9731

PART 65
OFFSET  10.1580 -12.5958 -7.6275
X -0.4245 -0.8960 -0.1304
Y -0.8644  0.4439 -0.2361
Z  0.2694  0.0125 -0.9629

PART 66
OFFSET  14.9307 -6.7301 -4.8367
X  0.5753 -0.7672 -0.2835
Y  0.8101  0.5825  0.0674
Z  0.1134 -0.2685  0.9566

PART 67
OFFSET  13.9179 -5.3793 -4.3375
X  0.9550  0.2955  0.0248
Y -0.2889  0.9083  0.3025
Z  0.0669 -0.2960  0.9528

PART 68
OFFSET  12.7609 -5.7565 -4.3098
X  0.2143  0.9504  0.2256
Y -0.9684  0.1766  0.1761
Z  0.1275 -0.2562  0.9582

PART 69
OFFSET  12.5189 -6.8299 -4.5646
X  0.8403 -0.5408  0.0371
Y -0.5091 -0.8108 -0.2887
Z  0.1862  0.2237 -0.9567

PART 70
OFFSET  15.0737 -6.4653 -5.8997
X  0.6261 -0.7195 -0.3007
Y  0.7512  0.6599 -0.0152
Z  0.2093 -0.2164  0.9536

PART 71
OFFSET  13.8507 -5.0598 -5.3123
X  0.9367  0.3176 -0.1474
Y -0.2980  0.9441  0.1408
Z  0.1839 -0.0880  0.9790

PART 72
OFFSET  12.4826 -5.5237 -5.0970
X  0.0371  0.9959  0.0827
Y -0.9968  0.0310  0.0739
Z  0.0710 -0.0851  0.9938

PART 73
OFFSET  12.4394 -6.6510 -5.1976
X  0.6037 -0.7780 -0.1741
Y -0.7792 -0.6220  0.0774
Z -0.1685  0.0889 -0.9817

PART 74
OFFSET  0.0000 -0.0000 -0.0000
X  1.0000 -0.0000  0.0000
Y  0.0000  1.0000  0.0000
Z  0.0000 -0.0000  1.0000

PART 75
OFFSET  0.0000 -0.0000 -0.0000
X  1.0000 -0.0000  0.0000
Y  0.0000  1.0000  0.0000
Z  0.0000 -0.0000  1.0000

PART 76
OFFSET  1.5404 -0.0000  4.1357
X  1.0000 -0.0000  0.0000
Y  0.0000  1.0000  0.0000
Z  0.0000 -0.0000  1.0000


FRAME 764
PART 0
OFFSET -4.6318 -0.0000 -1.3770
X  1.0000 -0.0000  0.0000
Y  0.0000  1.0000  0.0000
Z  0.0000 -0.0000  1.0000

PART 1
OFFSET -4.6318 -0.0000 -1.3770
X  1.0000 -0.0000  0.0000
Y  0.0000  1.0000  0.0000
Z  0.0000 -0.0000  1.0000

PART 2
OFFSET -6.2831  7.9373 -3.1869
X  0.8250  0.2631 -0.5002
Y -0.4060 -0.3398 -0.8484
Z -0.3931  0.9030 -0.1735

PART 3
OFFSET  3.6944  11.1187 -9.2359
X  0.6762 -0.4861 -0.5536
Y -0.4907 -0.8577  0.1536
Z -0.5495  0.1678 -0.8185

PART 4
OFFSET  9.4458  6.9845 -13.9446
X  0.6762 -0.4861 -0.5536
Y  0.1542 -0.6414  0.7515
Z -0.7204 -0.5935 -0.3588

PART 5
OFFSET  11.4013  7.0608 -14.1462
X  0.6806 -0.4814 -0.5523
Y  0.5546 -0.1541  0.8178
Z -0.4788 -0.8629  0.1621

PART 6
OFFSET  10.3464  7.6909 -15.2967
X  0.6806 -0.4814 -0.5523
Y  0.5546 -0.1541  0.8178
Z -0.4788 -0.8629  0.1621

PART 7
OFFSET  10.4495  4.6463 -14.1371
X  0.6806 -0.4814 -0.5523
Y  0.5546 -0.1541  0.8178
Z -0.4788 -0.8629  0.1621

PART 8
OFFSET  9.4448  4.6379 -15.1786
X  0.6806 -0.4814 -0.5523
