// Export filename: `C:\projects\cod\t5\xanim_export\t5_viewmodels\ballistic_knife\b_knife_putaway_empty.XANIM_EXPORT`
// Source filename: `D:\projects\devanim\t5\animation_assets\viewmodels/ballistic_knife/ViewModel_ballistic_knife_animated.fbx`
// Export time: Fri Feb 26 20:36:24 2010

ANIMATION
VERSION 3

NUMPARTS 77
PART 0 "tag_ads"
PART 1 "tag_torso"
PART 2 "J_Shoulder_LE"
PART 3 "J_Elbow_LE"
PART 4 "J_WristTwist_LE"
PART 5 "J_Sleave_Reshape_Bottom_LE_1"
PART 6 "J_Sleave_Reshape_Bottom_LE_2"
PART 7 "J_Sleave_Reshape_Top_LE_1"
PART 8 "J_Sleave_Reshape_Top_LE_2"
PART 9 "J_Sleave_Reshape_Top_LE_3"
PART 10 "J_Wrist_LE"
PART 11 "J_Thumb_LE_0"
PART 12 "J_Thumb_LE_1"
PART 13 "J_Thumb_LE_2"
PART 14 "J_Thumb_LE_3"
PART 15 "J_PinkyPalm_LE"
PART 16 "J_Pinky_LE_0"
PART 17 "J_Pinky_LE_1"
PART 18 "J_Pinky_LE_2"
PART 19 "J_Pinky_LE_3"
PART 20 "J_RingPalm_LE"
PART 21 "J_Ring_LE_0"
PART 22 "J_Ring_LE_1"
PART 23 "J_Ring_LE_2"
PART 24 "J_Ring_LE_3"
PART 25 "J_Webbing_LE"
PART 26 "J_Index_LE_0"
PART 27 "J_Index_LE_1"
PART 28 "J_Index_LE_2"
PART 29 "J_Index_LE_3"
PART 30 "J_Mid_LE_0"
PART 31 "J_Mid_LE_1"
PART 32 "J_Mid_LE_2"
PART 33 "J_Mid_LE_3"
PART 34 "tag_knife_attach"
PART 35 "tag_weapon"
PART 36 "J_Gun"
PART 37 "tag_blade"
PART 38 "TAG_BOLT"
PART 39 "tag_pin"
PART 40 "tag_ring"
PART 41 "tag_origin"
PART 42 "origin_animate_jnt"
PART 43 "TAG_KNIFE_FX"
PART 44 "J_Shoulder_RI"
PART 45 "J_Elbow_RI"
PART 46 "J_WristTwist_RI"
PART 47 "J_Sleave_Reshape_Top_RI_3"
PART 48 "J_Sleave_Reshape_Top_RI_2"
PART 49 "J_Sleave_Reshape_Top_RI_1"
PART 50 "J_Wrist_RI"
PART 51 "J_Thumb_RI_0"
PART 52 "J_Thumb_RI_1"
PART 53 "J_Thumb_RI_2"
PART 54 "J_Thumb_RI_3"
PART 55 "J_PinkyPalm_RI"
PART 56 "J_Pinky_RI_0"
PART 57 "J_Pinky_RI_1"
PART 58 "J_Pinky_RI_2"
PART 59 "J_Pinky_RI_3"
PART 60 "J_RingPalm_RI"
PART 61 "J_Ring_RI_0"
PART 62 "J_Ring_RI_1"
PART 63 "J_Ring_RI_2"
PART 64 "J_Ring_RI_3"
PART 65 "J_Webbing_RI"
PART 66 "J_Index_RI_0"
PART 67 "J_Index_RI_1"
PART 68 "J_Index_RI_2"
PART 69 "J_Index_RI_3"
PART 70 "J_Mid_RI_0"
PART 71 "J_Mid_RI_1"
PART 72 "J_Mid_RI_2"
PART 73 "J_Mid_RI_3"
PART 74 "tag_cambone"
PART 75 "tag_camera"
PART 76 "tag_gasmask"

FRAMERATE 30
NUMFRAMES 23

FRAME 700
PART 0
OFFSET -4.6318 -0.0000 -1.3770
X  1.0000 -0.0000  0.0000
Y  0.0000  1.0000  0.0000
Z  0.0000 -0.0000  1.0000

PART 1
OFFSET -4.6318 -0.0000 -1.3770
X  1.0000 -0.0000  0.0000
Y  0.0000  1.0000  0.0000
Z  0.0000 -0.0000  1.0000

PART 2
OFFSET -6.2831  7.9373 -3.1869
X  0.8234  0.3425 -0.4524
Y  0.2348 -0.9315 -0.2780
Z -0.5166  0.1227 -0.8474

PART 3
OFFSET  3.6748  12.0800 -8.6586
X  0.7098 -0.5050  0.4911
Y -0.7018 -0.4462  0.5554
Z -0.0614 -0.7388 -0.6711

PART 4
OFFSET  9.7116  7.7846 -4.4814
X  0.7098 -0.5050  0.4911
Y -0.3956 -0.8626 -0.3153
Z  0.5829  0.0295 -0.8120

PART 5
OFFSET  11.4992  8.2129 -3.7801
X  0.7141 -0.5003  0.4896
Y  0.0694  0.7466  0.6616
Z -0.6966 -0.4385  0.5679

PART 6
OFFSET  11.2677  7.2930 -5.1708
X  0.7141 -0.5003  0.4896
Y  0.0694  0.7466  0.6616
Z -0.6966 -0.4385  0.5679

PART 7
OFFSET  10.0829  6.7332 -2.1861
X  0.7141 -0.5003  0.4896
Y  0.0694  0.7466  0.6616
Z -0.6966 -0.4385  0.5679

PART 8
OFFSET  9.6881  5.5946 -2.9872
X  0.7141 -0.5003  0.4896
Y  0.0694  0.7466  0.6616
Z -0.6966 -0.4385  0.5679

PART 9
OFFSET  9.8616  4.8879 -4.7384
X  0.7141 -0.5003  0.4896
Y  0.0694  0.7466  0.6616
Z -0.6966 -0.4385  0.5679

PART 10
OFFSET  11.8875  6.2363 -2.9758
X  0.7094 -0.6221  0.3314
Y -0.5154 -0.7785 -0.3580
Z  0.4807  0.0832 -0.8729

PART 11
OFFSET  11.9065  5.2393 -3.5307
X  0.4934 -0.8481 -0.1933
Y -0.8291 -0.3913 -0.3994
Z  0.2631  0.3573 -0.8962

PART 12
OFFSET  12.9031  3.3901 -4.0375
X  0.7793 -0.5685  0.2636
Y -0.3632 -0.7526 -0.5492
Z  0.5106  0.3323 -0.7930

PART 13
OFFSET  14.2401  2.5545 -3.6680
X  0.9033  0.0522  0.4258
Y  0.1958 -0.9334 -0.3008
Z  0.3818  0.3551 -0.8533

PART 14
OFFSET  15.2377  2.6114 -3.2517
X  0.4619 -0.3819  0.8005
Y -0.8702 -0.0205  0.4923
Z -0.1716 -0.9240 -0.3418

PART 15
OFFSET  13.1368  6.5604 -2.4884
X  0.9070 -0.1574  0.3907
Y  0.4116  0.1337 -0.9015
Z  0.0897  0.9784  0.1861

PART 16
OFFSET  15.2120  6.0806 -1.7483
X  0.7486 -0.5417 -0.3823
Y -0.4432  0.0199 -0.8962
Z  0.4931  0.8404 -0.2251

PART 17
OFFSET  16.2720  5.3137 -2.2895
X -0.2665 -0.0852 -0.9601
Y -0.7978  0.5784  0.1701
Z  0.5408  0.8113 -0.2221

PART 18
OFFSET  16.0357  5.2381 -3.1407
X -0.8560  0.4219 -0.2989
Y -0.1686  0.3187  0.9328
Z  0.4888  0.8488 -0.2016

PART 19
OFFSET  15.2225  5.6390 -3.4246
X  0.6898 -0.6455 -0.3278
Y  0.4853  0.0763  0.8710
Z -0.5372 -0.7599  0.3659

PART 20
OFFSET  12.8832  5.8946 -2.5316
X  0.8363 -0.3524  0.4200
Y  0.4882  0.1300 -0.8630
Z  0.2495  0.9268  0.2808

PART 21
OFFSET  15.0419  5.0293 -1.3698
X  0.6265 -0.3255 -0.7081
Y -0.6551  0.2722 -0.7048
Z  0.4222  0.9055 -0.0427

PART 22
OFFSET  16.1086  4.4750 -2.5754
X -0.5832  0.2408 -0.7758
Y -0.6803  0.3772  0.6285
Z  0.4439  0.8943 -0.0562

PART 23
OFFSET  15.3002  4.8087 -3.6506
X -0.8257  0.4350  0.3590
Y  0.3429 -0.1182  0.9319
Z  0.4478  0.8926 -0.0516

PART 24
OFFSET  14.4047  5.2805 -3.2612
X  0.5027 -0.2450 -0.8290
Y  0.7346 -0.3844  0.5591
Z -0.4557 -0.8901 -0.0132

PART 25
OFFSET  13.5136  3.1272 -2.9906
X  0.9008 -0.4116  0.1383
Y -0.2736 -0.2907  0.9169
Z -0.3372 -0.8638 -0.3745

PART 26
OFFSET  14.0843  3.1944 -1.6302
X  0.6896 -0.1674 -0.7046
Y -0.6082  0.3942 -0.6890
Z  0.3931  0.9036  0.1700

PART 27
OFFSET  15.2984  2.8996 -2.8707
X -0.4434  0.4235 -0.7899
Y -0.7678  0.2752  0.5786
Z  0.4624  0.8631  0.2031

PART 28
OFFSET  14.7312  3.3620 -3.8434
X -0.8915  0.3650  0.2682
Y  0.1822 -0.2532  0.9501
Z  0.4147  0.8959  0.1592

PART 29
OFFSET  13.7242  3.7743 -3.5404
X  0.2424  0.3617 -0.9002
Y  0.8414 -0.5404  0.0094
Z -0.4831 -0.7597 -0.4353

PART 30
OFFSET  14.6540  4.1202 -1.4337
X  0.6199 -0.2694 -0.7370
Y -0.6150  0.4165 -0.6696
Z  0.4873  0.8683  0.0925

PART 31
OFFSET  15.8651  3.5940 -2.8734
X -0.6104  0.4014 -0.6829
Y -0.6493  0.2401  0.7216
Z  0.4536  0.8839  0.1140

PART 32
OFFSET  14.9735  4.1803 -3.8708
X -0.8493  0.3402  0.4037
Y  0.2992 -0.3198  0.8990
Z  0.4350  0.8843  0.1698

PART 33
OFFSET  14.0145  4.5721 -3.4131
X  0.4323 -0.1132 -0.8946
Y  0.8059 -0.3965  0.4396
Z -0.4045 -0.9110 -0.0802

PART 34
OFFSET  14.8211  5.0962 -3.2147
X  0.2299  0.9487  0.2170
Y -0.4807 -0.0832  0.8729
Z  0.8462 -0.3050  0.4369

PART 35
OFFSET  13.4483 -3.7816 -3.7782
X  0.5915 -0.8021  0.0819
Y -0.2130 -0.0575  0.9754
Z -0.7777 -0.5944 -0.2049

PART 36
OFFSET  13.4483 -3.7816 -3.7782
X  0.5915 -0.8021  0.0819
Y -0.2130 -0.0575  0.9754
Z -0.7777 -0.5944 -0.2049

PART 37
OFFSET -10.3689  28.8973 -345.1744
X  0.5915 -0.8021  0.0819
Y -0.2130 -0.0575  0.9754
Z -0.7777 -0.5944 -0.2049

PART 38
OFFSET  13.5744 -7.3910 -3.9634
X  0.5915 -0.8021  0.0819
Y -0.2130 -0.0575  0.9754
Z -0.7777 -0.5944 -0.2049

PART 39
OFFSET  24.4727 -14.3015 -26.7244
X  0.5915 -0.8021  0.0819
Y -0.2130 -0.0575  0.9754
Z -0.7777 -0.5944 -0.2049

PART 40
OFFSET  24.5533 -14.2090 -26.6797
X  0.5915 -0.8021  0.0819
Y -0.2130 -0.0575  0.9754
Z -0.7777 -0.5944 -0.2049

PART 41
OFFSET  12.4611 -4.0480  0.7420
X  0.5915 -0.8021  0.0819
Y -0.2130 -0.0575  0.9754
Z -0.7777 -0.5944 -0.2049

PART 42
OFFSET  14.7910  4.6524 -2.8504
X  0.6035  0.7973 -0.0001
Y -0.0380  0.0287 -0.9989
Z -0.7964  0.6029  0.0476

PART 43
OFFSET  19.7592  9.7786 -2.8909
X  0.7964 -0.6029 -0.0476
Y -0.0380  0.0287 -0.9989
Z  0.6035  0.7973 -0.0001

PART 44
OFFSET -6.0573 -7.9373 -2.8236
X -0.8071  0.4529  0.3788
Y -0.2258 -0.8296  0.5107
Z  0.5456  0.3266  0.7718

PART 45
OFFSET  3.7033 -13.4149 -7.4049
X -0.6992 -0.6277 -0.3421
Y  0.7100 -0.5536 -0.4352
Z  0.0838 -0.5472  0.8328

PART 46
OFFSET  9.6504 -8.0758 -4.4949
X -0.6992 -0.6277 -0.3421
Y  0.4653 -0.7629  0.4488
Z -0.5428  0.1546  0.8255

PART 47
OFFSET  9.8732 -5.6038 -5.2740
X -0.7037 -0.6229 -0.3418
Y -0.0920  0.5569 -0.8255
Z  0.7045 -0.5494 -0.4492

PART 48
OFFSET  9.4429 -5.3696 -3.7028
X -0.7037 -0.6229 -0.3418
Y -0.0920  0.5569 -0.8255
Z  0.7045 -0.5494 -0.4492

PART 49
OFFSET  10.0069 -6.4786 -2.5371
X -0.7037 -0.6229 -0.3418
Y -0.0920  0.5569 -0.8255
Z  0.7045 -0.5494 -0.4492

PART 50
OFFSET  11.7939 -6.1513 -3.4461
X -0.3934 -0.8697 -0.2982
Y  0.6619 -0.4930  0.5646
Z -0.6380  0.0248  0.7696

PART 51
OFFSET  11.5941 -5.2945 -4.1728
X -0.1619 -0.8834  0.4398
Y  0.8909  0.0608  0.4502
Z -0.4244  0.4647  0.7771

PART 52
OFFSET  11.8783 -3.4202 -5.2100
X -0.5690 -0.8104 -0.1398
Y  0.5132 -0.4828  0.7096
Z -0.6426  0.3320  0.6906

PART 53
OFFSET  12.8993 -2.1779 -5.0193
X -0.8432 -0.1580 -0.5139
Y -0.0892 -0.9015  0.4236
Z -0.5302  0.4030  0.7460

PART 54
OFFSET  13.8369 -2.0102 -4.5049
X -0.3003 -0.5613 -0.7712
Y  0.9163  0.0549 -0.3967
Z  0.2650 -0.8258  0.4978

PART 55
OFFSET  12.9646 -5.9484 -2.7447
X -0.7770 -0.6054 -0.1726
Y -0.3995  0.2623  0.8784
Z -0.4865  0.7515 -0.4457

PART 56
OFFSET  14.6885 -4.5109 -2.5295
X -0.3795 -0.3556  0.8541
Y  0.7016  0.4913  0.5162
Z -0.6032  0.7951  0.0631

PART 57
OFFSET  15.2257 -4.0074 -3.7387
X  0.5861  0.4040  0.7023
Y  0.4988  0.5032 -0.7057
Z -0.6385  0.7639  0.0934

PART 58
OFFSET  14.7061 -4.3656 -4.3614
X  0.7708  0.5794  0.2648
Y  0.1867  0.1919 -0.9635
Z -0.6090  0.7921  0.0398

PART 59
OFFSET  13.9738 -4.9160 -4.6130
X -0.6187 -0.6782  0.3965
Y -0.4320 -0.1278 -0.8927
Z  0.6561 -0.7237 -0.2139

PART 60
OFFSET  12.5221 -5.4260 -2.9469
X -0.5989 -0.7381 -0.3108
Y -0.5932  0.1481  0.7913
Z -0.5381  0.6583 -0.5265

PART 61
OFFSET  14.1432 -3.6049 -2.0446
X -0.4680 -0.3422  0.8148
Y  0.5880  0.5677  0.5762
Z -0.6598  0.7487 -0.0645

PART 62
OFFSET  14.9399 -3.0222 -3.4318
X  0.4765  0.4694  0.7434
Y  0.6178  0.4229 -0.6630
Z -0.6255  0.7752 -0.0885

PART 63
OFFSET  14.2795 -3.6727 -4.4621
X  0.7510  0.6441  0.1454
Y  0.2488 -0.0721 -0.9659
Z -0.6116  0.7615 -0.2144

PART 64
OFFSET  13.4650 -4.3712 -4.6198
X -0.7875 -0.4491  0.4220
Y -0.2005 -0.4609 -0.8645
Z  0.5827 -0.7655  0.2729

PART 65
OFFSET  9.2548 -9.3406 -4.7520
X -0.6756 -0.7160 -0.1757
Y  0.5215 -0.2956 -0.8004
Z  0.5211 -0.6324  0.5732

PART 66
OFFSET  12.5906 -2.3816 -2.4241
X -0.5578 -0.4581  0.6921
Y  0.2026  0.7335  0.6488
Z -0.8049  0.5021 -0.3163

PART 67
OFFSET  13.5726 -1.5751 -3.6427
X  0.1572  0.7582  0.6328
Y  0.5620  0.4582 -0.6886
Z -0.8121  0.4638 -0.3541

PART 68
OFFSET  13.3322 -2.4687 -4.4334
X  0.5183  0.8477  0.1135
Y  0.3333 -0.0779 -0.9396
Z -0.7876  0.5248 -0.3229

PART 69
OFFSET  12.7469 -3.4261 -4.5617
X -0.6911 -0.0580  0.7204
Y -0.2847 -0.8944 -0.3450
Z  0.6643 -0.4435  0.6016

PART 70
OFFSET  13.3812 -3.0137 -1.9814
X -0.5234 -0.4220  0.7403
Y  0.3253  0.7040  0.6313
Z -0.7876  0.5712 -0.2312

PART 71
OFFSET  14.4036 -2.1893 -3.4275
X  0.3146  0.6274  0.7123
Y  0.6426  0.4115 -0.6463
Z -0.6986  0.6610 -0.2738

PART 72
OFFSET  13.9442 -3.1058 -4.4680
X  0.6517  0.7585  0.0026
Y  0.2845 -0.2412 -0.9278
Z -0.7031  0.6054 -0.3730

PART 73
OFFSET  13.2113 -3.9693 -4.4689
X -0.6365 -0.4662  0.6144
Y -0.2536 -0.6258 -0.7376
Z  0.7284 -0.6253  0.2801

PART 74
OFFSET  0.0000 -0.0000 -0.0000
X  1.0000 -0.0000  0.0000
Y  0.0000  1.0000  0.0000
Z  0.0000 -0.0000  1.0000

PART 75
OFFSET  0.0000 -0.0000 -0.0000
X  1.0000 -0.0000  0.0000
Y  0.0000  1.0000  0.0000
Z  0.0000 -0.0000  1.0000

PART 76
OFFSET  1.5404 -0.0000  4.1357
X  1.0000 -0.0000  0.0000
Y  0.0000  1.0000  0.0000
Z  0.0000 -0.0000  1.0000


FRAME 701
PART 0
OFFSET -4.6318 -0.0000 -1.3770
X  1.0000 -0.0000  0.0000
Y  0.0000  1.0000  0.0000
Z  0.0000 -0.0000  1.0000

PART 1
OFFSET -4.6318 -0.0000 -1.3770
X  1.0000 -0.0000  0.0000
Y  0.0000  1.0000  0.0000
Z  0.0000 -0.0000  1.0000

PART 2
OFFSET -6.2831  7.9373 -3.1869
X  0.8250  0.3413 -0.4504
Y  0.2356 -0.9322 -0.2748
Z -0.5137  0.1206 -0.8495

PART 3
OFFSET  3.6943  12.0652 -8.6342
X  0.7092 -0.5031  0.4939
Y -0.7026 -0.4455  0.5549
Z -0.0591 -0.7405 -0.6694

PART 4
OFFSET  9.7261  7.7859 -4.4332
X  0.7092 -0.5031  0.4939
Y -0.4181 -0.8642 -0.2800
Z  0.5677 -0.0080 -0.8232

PART 5
OFFSET  11.5117  8.2177 -3.7290
X  0.7135 -0.4984  0.4924
Y  0.0672  0.7483  0.6600
Z -0.6974 -0.4378  0.5674

PART 6
OFFSET  11.2842  7.2943 -5.1179
X  0.7135 -0.4984  0.4924
Y  0.0672  0.7483  0.6600
Z -0.6974 -0.4378  0.5674

PART 7
OFFSET  10.0933  6.7405 -2.1346
X  0.7135 -0.4984  0.4924
Y  0.0672  0.7483  0.6600
Z -0.6974 -0.4378  0.5674

PART 8
OFFSET  9.7014  5.5995 -2.9338
X  0.7135 -0.4984  0.4924
Y  0.0672  0.7483  0.6600
Z -0.6974 -0.4378  0.5674

PART 9
OFFSET  9.8795  4.8887 -4.6829
X  0.7135 -0.4984  0.4924
Y  0.0672  0.7483  0.6600
Z -0.6974 -0.4378  0.5674

PART 10
OFFSET  11.9001  6.2435 -2.9190
X  0.7227 -0.6056  0.3332
Y -0.5204 -0.7939 -0.3144
Z  0.4549  0.0538 -0.8889

PART 11
OFFSET  11.9097  5.2270 -3.4375
X  0.4931 -0.8519 -0.1765
Y -0.8376 -0.4102 -0.3607
Z  0.2349  0.3257 -0.9158

PART 12
OFFSET  12.9034  3.3659 -3.9052
X  0.7903 -0.5542  0.2615
Y -0.3739 -0.7742 -0.5107
Z  0.4854  0.3058 -0.8191

PART 13
OFFSET  14.2558  2.5517 -3.5444
X  0.9148  0.0727  0.3973
Y  0.1931 -0.9427 -0.2721
Z  0.3548  0.3256 -0.8764

PART 14
OFFSET  15.2646  2.6292 -3.1594
X  0.4872 -0.3498  0.8002
Y -0.8555 -0.0072  0.5177
Z -0.1753 -0.9368 -0.3028

PART 15
OFFSET  13.1608  6.5920 -2.4801
X  0.9188 -0.1381  0.3698
Y  0.3846  0.1029 -0.9173
Z  0.0886  0.9851  0.1476

PART 16
OFFSET  15.2595  6.1509 -1.7833
X  0.7409 -0.5512 -0.3838
Y -0.4689 -0.0153 -0.8831
Z  0.4809  0.8342 -0.2698

PART 17
OFFSET  16.3084  5.3705 -2.3267
X -0.2934 -0.1218 -0.9482
Y -0.7963  0.5799  0.1719
Z  0.5289  0.8055 -0.2671

PART 18
OFFSET  16.0483  5.2626 -3.1674
X -0.8669  0.4060 -0.2891
Y -0.1438  0.3517  0.9250
Z  0.4773  0.8435 -0.2465

PART 19
OFFSET  15.2247  5.6483 -3.4421
X  0.6843 -0.6533 -0.3239
Y  0.5096  0.1108  0.8532
Z -0.5215 -0.7490  0.4087

PART 20
OFFSET  12.9104  5.9237 -2.4916
X  0.8503 -0.3322  0.4082
Y  0.4624  0.1010 -0.8809
Z  0.2514  0.9378  0.2395

PART 21
OFFSET  15.1071  5.1133 -1.3620
X  0.6081 -0.3478 -0.7136
Y -0.6769  0.2426 -0.6950
Z  0.4149  0.9056 -0.0879

PART 22
OFFSET  16.1424  4.5211 -2.5770
X -0.6068  0.2090 -0.7669
Y -0.6644  0.3962  0.6337
Z  0.4363  0.8941 -0.1016

PART 23
OFFSET  15.3013  4.8108 -3.6398
X -0.8179  0.4434  0.3667
Y  0.3703 -0.0821  0.9253
Z  0.4404  0.8926 -0.0970

PART 24
OFFSET  14.4143  5.2916 -3.2421
X  0.4803 -0.2725 -0.8337
Y  0.7529 -0.3597  0.5512
Z -0.4500 -0.8924  0.0324

PART 25
OFFSET  13.5453  3.1448 -2.8676
X  0.9071 -0.4013  0.1271
Y -0.2452 -0.2584  0.9344
Z -0.3421 -0.8787 -0.3328

PART 26
OFFSET  14.1544  3.2649 -1.5276
X  0.6702 -0.1893 -0.7177
Y -0.6303  0.3654 -0.6850
Z  0.3919  0.9114  0.1255

PART 27
OFFSET  15.3343  2.9315 -2.7911
X -0.4687  0.3919 -0.7917
Y -0.7527  0.2920  0.5901
Z  0.4624  0.8725  0.1581

PART 28
OFFSET  14.7364  3.3549 -3.7632
X -0.8858  0.3697  0.2804
Y  0.2110 -0.2172  0.9530
Z  0.4132  0.9034  0.1144

PART 29
OFFSET  13.7359  3.7725 -3.4465
X  0.2141  0.3298 -0.9194
Y  0.8448 -0.5351  0.0048
Z -0.4904 -0.7778 -0.3932

PART 30
OFFSET  14.7235  4.2004 -1.3815
X  0.6003 -0.2928 -0.7443
Y -0.6367  0.3883 -0.6662
Z  0.4841  0.8738  0.0467

PART 31
OFFSET  15.8962  3.6284 -2.8355
X -0.6324  0.3727 -0.6791
Y -0.6299  0.2628  0.7309
Z  0.4509  0.8899  0.0686

PART 32
OFFSET  14.9725  4.1729 -3.8274
X -0.8395  0.3502  0.4154
Y  0.3270 -0.2850  0.9010
Z  0.4339  0.8923  0.1248

PART 33
OFFSET  14.0245  4.5760 -3.3567
X  0.4072 -0.1435 -0.9020
Y  0.8208 -0.3758  0.4303
Z -0.4007 -0.9155 -0.0352

PART 34
OFFSET  14.8330  5.1114 -3.2010
X  0.2299  0.9572  0.1756
Y -0.4549 -0.0538  0.8889
Z  0.8604 -0.2842  0.4231

PART 35
OFFSET  13.4529 -3.7573 -3.7970
X  0.5903 -0.8017  0.0943
Y -0.2220 -0.0490  0.9738
Z -0.7761 -0.5957 -0.2069

PART 36
OFFSET  13.4529 -3.7573 -3.7970
X  0.5903 -0.8017  0.0943
Y -0.2220 -0.0490  0.9738
Z -0.7761 -0.5957 -0.2069

PART 37
OFFSET -7.1992  25.9913 -345.6669
X  0.5903 -0.8017  0.0943
Y -0.2220 -0.0490  0.9738
Z -0.7761 -0.5957 -0.2069

PART 38
OFFSET  13.5786 -7.3682 -3.9500
X  0.5903 -0.8017  0.0943
Y -0.2220 -0.0490  0.9738
Z -0.7761 -0.5957 -0.2069

PART 39
OFFSET  24.6324 -14.4298 -26.4136
X  0.5903 -0.8017  0.0943
Y -0.2220 -0.0490  0.9738
Z -0.7761 -0.5957 -0.2069

PART 40
OFFSET  24.7126 -14.3370 -26.3689
X  0.5903 -0.8017  0.0943
Y -0.2220 -0.0490  0.9738
Z -0.7761 -0.5957 -0.2069

PART 41
OFFSET  12.4240 -3.9843  0.7160
X  0.5903 -0.8017  0.0943
Y -0.2220 -0.0490  0.9738
Z -0.7761 -0.5957 -0.2069

PART 42
OFFSET  14.8163  4.6811 -2.8201
X  0.5981  0.8001 -0.0466
Y -0.0668 -0.0081 -0.9977
Z -0.7986  0.5998  0.0486

PART 43
OFFSET  19.7478  9.8294 -3.1911
X  0.7986 -0.5998 -0.0486
Y -0.0668 -0.0081 -0.9977
Z  0.5981  0.8001 -0.0466

PART 44
OFFSET -6.0573 -7.9373 -2.8236
X -0.8077  0.4521  0.3785
Y -0.2241 -0.8292  0.5121
Z  0.5453  0.3288  0.7710

PART 45
OFFSET  3.7109 -13.4045 -7.4011
X -0.6986 -0.6293 -0.3406
Y  0.7104 -0.5533 -0.4349
Z  0.0852 -0.5458  0.8336

PART 46
OFFSET  9.6526 -8.0524 -4.5040
X -0.6986 -0.6293 -0.3406
Y  0.4603 -0.7597  0.4594
Z -0.5478  0.1642  0.8203

PART 47
OFFSET  9.8714 -5.5814 -5.2871
X -0.7030 -0.6244 -0.3403
Y -0.0934  0.5554 -0.8263
Z  0.7050 -0.5491 -0.4488

PART 48
OFFSET  9.4419 -5.3453 -3.7160
X -0.7030 -0.6244 -0.3403
Y -0.0934  0.5554 -0.8263
Z  0.7050 -0.5491 -0.4488

PART 49
OFFSET  10.0083 -6.4516 -2.5490
X -0.7030 -0.6244 -0.3403
Y -0.0934  0.5554 -0.8263
Z  0.7050 -0.5491 -0.4488

PART 50
OFFSET  11.7942 -6.1233 -3.4598
X -0.3912 -0.8720 -0.2943
Y  0.6564 -0.4885  0.5749
Z -0.6451  0.0317  0.7635

PART 51
OFFSET  11.6016 -5.2727 -4.1957
X -0.1665 -0.8795  0.4459
Y  0.8867  0.0642  0.4578
Z -0.4313  0.4716  0.7691

PART 52
OFFSET  11.8964 -3.4075 -5.2463
X -0.5681 -0.8113 -0.1380
Y  0.5064 -0.4768  0.7185
Z -0.6487  0.3382  0.6817

PART 53
OFFSET  12.9163 -2.1640 -5.0571
X -0.8385 -0.1621 -0.5202
Y -0.0935 -0.8977  0.4306
Z -0.5368  0.4097  0.7376

PART 54
OFFSET  13.8492 -1.9922 -4.5356
X -0.2935 -0.5678 -0.7691
Y  0.9199  0.0511 -0.3887
Z  0.2600 -0.8216  0.5074

PART 55
OFFSET  12.9584 -5.9149 -2.7494
X -0.7757 -0.6065 -0.1746
Y -0.4074  0.2700  0.8724
Z -0.4819  0.7478 -0.4566

PART 56
OFFSET  14.6811 -4.4764 -2.5307
X -0.3875 -0.3480  0.8537
Y  0.6972  0.4952  0.5183
Z -0.6032  0.7960  0.0508

PART 57
OFFSET  15.2296 -3.9837 -3.7393
X  0.5799  0.4095  0.7043
Y  0.5057  0.4969 -0.7052
Z -0.6388  0.7651  0.0810

PART 58
OFFSET  14.7155 -4.3468 -4.3638
X  0.7688  0.5811  0.2667
Y  0.1955  0.1835 -0.9634
Z -0.6088  0.7928  0.0274

PART 59
OFFSET  13.9851 -4.8989 -4.6172
X -0.6228 -0.6743  0.3968
Y -0.4241 -0.1353 -0.8955
Z  0.6575 -0.7259 -0.2017

PART 60
OFFSET  12.5181 -5.3940 -2.9602
X -0.5964 -0.7404 -0.3099
Y -0.6003  0.1552  0.7845
Z -0.5328  0.6540 -0.5371

PART 61
OFFSET  14.1320 -3.5661 -2.0587
X -0.4756 -0.3349  0.8134
Y  0.5831  0.5723  0.5766
Z -0.6586  0.7485 -0.0769

PART 62
OFFSET  14.9417 -2.9958 -3.4436
X  0.4699  0.4753  0.7438
Y  0.6242  0.4169 -0.6608
Z -0.6241  0.7748 -0.1008

PART 63
OFFSET  14.2904 -3.6546 -4.4744
X  0.7502  0.6448  0.1466
Y  0.2575 -0.0806 -0.9629
Z -0.6090  0.7601 -0.2265

PART 64
OFFSET  13.4768 -4.3539 -4.6335
X -0.7917 -0.4448  0.4188
Y -0.1931 -0.4682 -0.8623
Z  0.5796 -0.7635  0.2847

PART 65
OFFSET  9.2653 -9.3224 -4.7615
X -0.6744 -0.7172 -0.1758
Y  0.5287 -0.3028 -0.7930
Z  0.5154 -0.6277  0.5834

PART 66
OFFSET  12.5837 -2.3453 -2.4630
X -0.5644 -0.4518  0.6909
Y  0.1973  0.7389  0.6442
Z -0.8016  0.4999 -0.3279

PART 67
OFFSET  13.5773 -1.5499 -3.6795
X  0.1518  0.7634  0.6278
Y  0.5686  0.4521 -0.6872
Z -0.8085  0.4613 -0.3654

PART 68
OFFSET  13.3436 -2.4500 -4.4649
X  0.5179  0.8482  0.1109
Y  0.3417 -0.0863 -0.9358
Z -0.7843  0.5225 -0.3345

PART 69
OFFSET  12.7587 -3.4081 -4.5902
X -0.6976 -0.0513  0.7146
Y -0.2822 -0.8971 -0.3399
Z  0.6585 -0.4388  0.6114

PART 70
OFFSET  13.3698 -2.9740 -2.0076
X -0.5304 -0.4152  0.7391
Y  0.3201  0.7092  0.6282
Z -0.7850  0.5698 -0.2432

PART 71
OFFSET  14.4059 -2.1627 -3.4514
X  0.3084  0.6332  0.7099
Y  0.6488  0.4057 -0.6438
Z -0.6956  0.6591 -0.2858

PART 72
OFFSET  13.9555 -3.0877 -4.4883
X  0.6522  0.7580  0.0020
Y  0.2927 -0.2495 -0.9231
Z -0.6992  0.6026 -0.3846

PART 73
OFFSET  13.2219 -3.9506 -4.4885
X -0.6424 -0.4604  0.6127
Y -0.2474 -0.6320 -0.7344
Z  0.7253 -0.6234  0.2921

PART 74
OFFSET  0.0000 -0.0000 -0.0000
X  1.0000 -0.0000  0.0000
Y  0.0000  1.0000  0.0000
Z  0.0000 -0.0000  1.0000

PART 75
OFFSET  0.0000 -0.0000 -0.0000
X  1.0000 -0.0000  0.0000
Y  0.0000  1.0000  0.0000
Z  0.0000 -0.0000  1.0000

PART 76
OFFSET  1.5404 -0.0000  4.1357
X  1.0000 -0.0000  0.0000
Y  0.0000  1.0000  0.0000
Z  0.0000 -0.0000  1.0000


FRAME 702
PART 0
OFFSET -4.6318 -0.0000 -1.3770
X  1.0000 -0.0000  0.0000
Y  0.0000  1.0000  0.0000
Z  0.0000 -0.0000  1.0000

PART 1
OFFSET -4.6318 -0.0000 -1.3770
X  1.0000 -0.0000  0.0000
Y  0.0000  1.0000  0.0000
Z  0.0000 -0.0000  1.0000

PART 2
OFFSET -6.2831  7.9373 -3.1869
X  0.8287  0.3386 -0.4456
Y  0.2381 -0.9339 -0.2669
Z -0.5065  0.1151 -0.8545

PART 3
OFFSET  3.7394  12.0325 -8.5759
X  0.7078 -0.4981  0.5009
Y -0.7044 -0.4441  0.5537
Z -0.0534 -0.7448 -0.6652

PART 4
OFFSET  9.7597  7.7961 -4.3156
X  0.7078 -0.4981  0.5009
Y -0.4749 -0.8605 -0.1845
Z  0.5229 -0.1073 -0.8456

PART 5
OFFSET  11.5402  8.2373 -3.6042
X  0.7122 -0.4934  0.4994
Y  0.0615  0.7525  0.6557
Z -0.6993 -0.4363  0.5662

PART 6
OFFSET  11.3230  7.3047 -4.9887
X  0.7122 -0.4934  0.4994
Y  0.0615  0.7525  0.6557
Z -0.6993 -0.4363  0.5662

PART 7
OFFSET  10.1172  6.7658 -2.0086
X  0.7122 -0.4934  0.4994
Y  0.0615  0.7525  0.6557
Z -0.6993 -0.4363  0.5662

PART 8
OFFSET  9.7329  5.6188 -2.8029
X  0.7122 -0.4934  0.4994
Y  0.0615  0.7525  0.6557
Z -0.6993 -0.4363  0.5662

PART 9
OFFSET  9.9226  4.8979 -4.5467
X  0.7122 -0.4934  0.4994
Y  0.0615  0.7525  0.6557
Z -0.6993 -0.4363  0.5662

PART 10
OFFSET  11.9297  6.2691 -2.7800
X  0.7557 -0.5613  0.3374
Y -0.5265 -0.8271 -0.1968
Z  0.3896 -0.0289 -0.9205

PART 11
OFFSET  11.9215  5.2066 -3.1961
X  0.4952 -0.8593 -0.1277
Y -0.8533 -0.4535 -0.2573
Z  0.1632  0.2364 -0.9579

PART 12
OFFSET  12.9141  3.3201 -3.5507
X  0.8171 -0.5164  0.2564
Y -0.3947 -0.8251 -0.4042
Z  0.4203  0.2291 -0.8780

PART 13
OFFSET  14.3037  2.5613 -3.2110
X  0.9392  0.1222  0.3210
Y  0.1909 -0.9626 -0.1920
Z  0.2855  0.2416 -0.9274

PART 14
OFFSET  15.3356  2.6882 -2.9096
X  0.5492 -0.2634  0.7931
Y -0.8164  0.0339  0.5766
Z -0.1788 -0.9641 -0.1964

PART 15
OFFSET  13.2116  6.6739 -2.4698
X  0.9452 -0.0902  0.3139
Y  0.3166  0.0163 -0.9484
Z  0.0804  0.9958  0.0439

PART 16
OFFSET  15.3623  6.3282 -1.8871
X  0.7219 -0.5777 -0.3808
Y -0.5300 -0.1079 -0.8411
Z  0.4449  0.8091 -0.3841

PART 17
OFFSET  16.3845  5.5103 -2.4263
X -0.3576 -0.2182 -0.9080
Y -0.7928  0.5847  0.1718
Z  0.4935  0.7813 -0.3821

PART 18
OFFSET  16.0674  5.3168 -3.2314
X -0.8927  0.3654 -0.2638
Y -0.0844  0.4396  0.8942
Z  0.4427  0.8205 -0.3616

PART 19
OFFSET  15.2193  5.6639 -3.4820
X  0.6717 -0.6741 -0.3073
Y  0.5667  0.2004  0.7992
Z -0.4771 -0.7110  0.5166

PART 20
OFFSET  12.9735  6.0048 -2.3978
X  0.8832 -0.2804  0.3760
Y  0.3967  0.0189 -0.9177
Z  0.2502  0.9597  0.1279

PART 21
OFFSET  15.2597  5.3356 -1.3566
X  0.5623 -0.4095 -0.7184
Y -0.7289  0.1649 -0.6645
Z  0.3906  0.8973 -0.2057

PART 22
OFFSET  16.2170  4.6384 -2.5797
X -0.6635  0.1252 -0.7376
Y -0.6250  0.4491  0.6385
Z  0.4112  0.8847 -0.2197

PART 23
OFFSET  15.2974  4.8119 -3.6020
X -0.7980  0.4679  0.3799
Y  0.4365  0.0140  0.8996
Z  0.4156  0.8837 -0.2154

PART 24
OFFSET  14.4319  5.3193 -3.1900
X  0.4249 -0.3478 -0.8357
Y  0.7967 -0.2947  0.5277
Z -0.4298 -0.8900  0.1519

PART 25
OFFSET  13.6320  3.2100 -2.5456
X  0.9212 -0.3762  0.0996
Y -0.1734 -0.1678  0.9705
Z -0.3484 -0.9112 -0.2198

PART 26
OFFSET  14.3323  3.4688 -1.2714
X  0.6210 -0.2515 -0.7424
Y -0.6840  0.2886 -0.6699
Z  0.3827  0.9238  0.0072

PART 27
OFFSET  15.4256  3.0261 -2.5786
X -0.5309  0.3063 -0.7901
Y -0.7142  0.3400  0.6118
Z  0.4561  0.8891  0.0382

PART 28
OFFSET  14.7525  3.3445 -3.5414
X -0.8705  0.3852  0.3064
Y  0.2822 -0.1196  0.9519
Z  0.4034  0.9150 -0.0046

PART 29
OFFSET  13.7693  3.7797 -3.1953
X  0.1421  0.2399 -0.9603
Y  0.8529 -0.5221 -0.0042
Z -0.5024 -0.8184 -0.2788

PART 30
OFFSET  14.8928  4.4208 -1.2591
X  0.5513 -0.3578 -0.7537
Y -0.6895  0.3132 -0.6531
Z  0.4697  0.8797 -0.0741

PART 31
OFFSET  15.9698  3.7218 -2.7314
X -0.6858  0.2965 -0.6646
Y -0.5813  0.3263  0.7454
Z  0.4379  0.8975 -0.0515

PART 32
OFFSET  14.9680  4.1548 -3.7022
X -0.8143  0.3797  0.4390
Y  0.3953 -0.1909  0.8985
Z  0.4249  0.9052  0.0053

PART 33
OFFSET  14.0484  4.5914 -3.2056
X  0.3448 -0.2271 -0.9108
Y  0.8561 -0.3219  0.4043
Z -0.3850 -0.9191  0.0834

PART 34
OFFSET  14.8558  5.1489 -3.1619
X  0.2238  0.9725  0.0641
Y -0.3896  0.0289  0.9205
Z  0.8934 -0.2310  0.3853

PART 35
OFFSET  13.4579 -3.7336 -3.8158
X  0.5889 -0.8011  0.1066
Y -0.2310 -0.0405  0.9721
Z -0.7745 -0.5971 -0.2089

PART 36
OFFSET  13.4579 -3.7336 -3.8158
X  0.5889 -0.8011  0.1066
Y -0.2310 -0.0405  0.9721
Z -0.7745 -0.5971 -0.2089

PART 37
OFFSET -4.0304  23.0756 -346.1051
X  0.5889 -0.8011  0.1066
Y -0.2310 -0.0405  0.9721
Z -0.7745 -0.5971 -0.2089

PART 38
OFFSET  13.5830 -7.3457 -3.9365
X  0.5889 -0.8011  0.1066
Y -0.2310 -0.0405  0.9721
Z -0.7745 -0.5971 -0.2089

PART 39
OFFSET  24.7883 -14.5547 -26.1012
X  0.5889 -0.8011  0.1066
Y -0.2310 -0.0405  0.9721
Z -0.7745 -0.5971 -0.2089

PART 40
OFFSET  24.8682 -14.4615 -26.0567
X  0.5889 -0.8011  0.1066
Y -0.2310 -0.0405  0.9721
Z -0.7745 -0.5971 -0.2089

PART 41
OFFSET  12.3874 -3.9211  0.6894
X  0.5889 -0.8011  0.1066
Y -0.2310 -0.0405  0.9721
Z -0.7745 -0.5971 -0.2089

PART 42
OFFSET  14.8743  4.7582 -2.7406
X  0.5782  0.7985 -0.1677
Y -0.1373 -0.1074 -0.9847
Z -0.8043  0.5924  0.0476

PART 43
OFFSET  19.6699  9.9017 -3.9688
X  0.8043 -0.5924 -0.0476
Y -0.1373 -0.1074 -0.9847
Z  0.5782  0.7985 -0.1677

PART 44
OFFSET -6.0573 -7.9373 -2.8236
X -0.8083  0.4512  0.3782
Y -0.2224 -0.8288  0.5135
Z  0.5451  0.3309  0.7703

PART 45
OFFSET  3.7184 -13.3941 -7.3974
X -0.6980 -0.6307 -0.3391
Y  0.7109 -0.5530 -0.4345
Z  0.0865 -0.5444  0.8344

PART 46
OFFSET  9.6550 -8.0294 -4.5131
X -0.6980 -0.6307 -0.3391
Y  0.4552 -0.7563  0.4699
Z -0.5529  0.1736  0.8150

PART 47
OFFSET  9.8699 -5.5593 -5.3002
X -0.7024 -0.6259 -0.3388
Y -0.0948  0.5540 -0.8271
Z  0.7054 -0.5489 -0.4485

PART 48
OFFSET  9.4412 -5.3213 -3.7292
X -0.7024 -0.6259 -0.3388
Y -0.0948  0.5540 -0.8271
Z  0.7054 -0.5489 -0.4485

PART 49
OFFSET  10.0101 -6.4250 -2.5608
X -0.7024 -0.6259 -0.3388
Y -0.0948  0.5540 -0.8271
Z  0.7054 -0.5489 -0.4485

PART 50
OFFSET  11.7948 -6.0957 -3.4735
X -0.3890 -0.8743 -0.2903
Y  0.6508 -0.4838  0.5851
Z -0.6521  0.0386  0.7572

PART 51
OFFSET  11.6095 -5.2514 -4.2184
X -0.1711 -0.8755  0.4519
Y  0.8825  0.0678  0.4654
Z -0.4381  0.4784  0.7611

PART 52
OFFSET  11.9150 -3.3955 -5.2824
X -0.5670 -0.8124 -0.1359
Y  0.4998 -0.4705  0.7272
Z -0.6548  0.3444  0.6728

PART 53
OFFSET  12.9335 -2.1506 -5.0950
X -0.8338 -0.1666 -0.5263
Y -0.0977 -0.8938  0.4377
Z -0.5433  0.4163  0.7290

PART 54
OFFSET  13.8617 -1.9743 -4.5666
X -0.2866 -0.5746 -0.7666
Y  0.9234  0.0474 -0.3808
Z  0.2552 -0.8170  0.5170

PART 55
OFFSET  12.9526 -5.8818 -2.7543
X -0.7744 -0.6076 -0.1765
Y -0.4153  0.2777  0.8663
Z -0.4774  0.7441 -0.4674

PART 56
OFFSET  14.6738 -4.4422 -2.5320
X -0.3953 -0.3404  0.8532
Y  0.6930  0.4991  0.5202
Z -0.6029  0.7969  0.0387

PART 57
OFFSET  15.2334 -3.9602 -3.7399
X  0.5736  0.4147  0.7064
Y  0.5128  0.4907 -0.7044
Z -0.6388  0.7663  0.0689

PART 58
OFFSET  14.7248 -4.3279 -4.3663
X  0.7671  0.5828  0.2683
Y  0.2040  0.1750 -0.9632
Z -0.6083  0.7936  0.0154

PART 59
OFFSET  13.9961 -4.8815 -4.6212
X -0.6268 -0.6704  0.3972
Y -0.4165 -0.1426 -0.8979
Z  0.6586 -0.7282 -0.1898

PART 60
OFFSET  12.5146 -5.3626 -2.9735
X -0.5940 -0.7428 -0.3090
Y -0.6075  0.1622  0.7776
Z -0.5275  0.6496 -0.5476

PART 61
OFFSET  14.1211 -3.5277 -2.0731
X -0.4831 -0.3275  0.8120
Y  0.5786  0.5766  0.5768
Z -0.6571  0.7485 -0.0891

PART 62
OFFSET  14.9435 -2.9701 -3.4555
X  0.4634  0.4809  0.7443
Y  0.6308  0.4110 -0.6582
Z -0.6224  0.7745 -0.1129

PART 63
OFFSET  14.3013 -3.6366 -4.4871
X  0.7496  0.6452  0.1475
Y  0.2657 -0.0892 -0.9599
Z -0.6062  0.7588 -0.2383

PART 64
OFFSET  13.4883 -4.3363 -4.6471
X -0.7958 -0.4403  0.4157
Y -0.1861 -0.4754 -0.8598
Z  0.5763 -0.7616  0.2964

PART 65
OFFSET  9.2762 -9.3047 -4.7708
X -0.6731 -0.7183 -0.1758
Y  0.5358 -0.3099 -0.7854
Z  0.5097 -0.6229  0.5935

PART 66
OFFSET  12.5772 -2.3097 -2.5020
X -0.5709 -0.4453  0.6898
Y  0.1923  0.7442  0.6396
Z -0.7982  0.4978 -0.3392

PART 67
OFFSET  13.5824 -1.5257 -3.7165
X  0.1466  0.7682  0.6231
Y  0.5752  0.4463 -0.6855
Z -0.8048  0.4589 -0.3765

PART 68
OFFSET  13.3553 -2.4318 -4.4969
X  0.5178  0.8487  0.1080
Y  0.3497 -0.0948 -0.9321
Z -0.7808  0.5204 -0.3459

PART 69
OFFSET  12.7704 -3.3903 -4.6189
X -0.7039 -0.0443  0.7090
Y -0.2802 -0.8998 -0.3345
Z  0.6527 -0.4341  0.6209

PART 70
OFFSET  13.3588 -2.9348 -2.0340
X -0.5373 -0.4084  0.7379
Y  0.3153  0.7142  0.6249
Z -0.7822  0.5684 -0.2550

PART 71
OFFSET  14.4084 -2.1369 -3.4756
X  0.3022  0.6387  0.7076
Y  0.6551  0.4001 -0.6409
Z -0.6924  0.6573 -0.2975

PART 72
OFFSET  13.9670 -3.0698 -4.5092
X  0.6531  0.7573  0.0011
Y  0.3005 -0.2578 -0.9183
Z -0.6951  0.6000 -0.3959

PART 73
OFFSET  13.2324 -3.9319 -4.5082
X -0.6483 -0.4544  0.6110
Y -0.2417 -0.6381 -0.7310
Z  0.7220 -0.6216  0.3038

PART 74
OFFSET  0.0000 -0.0000 -0.0000
X  1.0000 -0.0000  0.0000
Y  0.0000  1.0000  0.0000
Z  0.0000 -0.0000  1.0000

PART 75
OFFSET  0.0000 -0.0000 -0.0000
X  1.0000 -0.0000  0.0000
Y  0.0000  1.0000  0.0000
Z  0.0000 -0.0000  1.0000

PART 76
OFFSET  1.5404 -0.0000  4.1357
X  1.0000 -0.0000  0.0000
Y  0.0000  1.0000  0.0000
Z  0.0000 -0.0000  1.0000


FRAME 703
PART 0
OFFSET -4.6318 -0.0000 -1.3770
X  1.0000 -0.0000  0.0000
Y  0.0000  1.0000  0.0000
Z  0.0000 -0.0000  1.0000

PART 1
OFFSET -4.6318 -0.0000 -1.3770
X  1.0000 -0.0000  0.0000
Y  0.0000  1.0000  0.0000
Z  0.0000 -0.0000  1.0000

PART 2
OFFSET -6.2831  7.9373 -3.1869
X  0.8329  0.3359 -0.4398
Y  0.2420 -0.9358 -0.2565
Z -0.4977  0.1072 -0.8607

PART 3
OFFSET  3.7897  11.9999 -8.5062
X  0.7064 -0.4909  0.5099
Y -0.7064 -0.4426  0.5525
Z -0.0455 -0.7504 -0.6594

PART 4
OFFSET  9.7979  7.8244 -4.1692
X  0.7064 -0.4909  0.5099
Y -0.5466 -0.8360 -0.0476
Z  0.4497 -0.2451 -0.8589

PART 5
OFFSET  11.5715  8.2791 -3.4490
X  0.7107 -0.4862  0.5084
Y  0.0537  0.7581  0.6499
Z -0.7014 -0.4346  0.5649

PART 6
OFFSET  11.3679  7.3342 -4.8272
X  0.7107 -0.4862  0.5084
Y  0.0537  0.7581  0.6499
Z -0.7014 -0.4346  0.5649

PART 7
OFFSET  10.1435  6.8147 -1.8513
X  0.7107 -0.4862  0.5084
Y  0.0537  0.7581  0.6499
Z -0.7014 -0.4346  0.5649

PART 8
OFFSET  9.7697  5.6596 -2.6388
X  0.7107 -0.4862  0.5084
Y  0.0537  0.7581  0.6499
Z -0.7014 -0.4346  0.5649

PART 9
OFFSET  9.9747  4.9251 -4.3751
X  0.7107 -0.4862  0.5084
Y  0.0537  0.7581  0.6499
Z -0.7014 -0.4346  0.5649

PART 10
OFFSET  11.9635  6.3194 -2.6059
X  0.7976 -0.4964  0.3425
Y -0.5197 -0.8539 -0.0275
Z  0.3061 -0.1560 -0.9391

PART 11
OFFSET  11.9465  5.2080 -2.8640
X  0.5046 -0.8619 -0.0494
Y -0.8605 -0.4975 -0.1101
Z  0.0703  0.0980 -0.9927

PART 12
OFFSET  12.9535  3.3038 -3.0368
X  0.8503 -0.4629  0.2506
Y -0.4071 -0.8801 -0.2444
Z  0.3336  0.1058 -0.9367

PART 13
OFFSET  14.3878  2.6210 -2.7226
X  0.9605  0.1800  0.2121
Y  0.1987 -0.9776 -0.0699
Z  0.1947  0.1093 -0.9748

PART 14
OFFSET  15.4388  2.8040 -2.5391
X  0.6249 -0.1388  0.7683
Y -0.7620  0.1056  0.6389
Z -0.1698 -0.9847 -0.0398

PART 15
OFFSET  13.2567  6.7822 -2.4764
X  0.9716 -0.0311  0.2347
Y  0.2297 -0.1163 -0.9663
Z  0.0573  0.9927 -0.1059

PART 16
OFFSET  15.4595  6.5535 -2.0520
X  0.7001 -0.6167 -0.3598
Y -0.6001 -0.2352 -0.7645
Z  0.3868  0.7512 -0.5348

PART 17
OFFSET  16.4507  5.6803 -2.5615
X -0.4316 -0.3517 -0.8307
Y -0.7896  0.5925  0.1594
Z  0.4362  0.7247 -0.5334

PART 18
OFFSET  16.0681  5.3685 -3.2980
X -0.9222  0.3113 -0.2294
Y -0.0156  0.5627  0.8265
Z  0.3864  0.7658 -0.5141

PART 19
OFFSET  15.1920  5.6643 -3.5160
X  0.6593 -0.7021 -0.2690
Y  0.6305  0.3213  0.7066
Z -0.4097 -0.6355  0.6545

PART 20
OFFSET  13.0441  6.1273 -2.2882
X  0.9205 -0.2111  0.3288
Y  0.3123 -0.1082 -0.9438
Z  0.2348  0.9714 -0.0337

PART 21
OFFSET  15.4314  5.6464 -1.3784
X  0.5064 -0.5011 -0.7018
Y -0.7897  0.0574 -0.6109
Z  0.3464  0.8635 -0.3666

PART 22
OFFSET  16.2936  4.7933 -2.5732
X -0.7301  0.0085 -0.6833
Y -0.5771  0.5279  0.6231
Z  0.3660  0.8493 -0.3805

PART 23
OFFSET  15.2818  4.8050 -3.5202
X -0.7730  0.5068  0.3817
Y  0.5148  0.1495  0.8442
Z  0.3708  0.8490 -0.3764

PART 24
OFFSET  14.4435  5.3547 -3.1063
X  0.3575 -0.4589 -0.8134
Y  0.8484 -0.2046  0.4883
Z -0.3905 -0.8646  0.3161

PART 25
OFFSET  13.7613  3.3496 -2.0971
X  0.9361 -0.3453  0.0665
Y -0.0812 -0.0284  0.9963
Z -0.3422 -0.9380 -0.0547

PART 26
OFFSET  14.5658  3.7990 -0.9430
X  0.5585 -0.3474 -0.7533
Y -0.7488  0.1797 -0.6380
Z  0.3570  0.9204 -0.1598

PART 27
OFFSET  15.5490  3.1874 -2.2693
X -0.6076  0.1819 -0.7731
Y -0.6654  0.4149  0.6206
Z  0.4337  0.8915 -0.1311

PART 28
OFFSET  14.7840  3.3544 -3.2012
X -0.8495  0.4135  0.3277
Y  0.3694  0.0228  0.9290
Z  0.3767  0.9102 -0.1721

PART 29
OFFSET  13.8244  3.8214 -2.8311
X  0.0490  0.1009 -0.9937
Y  0.8627 -0.5056 -0.0088
Z -0.5033 -0.8568 -0.1118

PART 30
OFFSET  15.0994  4.7503 -1.1181
X  0.4909 -0.4552 -0.7428
Y -0.7534  0.2063 -0.6243
Z  0.4375  0.8662 -0.2416

PART 31
OFFSET  16.0584  3.8611 -2.5693
X -0.7503  0.1882 -0.6337
Y -0.5207  0.4224  0.7419
Z  0.4073  0.8866 -0.2190

PART 32
OFFSET  14.9625  4.1359 -3.4949
X -0.7816  0.4278  0.4539
Y  0.4792 -0.0539  0.8760
Z  0.3993  0.9022 -0.1629

PART 33
OFFSET  14.0797  4.6269 -2.9826
X  0.2677 -0.3513 -0.8972
Y  0.8972 -0.2485  0.3650
Z -0.3512 -0.9027  0.2487

PART 34
OFFSET  14.8726  5.1959 -3.0936
X  0.2026  0.9746 -0.0959
Y -0.3061  0.1560  0.9391
Z  0.9302 -0.1609  0.3300

PART 35
OFFSET  13.4483 -3.7816 -3.7782
X  0.5915 -0.8021  0.0819
Y -0.2130 -0.0575  0.9754
Z -0.7777 -0.5944 -0.2049

PART 36
OFFSET  13.4483 -3.7816 -3.7782
X  0.5915 -0.8021  0.0819
Y -0.2130 -0.0575  0.9754
Z -0.7777 -0.5944 -0.2049

PART 37
OFFSET -10.3689  28.8973 -345.1744
X  0.5915 -0.8021  0.0819
Y -0.2130 -0.0575  0.9754
Z -0.7777 -0.5944 -0.2049

PART 38
OFFSET  13.5744 -7.3910 -3.9634
X  0.5915 -0.8021  0.0819
Y -0.2130 -0.0575  0.9754
Z -0.7777 -0.5944 -0.2049

PART 39
OFFSET  24.3280 -14.1541 -26.3157
X  0.5915 -0.8021  0.0819
Y -0.2130 -0.0575  0.9754
Z -0.7777 -0.5944 -0.2049

PART 40
OFFSET  24.4086 -14.0616 -26.2710
X  0.5915 -0.8021  0.0819
Y -0.2130 -0.0575  0.9754
Z -0.7777 -0.5944 -0.2049

PART 41
OFFSET  12.4611 -4.0480  0.7420
X  0.5915 -0.8021  0.0819
Y -0.2130 -0.0575  0.9754
Z -0.7777 -0.5944 -0.2049

PART 42
OFFSET  14.9391  4.8703 -2.6245
X  0.5392  0.7738 -0.3324
Y -0.2221 -0.2501 -0.9424
Z -0.8123  0.5820  0.0370

PART 43
OFFSET  19.4659  9.8480 -5.0106
X  0.8123 -0.5820 -0.0370
Y -0.2221 -0.2501 -0.9424
Z  0.5392  0.7738 -0.3324

PART 44
OFFSET -6.0573 -7.9373 -2.8236
X -0.8071  0.4529  0.3788
Y -0.2258 -0.8296  0.5107
Z  0.5456  0.3266  0.7718

PART 45
OFFSET  3.7033 -13.4149 -7.4049
X -0.6992 -0.6277 -0.3421
Y  0.7100 -0.5536 -0.4352
Z  0.0838 -0.5472  0.8328

PART 46
OFFSET  9.6504 -8.0758 -4.4949
X -0.6992 -0.6277 -0.3421
Y  0.4653 -0.7629  0.4488
Z -0.5428  0.1546  0.8255

PART 47
OFFSET  9.8732 -5.6038 -5.2740
X -0.7037 -0.6229 -0.3418
Y -0.0920  0.5569 -0.8255
Z  0.7045 -0.5494 -0.4492

PART 48
OFFSET  9.4429 -5.3696 -3.7028
X -0.7037 -0.6229 -0.3418
Y -0.0920  0.5569 -0.8255
Z  0.7045 -0.5494 -0.4492

PART 49
OFFSET  10.0069 -6.4786 -2.5371
X -0.7037 -0.6229 -0.3418
Y -0.0920  0.5569 -0.8255
Z  0.7045 -0.5494 -0.4492

PART 50
OFFSET  11.7939 -6.1513 -3.4461
X -0.3934 -0.8697 -0.2982
Y  0.6619 -0.4930  0.5646
Z -0.6380  0.0248  0.7696

PART 51
OFFSET  11.5941 -5.2945 -4.1728
X -0.1619 -0.8834  0.4398
Y  0.8909  0.0608  0.4502
Z -0.4244  0.4647  0.7771

PART 52
OFFSET  11.8783 -3.4202 -5.2100
X -0.5683 -0.8110 -0.1389
Y  0.5140 -0.4817  0.7098
Z -0.6426  0.3320  0.6906

PART 53
OFFSET  12.8983 -2.1768 -5.0208
X -0.8433 -0.1592 -0.5134
Y -0.0882 -0.9012  0.4244
Z -0.5302  0.4031  0.7459

PART 54
OFFSET  13.8359 -2.0078 -4.5070
X -0.3001 -0.5622 -0.7706
Y  0.9161  0.0554 -0.3972
Z  0.2660 -0.8251  0.4984

PART 55
OFFSET  12.9646 -5.9484 -2.7447
X -0.7768 -0.6056 -0.1727
Y -0.3996  0.2621  0.8784
Z -0.4867  0.7514 -0.4456

PART 56
OFFSET  14.6880 -4.5104 -2.5293
X -0.3788 -0.3555  0.8545
Y  0.7027  0.4905  0.5155
Z -0.6023  0.7957  0.0640

PART 57
OFFSET  15.2243 -4.0071 -3.7391
X  0.5862  0.4021  0.7033
Y  0.4998  0.5038 -0.7046
Z -0.6376  0.7645  0.0944

PART 58
OFFSET  14.7045 -4.3636 -4.3627
X  0.7719  0.5786  0.2633
Y  0.1852  0.1916 -0.9638
Z -0.6081  0.7928  0.0408

PART 59
OFFSET  13.9712 -4.9133 -4.6129
X -0.6187 -0.6775  0.3977
Y -0.4338 -0.1275 -0.8919
Z  0.6550 -0.7244 -0.2150

PART 60
OFFSET  12.5221 -5.4260 -2.9469
X -0.5989 -0.7381 -0.3108
Y -0.5932  0.1481  0.7913
Z -0.5381  0.6583 -0.5265

PART 61
OFFSET  14.1432 -3.6049 -2.0446
X -0.4675 -0.3418  0.8153
Y  0.5894  0.5668  0.5756
Z -0.6589  0.7496 -0.0635

PART 62
OFFSET  14.9391 -3.0230 -3.4326
X  0.4766  0.4676  0.7444
Y  0.6186  0.4233 -0.6619
Z -0.6246  0.7760 -0.0876

PART 63
OFFSET  14.2785 -3.6710 -4.4644
X  0.7524  0.6428  0.1441
Y  0.2471 -0.0727 -0.9663
Z -0.6106  0.7626 -0.2135

PART 64
OFFSET  13.4626 -4.3682 -4.6206
X -0.7876 -0.4476  0.4234
Y -0.2027 -0.4607 -0.8641
Z  0.5818 -0.7664  0.2721

PART 65
OFFSET  9.2548 -9.3406 -4.7520
X -0.6756 -0.7160 -0.1757
Y  0.5215 -0.2956 -0.8004
Z  0.5211 -0.6324  0.5732

PART 66
OFFSET  12.5906 -2.3816 -2.4241
X -0.5576 -0.4575  0.6927
Y  0.2043  0.7331  0.6487
Z -0.8046  0.5032 -0.3153

PART 67
OFFSET  13.5723 -1.5761 -3.6436
X  0.1576  0.7568  0.6344
Y  0.5622  0.4594 -0.6877
Z -0.8119  0.4650 -0.3530

PART 68
OFFSET  13.3314 -2.4679 -4.4362
X  0.5197  0.8469  0.1125
Y  0.3317 -0.0787 -0.9401
Z -0.7873  0.5259 -0.3218

PART 69
OFFSET  12.7444 -3.4245 -4.5633
X -0.6900 -0.0568  0.7215
Y -0.2865 -0.8940 -0.3444
Z  0.6646 -0.4444  0.6007

PART 70
OFFSET  13.3812 -3.0137 -1.9814
X -0.5231 -0.4214  0.7408
Y  0.3270  0.7034  0.6311
Z -0.7870  0.5723 -0.2302

PART 71
OFFSET  14.4031 -2.1904 -3.4286
X  0.3147  0.6259  0.7135
Y  0.6431  0.4122 -0.6453
Z -0.6981  0.6620 -0.2728

PART 72
OFFSET  13.9434 -3.1047 -4.4708
X  0.6531  0.7573  0.0015
Y  0.2828 -0.2420 -0.9282
Z -0.7025  0.6066 -0.3722

PART 73
OFFSET  13.2089 -3.9669 -4.4705
X -0.6365 -0.4649  0.6155
Y -0.2558 -0.6256 -0.7370
Z  0.7277 -0.6265  0.2793

PART 74
OFFSET  0.0000 -0.0000 -0.0000
X  1.0000 -0.0000  0.0000
Y  0.0000  1.0000  0.0000
Z  0.0000 -0.0000  1.0000

PART 75
OFFSET  0.0000 -0.0000 -0.0000
X  1.0000 -0.0000  0.0000
Y  0.0000  1.0000  0.0000
Z  0.0000 -0.0000  1.0000

PART 76
OFFSET  1.5404 -0.0000  4.1357
X  1.0000 -0.0000  0.0000
Y  0.0000  1.0000  0.0000
Z  0.0000 -0.0000  1.0000


FRAME 704
PART 0
OFFSET -4.6318 -0.0000 -1.3770
X  1.0000 -0.0000  0.0000
Y  0.0000  1.0000  0.0000
Z  0.0000 -0.0000  1.0000

PART 1
OFFSET -4.6318 -0.0000 -1.3770
X  1.0000 -0.0000  0.0000
Y  0.0000  1.0000  0.0000
Z  0.0000 -0.0000  1.0000

PART 2
OFFSET -6.2831  7.9373 -3.1869
X  0.8358  0.3347 -0.4352
Y  0.2473 -0.9372 -0.2458
Z -0.4901  0.0978 -0.8662

PART 3
OFFSET  3.8255  11.9847 -8.4496
X  0.7055 -0.4826  0.5190
Y -0.7078 -0.4414  0.5516
Z -0.0371 -0.7565 -0.6530

PART 4
OFFSET  9.8260  7.8801 -4.0350
X  0.7055 -0.4826  0.5190
Y -0.6122 -0.7839  0.1032
Z  0.3571 -0.3906 -0.8485

PART 5
OFFSET  11.5922  8.3506 -3.3070
X  0.7098 -0.4779  0.5175
Y  0.0452  0.7641  0.6435
Z -0.7029 -0.4334  0.5640

PART 6
OFFSET  11.4030  7.3925 -4.6781
X  0.7098 -0.4779  0.5175
Y  0.0452  0.7641  0.6435
Z -0.7029 -0.4334  0.5640

PART 7
OFFSET  10.1612  6.8928 -1.7060
X  0.7098 -0.4779  0.5175
Y  0.0452  0.7641  0.6435
Z -0.7029 -0.4334  0.5640

PART 8
OFFSET  9.7988  5.7288 -2.4857
X  0.7098 -0.4779  0.5175
Y  0.0452  0.7641  0.6435
Z -0.7029 -0.4334  0.5640

PART 9
OFFSET  10.0195  4.9801 -4.2140
X  0.7098 -0.4779  0.5175
Y  0.0452  0.7641  0.6435
Z -0.7029 -0.4334  0.5640

PART 10
