// Export filename: `C:\projects\cod\t5\xanim_export\t5_viewmodels\ballistic_knife\b_knife_putaway.XANIM_EXPORT`
// Source filename: `D:\projects\devanim\t5\animation_assets\viewmodels\ballistic_knife/ViewModel_ballistic_knife_animated2.fbx`
// Export time: Mon Sep 06 22:07:42 2010

ANIMATION
VERSION 3

NUMPARTS 78
PART 0 "tag_ads"
PART 1 "tag_torso"
PART 2 "J_Shoulder_LE"
PART 3 "J_Elbow_LE"
PART 4 "J_WristTwist_LE"
PART 5 "J_Sleave_Reshape_Bottom_LE_1"
PART 6 "J_Sleave_Reshape_Bottom_LE_2"
PART 7 "J_Sleave_Reshape_Top_LE_1"
PART 8 "J_Sleave_Reshape_Top_LE_2"
PART 9 "J_Sleave_Reshape_Top_LE_3"
PART 10 "J_Wrist_LE"
PART 11 "J_Thumb_LE_0"
PART 12 "J_Thumb_LE_1"
PART 13 "J_Thumb_LE_2"
PART 14 "J_Thumb_LE_3"
PART 15 "J_PinkyPalm_LE"
PART 16 "J_Pinky_LE_0"
PART 17 "J_Pinky_LE_1"
PART 18 "J_Pinky_LE_2"
PART 19 "J_Pinky_LE_3"
PART 20 "J_RingPalm_LE"
PART 21 "J_Ring_LE_0"
PART 22 "J_Ring_LE_1"
PART 23 "J_Ring_LE_2"
PART 24 "J_Ring_LE_3"
PART 25 "J_Webbing_LE"
PART 26 "J_Index_LE_0"
PART 27 "J_Index_LE_1"
PART 28 "J_Index_LE_2"
PART 29 "J_Index_LE_3"
PART 30 "J_Mid_LE_0"
PART 31 "J_Mid_LE_1"
PART 32 "J_Mid_LE_2"
PART 33 "J_Mid_LE_3"
PART 34 "tag_knife_attach"
PART 35 "tag_weapon"
PART 36 "J_Gun"
PART 37 "tag_blade"
PART 38 "TAG_BOLT"
PART 39 "tag_pin"
PART 40 "tag_ring"
PART 41 "tag_origin"
PART 42 "origin_animate_jnt"
PART 43 "TAG_KNIFE_FX"
PART 44 "tag_clip"
PART 45 "J_Shoulder_RI"
PART 46 "J_Elbow_RI"
PART 47 "J_WristTwist_RI"
PART 48 "J_Sleave_Reshape_Top_RI_3"
PART 49 "J_Sleave_Reshape_Top_RI_2"
PART 50 "J_Sleave_Reshape_Top_RI_1"
PART 51 "J_Wrist_RI"
PART 52 "J_Thumb_RI_0"
PART 53 "J_Thumb_RI_1"
PART 54 "J_Thumb_RI_2"
PART 55 "J_Thumb_RI_3"
PART 56 "J_PinkyPalm_RI"
PART 57 "J_Pinky_RI_0"
PART 58 "J_Pinky_RI_1"
PART 59 "J_Pinky_RI_2"
PART 60 "J_Pinky_RI_3"
PART 61 "J_RingPalm_RI"
PART 62 "J_Ring_RI_0"
PART 63 "J_Ring_RI_1"
PART 64 "J_Ring_RI_2"
PART 65 "J_Ring_RI_3"
PART 66 "J_Webbing_RI"
PART 67 "J_Index_RI_0"
PART 68 "J_Index_RI_1"
PART 69 "J_Index_RI_2"
PART 70 "J_Index_RI_3"
PART 71 "J_Mid_RI_0"
PART 72 "J_Mid_RI_1"
PART 73 "J_Mid_RI_2"
PART 74 "J_Mid_RI_3"
PART 75 "tag_cambone"
PART 76 "tag_camera"
PART 77 "tag_gasmask"

FRAMERATE 30
NUMFRAMES 23

FRAME 100
PART 0
OFFSET  0.0000 -0.0000 -0.0000
X  1.0000 -0.0000  0.0000
Y  0.0000  1.0000  0.0000
Z  0.0000 -0.0000  1.0000

PART 1
OFFSET -4.6318 -0.0000 -1.3770
X  1.0000 -0.0000  0.0000
Y  0.0000  1.0000  0.0000
Z  0.0000 -0.0000  1.0000

PART 2
OFFSET -6.2831  7.9373 -3.1869
X  0.8234  0.3425 -0.4524
Y  0.2348 -0.9315 -0.2780
Z -0.5166  0.1227 -0.8474

PART 3
OFFSET  3.6748  12.0800 -8.6586
X  0.7098 -0.5050  0.4911
Y -0.7018 -0.4462  0.5554
Z -0.0614 -0.7388 -0.6711

PART 4
OFFSET  9.7116  7.7846 -4.4814
X  0.7098 -0.5050  0.4911
Y -0.3956 -0.8626 -0.3153
Z  0.5829  0.0295 -0.8120

PART 5
OFFSET  11.4992  8.2129 -3.7801
X  0.7141 -0.5003  0.4896
Y  0.0694  0.7466  0.6616
Z -0.6966 -0.4385  0.5679

PART 6
OFFSET  11.2677  7.2930 -5.1708
X  0.7141 -0.5003  0.4896
Y  0.0694  0.7466  0.6616
Z -0.6966 -0.4385  0.5679

PART 7
OFFSET  10.0829  6.7332 -2.1861
X  0.7141 -0.5003  0.4896
Y  0.0694  0.7466  0.6616
Z -0.6966 -0.4385  0.5679

PART 8
OFFSET  9.6881  5.5946 -2.9872
X  0.7141 -0.5003  0.4896
Y  0.0694  0.7466  0.6616
Z -0.6966 -0.4385  0.5679

PART 9
OFFSET  9.8616  4.8879 -4.7384
X  0.7141 -0.5003  0.4896
Y  0.0694  0.7466  0.6616
Z -0.6966 -0.4385  0.5679

PART 10
OFFSET  11.8875  6.2363 -2.9758
X  0.7094 -0.6221  0.3314
Y -0.5154 -0.7785 -0.3580
Z  0.4807  0.0832 -0.8729

PART 11
OFFSET  11.9065  5.2393 -3.5307
X  0.4934 -0.8481 -0.1933
Y -0.8291 -0.3913 -0.3994
Z  0.2631  0.3573 -0.8962

PART 12
OFFSET  12.9031  3.3901 -4.0375
X  0.7793 -0.5685  0.2636
Y -0.3632 -0.7526 -0.5492
Z  0.5106  0.3323 -0.7930

PART 13
OFFSET  14.2401  2.5545 -3.6680
X  0.9033  0.0522  0.4258
Y  0.1958 -0.9334 -0.3008
Z  0.3818  0.3551 -0.8533

PART 14
OFFSET  15.2377  2.6114 -3.2517
X  0.4619 -0.3819  0.8005
Y -0.8702 -0.0205  0.4923
Z -0.1716 -0.9240 -0.3418

PART 15
OFFSET  13.1368  6.5604 -2.4884
X  0.9070 -0.1574  0.3907
Y  0.4116  0.1337 -0.9015
Z  0.0897  0.9784  0.1861

PART 16
OFFSET  15.2120  6.0806 -1.7483
X  0.7486 -0.5417 -0.3823
Y -0.4432  0.0199 -0.8962
Z  0.4931  0.8404 -0.2251

PART 17
OFFSET  16.2720  5.3137 -2.2895
X -0.2665 -0.0852 -0.9601
Y -0.7978  0.5784  0.1701
Z  0.5408  0.8113 -0.2221

PART 18
OFFSET  16.0357  5.2381 -3.1407
X -0.8560  0.4219 -0.2989
Y -0.1686  0.3187  0.9328
Z  0.4888  0.8488 -0.2016

PART 19
OFFSET  15.2225  5.6390 -3.4246
X  0.6898 -0.6455 -0.3278
Y  0.4853  0.0763  0.8710
Z -0.5372 -0.7599  0.3659

PART 20
OFFSET  12.8832  5.8946 -2.5316
X  0.8363 -0.3524  0.4200
Y  0.4882  0.1300 -0.8630
Z  0.2495  0.9268  0.2808

PART 21
OFFSET  15.0419  5.0293 -1.3698
X  0.6265 -0.3255 -0.7081
Y -0.6551  0.2722 -0.7048
Z  0.4222  0.9055 -0.0427

PART 22
OFFSET  16.1086  4.4750 -2.5754
X -0.5832  0.2408 -0.7758
Y -0.6803  0.3772  0.6285
Z  0.4439  0.8943 -0.0562

PART 23
OFFSET  15.3002  4.8087 -3.6506
X -0.8257  0.4350  0.3590
Y  0.3429 -0.1182  0.9319
Z  0.4478  0.8926 -0.0516

PART 24
OFFSET  14.4047  5.2805 -3.2612
X  0.5027 -0.2450 -0.8290
Y  0.7346 -0.3844  0.5591
Z -0.4557 -0.8901 -0.0132

PART 25
OFFSET  13.5136  3.1272 -2.9906
X  0.9008 -0.4116  0.1383
Y -0.2736 -0.2907  0.9169
Z -0.3372 -0.8638 -0.3745

PART 26
OFFSET  14.0843  3.1944 -1.6302
X  0.6896 -0.1674 -0.7046
Y -0.6082  0.3942 -0.6890
Z  0.3931  0.9036  0.1700

PART 27
OFFSET  15.2984  2.8996 -2.8707
X -0.4434  0.4235 -0.7899
Y -0.7678  0.2752  0.5786
Z  0.4624  0.8631  0.2031

PART 28
OFFSET  14.7312  3.3620 -3.8434
X -0.8915  0.3650  0.2682
Y  0.1822 -0.2532  0.9501
Z  0.4147  0.8959  0.1592

PART 29
OFFSET  13.7242  3.7743 -3.5404
X  0.2424  0.3617 -0.9002
Y  0.8414 -0.5404  0.0094
Z -0.4831 -0.7597 -0.4353

PART 30
OFFSET  14.6540  4.1202 -1.4337
X  0.6199 -0.2694 -0.7370
Y -0.6150  0.4165 -0.6696
Z  0.4873  0.8683  0.0925

PART 31
OFFSET  15.8651  3.5940 -2.8734
X -0.6104  0.4014 -0.6829
Y -0.6493  0.2401  0.7216
Z  0.4536  0.8839  0.1140

PART 32
OFFSET  14.9735  4.1803 -3.8708
X -0.8493  0.3402  0.4037
Y  0.2992 -0.3198  0.8990
Z  0.4350  0.8843  0.1698

PART 33
OFFSET  14.0145  4.5721 -3.4131
X  0.4323 -0.1132 -0.8946
Y  0.8059 -0.3965  0.4396
Z -0.4045 -0.9110 -0.0802

PART 34
OFFSET  14.8211  5.0962 -3.2147
X  0.2299  0.9487  0.2170
Y -0.4807 -0.0832  0.8729
Z  0.8462 -0.3050  0.4369

PART 35
OFFSET  13.4483 -3.7816 -3.7782
X  0.5915 -0.8021  0.0819
Y -0.2130 -0.0575  0.9754
Z -0.7777 -0.5944 -0.2049

PART 36
OFFSET  13.4483 -3.7816 -3.7782
X  0.5915 -0.8021  0.0819
Y -0.2130 -0.0575  0.9754
Z -0.7777 -0.5944 -0.2049

PART 37
OFFSET  15.8138 -6.9893 -3.4507
X  0.5915 -0.8021  0.0819
Y -0.2130 -0.0575  0.9754
Z -0.7777 -0.5944 -0.2049

PART 38
OFFSET  13.5744 -7.3910 -3.9634
X  0.5915 -0.8021  0.0819
Y -0.2130 -0.0575  0.9754
Z -0.7777 -0.5944 -0.2049

PART 39
OFFSET  53.5102 -43.8585 -108.6932
X  0.5915 -0.8021  0.0819
Y -0.2130 -0.0575  0.9754
Z -0.7777 -0.5944 -0.2049

PART 40
OFFSET  53.5908 -43.7660 -108.6485
X  0.5915 -0.8021  0.0819
Y -0.2130 -0.0575  0.9754
Z -0.7777 -0.5944 -0.2049

PART 41
OFFSET  14.7910  4.6524 -2.8504
X  0.6035  0.7973 -0.0001
Y -0.0380  0.0287 -0.9989
Z -0.7964  0.6028  0.0476

PART 42
OFFSET  14.7910  4.6524 -2.8504
X  0.6035  0.7973 -0.0001
Y -0.0380  0.0287 -0.9989
Z -0.7964  0.6028  0.0476

PART 43
OFFSET  19.7592  9.7786 -2.8909
X  0.7964 -0.6028 -0.0476
Y -0.0380  0.0287 -0.9989
Z  0.6035  0.7973 -0.0001

PART 44
OFFSET  15.8138 -6.9893 -3.4507
X  0.5915 -0.8021  0.0819
Y -0.2130 -0.0575  0.9754
Z -0.7777 -0.5944 -0.2049

PART 45
OFFSET -6.0573 -7.9373 -2.8236
X -0.8071  0.4529  0.3788
Y -0.2258 -0.8296  0.5107
Z  0.5456  0.3266  0.7718

PART 46
OFFSET  3.7033 -13.4149 -7.4049
X -0.6992 -0.6277 -0.3421
Y  0.7100 -0.5536 -0.4352
Z  0.0838 -0.5472  0.8328

PART 47
OFFSET  9.6504 -8.0758 -4.4949
X -0.6992 -0.6277 -0.3421
Y  0.4653 -0.7629  0.4488
Z -0.5428  0.1546  0.8255

PART 48
OFFSET  9.8733 -5.6039 -5.2740
X -0.7037 -0.6229 -0.3418
Y -0.0920  0.5569 -0.8255
Z  0.7045 -0.5494 -0.4492

PART 49
OFFSET  9.4430 -5.3698 -3.7027
X -0.7037 -0.6229 -0.3418
Y -0.0920  0.5569 -0.8255
Z  0.7045 -0.5494 -0.4492

PART 50
OFFSET  10.0068 -6.4785 -2.5370
X -0.7037 -0.6229 -0.3418
Y -0.0920  0.5569 -0.8255
Z  0.7045 -0.5494 -0.4492

PART 51
OFFSET  11.7939 -6.1513 -3.4461
X -0.3934 -0.8697 -0.2982
Y  0.6619 -0.4930  0.5646
Z -0.6380  0.0248  0.7696

PART 52
OFFSET  11.5941 -5.2945 -4.1728
X -0.1619 -0.8834  0.4398
Y  0.8909  0.0608  0.4502
Z -0.4244  0.4647  0.7771

PART 53
OFFSET  11.8783 -3.4202 -5.2100
X -0.5690 -0.8104 -0.1398
Y  0.5132 -0.4828  0.7096
Z -0.6426  0.3320  0.6906

PART 54
OFFSET  12.8993 -2.1779 -5.0193
X -0.8432 -0.1580 -0.5139
Y -0.0892 -0.9015  0.4236
Z -0.5302  0.4030  0.7460

PART 55
OFFSET  13.8369 -2.0102 -4.5049
X -0.3003 -0.5613 -0.7712
Y  0.9163  0.0549 -0.3967
Z  0.2650 -0.8258  0.4978

PART 56
OFFSET  12.9646 -5.9484 -2.7447
X -0.7770 -0.6054 -0.1726
Y -0.3995  0.2623  0.8784
Z -0.4865  0.7515 -0.4457

PART 57
OFFSET  14.6885 -4.5109 -2.5295
X -0.3795 -0.3556  0.8541
Y  0.7016  0.4913  0.5162
Z -0.6032  0.7951  0.0631

PART 58
OFFSET  15.2257 -4.0074 -3.7387
X  0.5861  0.4040  0.7023
Y  0.4988  0.5032 -0.7057
Z -0.6385  0.7639  0.0934

PART 59
OFFSET  14.7061 -4.3656 -4.3614
X  0.7708  0.5794  0.2648
Y  0.1867  0.1919 -0.9635
Z -0.6090  0.7921  0.0398

PART 60
OFFSET  13.9738 -4.9160 -4.6130
X -0.6187 -0.6782  0.3965
Y -0.4320 -0.1278 -0.8927
Z  0.6561 -0.7237 -0.2139

PART 61
OFFSET  12.5221 -5.4260 -2.9469
X -0.5989 -0.7381 -0.3108
Y -0.5932  0.1481  0.7913
Z -0.5381  0.6583 -0.5265

PART 62
OFFSET  14.1432 -3.6049 -2.0446
X -0.4680 -0.3422  0.8148
Y  0.5880  0.5677  0.5762
Z -0.6598  0.7487 -0.0645

PART 63
OFFSET  14.9399 -3.0222 -3.4318
X  0.4765  0.4694  0.7434
Y  0.6178  0.4229 -0.6630
Z -0.6255  0.7752 -0.0885

PART 64
OFFSET  14.2795 -3.6727 -4.4621
X  0.7510  0.6441  0.1454
Y  0.2488 -0.0721 -0.9659
Z -0.6116  0.7615 -0.2144

PART 65
OFFSET  13.4650 -4.3712 -4.6198
X -0.7875 -0.4491  0.4220
Y -0.2005 -0.4609 -0.8645
Z  0.5827 -0.7655  0.2729

PART 66
OFFSET  9.2548 -9.3406 -4.7520
X -0.6756 -0.7160 -0.1757
Y  0.5215 -0.2956 -0.8004
Z  0.5211 -0.6324  0.5732

PART 67
OFFSET  12.5906 -2.3816 -2.4241
X -0.5578 -0.4581  0.6921
Y  0.2026  0.7335  0.6488
Z -0.8049  0.5021 -0.3163

PART 68
OFFSET  13.5726 -1.5751 -3.6427
X  0.1572  0.7582  0.6328
Y  0.5620  0.4582 -0.6886
Z -0.8121  0.4638 -0.3541

PART 69
OFFSET  13.3322 -2.4687 -4.4334
X  0.5183  0.8477  0.1135
Y  0.3333 -0.0779 -0.9396
Z -0.7876  0.5248 -0.3229

PART 70
OFFSET  12.7469 -3.4261 -4.5617
X -0.6911 -0.0580  0.7204
Y -0.2847 -0.8944 -0.3450
Z  0.6643 -0.4435  0.6016

PART 71
OFFSET  13.3812 -3.0137 -1.9814
X -0.5234 -0.4220  0.7403
Y  0.3253  0.7040  0.6313
Z -0.7876  0.5712 -0.2312

PART 72
OFFSET  14.4036 -2.1893 -3.4275
X  0.3146  0.6274  0.7123
Y  0.6426  0.4115 -0.6463
Z -0.6986  0.6610 -0.2738

PART 73
OFFSET  13.9442 -3.1058 -4.4680
X  0.6517  0.7585  0.0026
Y  0.2845 -0.2412 -0.9278
Z -0.7031  0.6054 -0.3730

PART 74
OFFSET  13.2113 -3.9693 -4.4689
X -0.6365 -0.4662  0.6144
Y -0.2536 -0.6258 -0.7376
Z  0.7284 -0.6253  0.2801

PART 75
OFFSET  0.0000 -0.0000 -0.0000
X  1.0000 -0.0000  0.0000
Y  0.0000  1.0000  0.0000
Z  0.0000 -0.0000  1.0000

PART 76
OFFSET  0.0000 -0.0000 -0.0000
X  1.0000 -0.0000  0.0000
Y  0.0000  1.0000  0.0000
Z  0.0000 -0.0000  1.0000

PART 77
OFFSET  1.5404 -0.0000  4.1357
X  1.0000 -0.0000  0.0000
Y  0.0000  1.0000  0.0000
Z  0.0000 -0.0000  1.0000


FRAME 101
PART 0
OFFSET  0.0000 -0.0000 -0.0000
X  1.0000 -0.0000  0.0000
Y  0.0000  1.0000  0.0000
Z  0.0000 -0.0000  1.0000

PART 1
OFFSET -4.6318 -0.0000 -1.3770
X  1.0000 -0.0000  0.0000
Y  0.0000  1.0000  0.0000
Z  0.0000 -0.0000  1.0000

PART 2
OFFSET -6.3481  7.9373 -3.1869
X  0.8274  0.3412 -0.4462
Y  0.2343 -0.9316 -0.2778
Z -0.5105  0.1253 -0.8507

PART 3
OFFSET  3.6578  12.0634 -8.5831
X  0.7123 -0.5030  0.4895
Y -0.6994 -0.4505  0.5549
Z -0.0586 -0.7376 -0.6727

PART 4
OFFSET  9.7164  7.7854 -4.4196
X  0.7123 -0.5030  0.4895
Y -0.4009 -0.8641 -0.3044
Z  0.5761  0.0206 -0.8171

PART 5
OFFSET  11.5026  8.2201 -3.7187
X  0.7166 -0.4982  0.4880
Y  0.0666  0.7454  0.6632
Z -0.6943 -0.4428  0.5674

PART 6
OFFSET  11.2741  7.3023 -5.1112
X  0.7166 -0.4982  0.4880
Y  0.0666  0.7454  0.6632
Z -0.6943 -0.4428  0.5674

PART 7
OFFSET  10.0940  6.7307 -2.1270
X  0.7166 -0.4982  0.4880
Y  0.0666  0.7454  0.6632
Z -0.6943 -0.4428  0.5674

PART 8
OFFSET  9.7036  5.5921 -2.9303
X  0.7166 -0.4982  0.4880
Y  0.0666  0.7454  0.6632
Z -0.6943 -0.4428  0.5674

PART 9
OFFSET  9.8789  4.8900 -4.6832
X  0.7166 -0.4982  0.4880
Y  0.0666  0.7454  0.6632
Z -0.6943 -0.4428  0.5674

PART 10
OFFSET  11.9001  6.2435 -2.9190
X  0.7171 -0.6096  0.3379
Y -0.5099 -0.7893 -0.3421
Z  0.4752  0.0731 -0.8768

PART 11
OFFSET  11.9258  5.2375 -3.4572
X  0.5005 -0.8465 -0.1818
Y -0.8274 -0.4058 -0.3882
Z  0.2548  0.3447 -0.9035

PART 12
OFFSET  12.9374  3.3896 -3.9384
X  0.7861 -0.5565  0.2688
Y -0.3589 -0.7652 -0.5345
Z  0.5031  0.3237 -0.8013

PART 13
OFFSET  14.2842  2.5731 -3.5623
X  0.9050  0.0680  0.4199
Y  0.2031 -0.9364 -0.2862
Z  0.3738  0.3443 -0.8613

PART 14
OFFSET  15.2835  2.6464 -3.1525
X  0.4698 -0.3639  0.8043
Y -0.8673 -0.0205  0.4974
Z -0.1645 -0.9312 -0.3253

PART 15
OFFSET  13.1489  6.5876 -2.4440
X  0.9105 -0.1422  0.3883
Y  0.4054  0.1225 -0.9059
Z  0.0813  0.9822  0.1692

PART 16
OFFSET  15.2325  6.1400 -1.7073
X  0.7518 -0.5409 -0.3772
Y -0.4481  0.0007 -0.8940
Z  0.4838  0.8411 -0.2419

PART 17
OFFSET  16.2969  5.3742 -2.2414
X -0.2708 -0.1039 -0.9570
Y -0.8024  0.5736  0.1648
Z  0.5318  0.8125 -0.2387

PART 18
OFFSET  16.0568  5.2821 -3.0899
X -0.8616  0.4087 -0.3012
Y -0.1667  0.3327  0.9282
Z  0.4795  0.8499 -0.2185

PART 19
OFFSET  15.2383  5.6704 -3.3761
X  0.6942 -0.6443 -0.3207
Y  0.4892  0.0956  0.8669
Z -0.5279 -0.7588  0.3815

PART 20
OFFSET  12.9014  5.9187 -2.4746
X  0.8419 -0.3373  0.4213
Y  0.4823  0.1201 -0.8677
Z  0.2421  0.9337  0.2638

PART 21
OFFSET  15.0745  5.0937 -1.3103
X  0.6259 -0.3314 -0.7060
Y -0.6615  0.2540 -0.7056
Z  0.4132  0.9086 -0.0602

PART 22
OFFSET  16.1400  4.5294 -2.5123
X -0.5896  0.2221 -0.7765
Y -0.6805  0.3812  0.6258
Z  0.4350  0.8974 -0.0736

PART 23
OFFSET  15.3228  4.8372 -3.5885
X -0.8280  0.4332  0.3562
Y  0.3490 -0.0992  0.9319
Z  0.4390  0.8958 -0.0690

PART 24
OFFSET  14.4249  5.3070 -3.2022
X  0.5006 -0.2541 -0.8275
Y  0.7413 -0.3679  0.5614
Z -0.4472 -0.8944  0.0042

PART 25
OFFSET  13.5559  3.1501 -2.8906
X  0.9054 -0.4006  0.1402
Y -0.2659 -0.2778  0.9231
Z -0.3309 -0.8731 -0.3581

PART 26
OFFSET  14.1331  3.2456 -1.5347
X  0.6874 -0.1727 -0.7054
Y -0.6156  0.3768 -0.6921
Z  0.3853  0.9101  0.1527

PART 27
OFFSET  15.3434  2.9416 -2.7767
X -0.4517  0.4059 -0.7945
Y -0.7673  0.2776  0.5781
Z  0.4552  0.8707  0.1861

PART 28
OFFSET  14.7667  3.3822 -3.7539
X -0.8936  0.3610  0.2669
Y  0.1897 -0.2354  0.9532
Z  0.4069  0.9024  0.1419

PART 29
OFFSET  13.7574  3.7899 -3.4524
X  0.2341  0.3488 -0.9075
Y  0.8465 -0.5321  0.0139
Z -0.4781 -0.7715 -0.4199

PART 30
OFFSET  14.6950  4.1800 -1.3569
X  0.6186 -0.2758 -0.7357
Y -0.6226  0.3993 -0.6731
Z  0.4794  0.8744  0.0753

PART 31
OFFSET  15.9034  3.6412 -2.7942
X -0.6179  0.3840 -0.6861
Y -0.6478  0.2460  0.7210
Z  0.4457  0.8900  0.0967

PART 32
OFFSET  15.0009  4.2021 -3.7964
X -0.8503  0.3389  0.4026
Y  0.3070 -0.3018  0.9026
Z  0.4274  0.8911  0.1526

PART 33
OFFSET  14.0406  4.5924 -3.3400
X  0.4286 -0.1241 -0.8949
Y  0.8120 -0.3814  0.4418
Z -0.3961 -0.9160 -0.0627

PART 34
OFFSET  14.8432  5.1274 -3.1548
X  0.2220  0.9544  0.1998
Y -0.4752 -0.0731  0.8768
Z  0.8514 -0.2896  0.4373

PART 35
OFFSET  13.4529 -3.7573 -3.7970
X  0.5903 -0.8017  0.0943
Y -0.2220 -0.0490  0.9738
Z -0.7761 -0.5957 -0.2069

PART 36
OFFSET  13.4529 -3.7573 -3.7970
X  0.5903 -0.8017  0.0943
Y -0.2220 -0.0490  0.9738
Z -0.7761 -0.5957 -0.2069

PART 37
OFFSET  15.8134 -6.9634 -3.4201
X  0.5903 -0.8017  0.0943
Y -0.2220 -0.0490  0.9738
Z -0.7761 -0.5957 -0.2069

PART 38
OFFSET  13.5786 -7.3682 -3.9500
X  0.5903 -0.8017  0.0943
Y -0.2220 -0.0490  0.9738
Z -0.7761 -0.5957 -0.2069

PART 39
OFFSET  54.4342 -44.7357 -107.9310
X  0.5903 -0.8017  0.0943
Y -0.2220 -0.0490  0.9738
Z -0.7761 -0.5957 -0.2069

PART 40
OFFSET  54.5144 -44.6428 -107.8863
X  0.5903 -0.8017  0.0943
Y -0.2220 -0.0490  0.9738
Z -0.7761 -0.5957 -0.2069

PART 41
OFFSET  14.8194  4.6896 -2.7831
X  0.5958  0.8029 -0.0168
Y -0.0436  0.0115 -0.9990
Z -0.8019  0.5960  0.0418

PART 42
OFFSET  14.8194  4.6896 -2.7831
X  0.5958  0.8029 -0.0168
Y -0.0436  0.0115 -0.9990
Z -0.8019  0.5960  0.0418

PART 43
OFFSET  19.7379  9.8614 -2.9368
X  0.8019 -0.5960 -0.0418
Y -0.0436  0.0115 -0.9990
Z  0.5958  0.8029 -0.0168

PART 44
OFFSET  15.8134 -6.9634 -3.4201
X  0.5903 -0.8017  0.0943
Y -0.2220 -0.0490  0.9738
Z -0.7761 -0.5957 -0.2069

PART 45
OFFSET -6.0573 -7.9373 -2.8236
X -0.8077  0.4521  0.3785
Y -0.2241 -0.8292  0.5121
Z  0.5453  0.3288  0.7710

PART 46
OFFSET  3.7109 -13.4045 -7.4011
X -0.6986 -0.6293 -0.3406
Y  0.7104 -0.5533 -0.4349
Z  0.0852 -0.5458  0.8336

PART 47
OFFSET  9.6526 -8.0524 -4.5040
X -0.6986 -0.6293 -0.3406
Y  0.4603 -0.7597  0.4594
Z -0.5478  0.1642  0.8203

PART 48
OFFSET  9.8714 -5.5814 -5.2871
X -0.7030 -0.6244 -0.3403
Y -0.0934  0.5554 -0.8263
Z  0.7050 -0.5491 -0.4488

PART 49
OFFSET  9.4419 -5.3454 -3.7159
X -0.7030 -0.6244 -0.3403
Y -0.0934  0.5554 -0.8263
Z  0.7050 -0.5491 -0.4488

PART 50
OFFSET  10.0082 -6.4515 -2.5489
X -0.7030 -0.6244 -0.3403
Y -0.0934  0.5554 -0.8263
Z  0.7050 -0.5491 -0.4488

PART 51
OFFSET  11.7942 -6.1233 -3.4598
X -0.3912 -0.8720 -0.2943
Y  0.6564 -0.4885  0.5749
Z -0.6451  0.0317  0.7635

PART 52
OFFSET  11.6016 -5.2727 -4.1957
X -0.1665 -0.8795  0.4459
Y  0.8867  0.0642  0.4578
Z -0.4313  0.4716  0.7691

PART 53
OFFSET  11.8964 -3.4075 -5.2463
X -0.5681 -0.8113 -0.1380
Y  0.5064 -0.4768  0.7185
Z -0.6487  0.3382  0.6817

PART 54
OFFSET  12.9163 -2.1640 -5.0571
X -0.8385 -0.1621 -0.5202
Y -0.0935 -0.8977  0.4306
Z -0.5368  0.4097  0.7376

PART 55
OFFSET  13.8492 -1.9922 -4.5356
X -0.2935 -0.5678 -0.7691
Y  0.9199  0.0511 -0.3887
Z  0.2600 -0.8216  0.5074

PART 56
OFFSET  12.9584 -5.9149 -2.7494
X -0.7757 -0.6065 -0.1746
Y -0.4074  0.2700  0.8724
Z -0.4819  0.7478 -0.4566

PART 57
OFFSET  14.6811 -4.4764 -2.5307
X -0.3875 -0.3480  0.8537
Y  0.6972  0.4952  0.5183
Z -0.6032  0.7960  0.0508

PART 58
OFFSET  15.2296 -3.9837 -3.7393
X  0.5799  0.4095  0.7043
Y  0.5057  0.4969 -0.7052
Z -0.6388  0.7651  0.0810

PART 59
OFFSET  14.7155 -4.3468 -4.3638
X  0.7688  0.5811  0.2667
Y  0.1955  0.1835 -0.9634
Z -0.6088  0.7928  0.0274

PART 60
OFFSET  13.9851 -4.8989 -4.6172
X -0.6228 -0.6743  0.3968
Y -0.4241 -0.1353 -0.8955
Z  0.6575 -0.7259 -0.2017

PART 61
OFFSET  12.5181 -5.3940 -2.9602
X -0.5964 -0.7404 -0.3099
Y -0.6003  0.1552  0.7845
Z -0.5328  0.6540 -0.5371

PART 62
OFFSET  14.1320 -3.5661 -2.0587
X -0.4756 -0.3349  0.8134
Y  0.5831  0.5723  0.5766
Z -0.6586  0.7485 -0.0769

PART 63
OFFSET  14.9417 -2.9958 -3.4436
X  0.4699  0.4753  0.7438
Y  0.6242  0.4169 -0.6608
Z -0.6241  0.7748 -0.1008

PART 64
OFFSET  14.2904 -3.6546 -4.4744
X  0.7502  0.6448  0.1466
Y  0.2575 -0.0806 -0.9629
Z -0.6090  0.7601 -0.2265

PART 65
OFFSET  13.4768 -4.3539 -4.6335
X -0.7917 -0.4448  0.4188
Y -0.1931 -0.4682 -0.8623
Z  0.5796 -0.7635  0.2847

PART 66
OFFSET  9.2653 -9.3224 -4.7615
X -0.6744 -0.7172 -0.1758
Y  0.5287 -0.3028 -0.7930
Z  0.5154 -0.6277  0.5834

PART 67
OFFSET  12.5837 -2.3453 -2.4630
X -0.5644 -0.4518  0.6909
Y  0.1973  0.7389  0.6442
Z -0.8016  0.4999 -0.3279

PART 68
OFFSET  13.5773 -1.5499 -3.6795
X  0.1518  0.7634  0.6278
Y  0.5686  0.4521 -0.6872
Z -0.8085  0.4613 -0.3654

PART 69
OFFSET  13.3436 -2.4500 -4.4649
X  0.5179  0.8482  0.1109
Y  0.3417 -0.0863 -0.9358
Z -0.7843  0.5225 -0.3345

PART 70
OFFSET  12.7587 -3.4081 -4.5902
X -0.6976 -0.0513  0.7146
Y -0.2822 -0.8971 -0.3399
Z  0.6585 -0.4388  0.6114

PART 71
OFFSET  13.3698 -2.9740 -2.0076
X -0.5304 -0.4152  0.7391
Y  0.3201  0.7092  0.6282
Z -0.7850  0.5698 -0.2432

PART 72
OFFSET  14.4059 -2.1627 -3.4514
X  0.3084  0.6332  0.7099
Y  0.6488  0.4057 -0.6438
Z -0.6956  0.6591 -0.2858

PART 73
OFFSET  13.9555 -3.0877 -4.4883
X  0.6522  0.7580  0.0020
Y  0.2927 -0.2495 -0.9231
Z -0.6992  0.6026 -0.3846

PART 74
OFFSET  13.2219 -3.9506 -4.4885
X -0.6424 -0.4604  0.6127
Y -0.2474 -0.6320 -0.7344
Z  0.7253 -0.6234  0.2921

PART 75
OFFSET  0.0000 -0.0000 -0.0000
X  1.0000 -0.0000  0.0000
Y  0.0000  1.0000  0.0000
Z  0.0000 -0.0000  1.0000

PART 76
OFFSET  0.0000 -0.0000 -0.0000
X  1.0000 -0.0000  0.0000
Y  0.0000  1.0000  0.0000
Z  0.0000 -0.0000  1.0000

PART 77
OFFSET  1.5404 -0.0000  4.1357
X  1.0000 -0.0000  0.0000
Y  0.0000  1.0000  0.0000
Z  0.0000 -0.0000  1.0000


FRAME 102
PART 0
OFFSET  0.0000 -0.0000 -0.0000
X  1.0000 -0.0000  0.0000
Y  0.0000  1.0000  0.0000
Z  0.0000 -0.0000  1.0000

PART 1
OFFSET -4.6318 -0.0000 -1.3770
X  1.0000 -0.0000  0.0000
Y  0.0000  1.0000  0.0000
Z  0.0000 -0.0000  1.0000

PART 2
OFFSET -6.5279  7.9373 -3.1869
X  0.8374  0.3379 -0.4296
Y  0.2332 -0.9317 -0.2784
Z -0.4943  0.1330 -0.8590

PART 3
OFFSET  3.5998  12.0238 -8.3824
X  0.7199 -0.4973  0.4842
Y -0.6922 -0.4628  0.5538
Z -0.0514 -0.7338 -0.6774

PART 4
OFFSET  9.7227  7.7938 -4.2643
X  0.7199 -0.4973  0.4842
Y -0.4150 -0.8676 -0.2741
Z  0.5564 -0.0036 -0.8309

PART 5
OFFSET  11.5054  8.2459 -3.5655
X  0.7241 -0.4925  0.4827
Y  0.0593  0.7418  0.6680
Z -0.6871 -0.4551  0.5664

PART 6
OFFSET  11.2844  7.3345 -4.9634
X  0.7241 -0.4925  0.4827
Y  0.0593  0.7418  0.6680
Z -0.6871 -0.4551  0.5664

PART 7
OFFSET  10.1199  6.7287 -1.9797
X  0.7241 -0.4925  0.4827
Y  0.0593  0.7418  0.6680
Z -0.6871 -0.4551  0.5664

PART 8
OFFSET  9.7413  5.5906 -2.7895
X  0.7241 -0.4925  0.4827
Y  0.0593  0.7418  0.6680
Z -0.6871 -0.4551  0.5664

PART 9
OFFSET  9.9203  4.9024 -4.5475
X  0.7241 -0.4925  0.4827
Y  0.0593  0.7418  0.6680
Z -0.6871 -0.4551  0.5664

PART 10
OFFSET  11.9297  6.2691 -2.7800
X  0.7374 -0.5751  0.3541
Y -0.4942 -0.8168 -0.2975
Z  0.4604  0.0444 -0.8866

PART 11
OFFSET  11.9735  5.2404 -3.2719
X  0.5195 -0.8411 -0.1507
Y -0.8222 -0.4440 -0.3562
Z  0.2327  0.3089 -0.9222

PART 12
OFFSET  13.0254  3.3982 -3.6838
X  0.8041 -0.5236  0.2816
Y -0.3467 -0.7978 -0.4932
Z  0.4829  0.2989 -0.8231

PART 13
OFFSET  14.3983  2.6341 -3.2919
X  0.9090  0.1100  0.4021
Y  0.2231 -0.9432 -0.2461
Z  0.3522  0.3134 -0.8819

PART 14
OFFSET  15.4011  2.7514 -2.9017
X  0.4907 -0.3145  0.8126
Y -0.8592 -0.0193  0.5113
Z -0.1451 -0.9491 -0.2797

PART 15
OFFSET  13.1759  6.6661 -2.3410
X  0.9194 -0.1012  0.3800
Y  0.3889  0.0906 -0.9168
Z  0.0583  0.9907  0.1227

PART 16
OFFSET  15.2809  6.3055 -1.6174
X  0.7599 -0.5386 -0.3638
Y -0.4610 -0.0519 -0.8859
Z  0.4583  0.8409 -0.2877

PART 17
OFFSET  16.3568  5.5429 -2.1325
X -0.2819 -0.1547 -0.9469
Y -0.8145  0.5602  0.1509
Z  0.5071  0.8138 -0.2840

PART 18
OFFSET  16.1069  5.4058 -2.9721
X -0.8761  0.3725 -0.3060
Y -0.1617  0.3709  0.9145
Z  0.4542  0.8507 -0.2647

PART 19
OFFSET  15.2745  5.7597 -3.2628
X  0.7059 -0.6408 -0.3017
Y  0.4991  0.1478  0.8538
Z -0.5025 -0.7534  0.4241

PART 20
OFFSET  12.9454  5.9905 -2.3370
X  0.8563 -0.2962  0.4230
Y  0.4664  0.0920 -0.8798
Z  0.2217  0.9507  0.2169

PART 21
OFFSET  15.1558  5.2750 -1.1705
X  0.6239 -0.3478 -0.6998
Y -0.6780  0.2045 -0.7060
Z  0.3887  0.9150 -0.1083

PART 22
OFFSET  16.2179  4.6828 -2.3620
X -0.6064  0.1711 -0.7765
Y -0.6810  0.3924  0.6183
Z  0.4105  0.9037 -0.1215

PART 23
OFFSET  15.3775  4.9200 -3.4381
X -0.8336  0.4282  0.3490
Y  0.3650 -0.0473  0.9298
Z  0.4146  0.9025 -0.1169

PART 24
OFFSET  14.4734  5.3844 -3.0597
X  0.4949 -0.2794 -0.8228
Y  0.7586 -0.3229  0.5659
Z -0.4238 -0.9043  0.0522

PART 25
OFFSET  13.6651  3.2230 -2.6361
X  0.9174 -0.3708  0.1442
Y -0.2452 -0.2415  0.9389
Z -0.3133 -0.8968 -0.3125

PART 26
OFFSET  14.2593  3.3955 -1.2951
X  0.6813 -0.1877 -0.7075
Y -0.6352  0.3288 -0.6989
Z  0.3638  0.9256  0.1048

PART 27
OFFSET  15.4589  3.0649 -2.5408
X -0.4735  0.3573 -0.8050
Y -0.7658  0.2846  0.5767
Z  0.4352  0.8896  0.1389

PART 28
OFFSET  14.8568  3.4453 -3.5279
X -0.8986  0.3503  0.2641
Y  0.2095 -0.1863  0.9599
Z  0.3855  0.9179  0.0940

PART 29
OFFSET  13.8418  3.8410 -3.2296
X  0.2118  0.3123 -0.9261
Y  0.8601 -0.5095  0.0249
Z -0.4640 -0.8018 -0.3765

PART 30
OFFSET  14.7994  4.3509 -1.1692
X  0.6147 -0.2939 -0.7320
Y -0.6424  0.3520 -0.6808
Z  0.4577  0.8887  0.0276

PART 31
OFFSET  16.0003  3.7769 -2.5991
X -0.6375  0.3362 -0.6932
Y -0.6433  0.2627  0.7191
Z  0.4239  0.9044  0.0488

PART 32
OFFSET  15.0691  4.2680 -3.6116
X -0.8529  0.3356  0.4000
Y  0.3278 -0.2520  0.9105
Z  0.4064  0.9077  0.1049

PART 33
OFFSET  14.1058  4.6547 -3.1585
X  0.4186 -0.1545 -0.8949
Y  0.8279 -0.3401  0.4460
Z -0.3732 -0.9276 -0.0145

PART 34
OFFSET  14.8969  5.2177 -3.0108
X  0.2001  0.9678  0.1524
Y -0.4604 -0.0444  0.8866
Z  0.8649 -0.2476  0.4367

PART 35
OFFSET  13.4579 -3.7336 -3.8158
X  0.5889 -0.8011  0.1066
Y -0.2310 -0.0405  0.9721
Z -0.7745 -0.5971 -0.2089

PART 36
OFFSET  13.4579 -3.7336 -3.8158
X  0.5889 -0.8011  0.1066
Y -0.2310 -0.0405  0.9721
Z -0.7745 -0.5971 -0.2089

PART 37
OFFSET  15.8130 -6.9374 -3.3896
X  0.5889 -0.8011  0.1066
Y -0.2310 -0.0405  0.9721
Z -0.7745 -0.5971 -0.2089

PART 38
OFFSET  13.5830 -7.3457 -3.9365
X  0.5889 -0.8011  0.1066
Y -0.2310 -0.0405  0.9721
Z -0.7745 -0.5971 -0.2089

PART 39
OFFSET  55.3503 -45.6061 -107.1524
X  0.5889 -0.8011  0.1066
Y -0.2310 -0.0405  0.9721
Z -0.7745 -0.5971 -0.2089

PART 40
OFFSET  55.4302 -45.5129 -107.1078
X  0.5889 -0.8011  0.1066
Y -0.2310 -0.0405  0.9721
Z -0.7745 -0.5971 -0.2089

PART 41
OFFSET  14.8898  4.7971 -2.6190
X  0.5746  0.8160 -0.0629
Y -0.0584 -0.0358 -0.9977
Z -0.8164  0.5769  0.0271

PART 42
OFFSET  14.8898  4.7971 -2.6190
X  0.5746  0.8160 -0.0629
Y -0.0584 -0.0358 -0.9977
Z -0.8164  0.5769  0.0271

PART 43
OFFSET  19.6702  10.0783 -3.0867
X  0.8164 -0.5769 -0.0271
Y -0.0584 -0.0358 -0.9977
Z  0.5746  0.8160 -0.0629

PART 44
OFFSET  15.8130 -6.9374 -3.3896
X  0.5889 -0.8011  0.1066
Y -0.2310 -0.0405  0.9721
Z -0.7745 -0.5971 -0.2089

PART 45
OFFSET -6.0573 -7.9373 -2.8236
X -0.8083  0.4512  0.3782
Y -0.2224 -0.8288  0.5135
Z  0.5451  0.3309  0.7703

PART 46
OFFSET  3.7184 -13.3941 -7.3974
X -0.6980 -0.6307 -0.3391
Y  0.7109 -0.5530 -0.4345
Z  0.0865 -0.5444  0.8344

PART 47
OFFSET  9.6550 -8.0294 -4.5131
X -0.6980 -0.6307 -0.3391
Y  0.4552 -0.7563  0.4699
Z -0.5529  0.1736  0.8150

PART 48
OFFSET  9.8700 -5.5594 -5.3002
X -0.7024 -0.6259 -0.3388
Y -0.0948  0.5540 -0.8271
Z  0.7054 -0.5489 -0.4485

PART 49
OFFSET  9.4413 -5.3215 -3.7291
X -0.7024 -0.6259 -0.3388
Y -0.0948  0.5540 -0.8271
Z  0.7054 -0.5489 -0.4485

PART 50
OFFSET  10.0100 -6.4250 -2.5608
X -0.7024 -0.6259 -0.3388
Y -0.0948  0.5540 -0.8271
Z  0.7054 -0.5489 -0.4485

PART 51
OFFSET  11.7948 -6.0957 -3.4735
X -0.3890 -0.8743 -0.2903
Y  0.6508 -0.4838  0.5851
Z -0.6521  0.0386  0.7572

PART 52
OFFSET  11.6095 -5.2514 -4.2184
X -0.1711 -0.8755  0.4519
Y  0.8825  0.0678  0.4654
Z -0.4381  0.4784  0.7611

PART 53
OFFSET  11.9150 -3.3955 -5.2824
X -0.5670 -0.8124 -0.1359
Y  0.4998 -0.4705  0.7272
Z -0.6548  0.3444  0.6728

PART 54
OFFSET  12.9335 -2.1506 -5.0950
X -0.8338 -0.1666 -0.5263
Y -0.0977 -0.8938  0.4377
Z -0.5433  0.4163  0.7290

PART 55
OFFSET  13.8617 -1.9743 -4.5666
X -0.2866 -0.5746 -0.7666
Y  0.9234  0.0474 -0.3808
Z  0.2552 -0.8170  0.5170

PART 56
OFFSET  12.9526 -5.8818 -2.7543
X -0.7744 -0.6076 -0.1765
Y -0.4153  0.2777  0.8663
Z -0.4774  0.7441 -0.4674

PART 57
OFFSET  14.6738 -4.4422 -2.5320
X -0.3953 -0.3404  0.8532
Y  0.6930  0.4991  0.5202
Z -0.6029  0.7969  0.0387

PART 58
OFFSET  15.2334 -3.9602 -3.7399
X  0.5736  0.4147  0.7064
Y  0.5128  0.4907 -0.7044
Z -0.6388  0.7663  0.0689

PART 59
OFFSET  14.7248 -4.3279 -4.3663
X  0.7671  0.5828  0.2683
Y  0.2040  0.1750 -0.9632
Z -0.6083  0.7936  0.0154

PART 60
OFFSET  13.9961 -4.8815 -4.6212
X -0.6268 -0.6704  0.3972
Y -0.4165 -0.1426 -0.8979
Z  0.6586 -0.7282 -0.1898

PART 61
OFFSET  12.5146 -5.3626 -2.9735
X -0.5940 -0.7428 -0.3090
Y -0.6075  0.1622  0.7776
Z -0.5275  0.6496 -0.5476

PART 62
OFFSET  14.1211 -3.5277 -2.0731
X -0.4831 -0.3275  0.8120
Y  0.5786  0.5766  0.5768
Z -0.6571  0.7485 -0.0891

PART 63
OFFSET  14.9435 -2.9701 -3.4555
X  0.4634  0.4809  0.7443
Y  0.6308  0.4110 -0.6582
Z -0.6224  0.7745 -0.1129

PART 64
OFFSET  14.3013 -3.6366 -4.4871
X  0.7496  0.6452  0.1475
Y  0.2657 -0.0892 -0.9599
Z -0.6062  0.7588 -0.2383

PART 65
OFFSET  13.4883 -4.3363 -4.6471
X -0.7958 -0.4403  0.4157
Y -0.1861 -0.4754 -0.8598
Z  0.5763 -0.7616  0.2964

PART 66
OFFSET  9.2762 -9.3047 -4.7708
X -0.6731 -0.7183 -0.1758
Y  0.5358 -0.3099 -0.7854
Z  0.5097 -0.6229  0.5935

PART 67
OFFSET  12.5772 -2.3097 -2.5020
X -0.5709 -0.4453  0.6898
Y  0.1923  0.7442  0.6396
Z -0.7982  0.4978 -0.3392

PART 68
OFFSET  13.5824 -1.5257 -3.7165
X  0.1466  0.7682  0.6231
Y  0.5752  0.4463 -0.6855
Z -0.8048  0.4589 -0.3765

PART 69
OFFSET  13.3553 -2.4318 -4.4969
X  0.5178  0.8487  0.1080
Y  0.3497 -0.0948 -0.9321
Z -0.7808  0.5204 -0.3459

PART 70
OFFSET  12.7704 -3.3903 -4.6189
X -0.7039 -0.0443  0.7090
Y -0.2802 -0.8998 -0.3345
Z  0.6527 -0.4341  0.6209

PART 71
OFFSET  13.3588 -2.9348 -2.0340
X -0.5373 -0.4084  0.7379
Y  0.3153  0.7142  0.6249
Z -0.7822  0.5684 -0.2550

PART 72
OFFSET  14.4084 -2.1369 -3.4756
X  0.3022  0.6387  0.7076
Y  0.6551  0.4001 -0.6409
Z -0.6924  0.6573 -0.2975

PART 73
OFFSET  13.9670 -3.0698 -4.5092
X  0.6531  0.7573  0.0011
Y  0.3005 -0.2578 -0.9183
Z -0.6951  0.6000 -0.3959

PART 74
OFFSET  13.2324 -3.9319 -4.5082
X -0.6483 -0.4544  0.6110
Y -0.2417 -0.6381 -0.7310
Z  0.7220 -0.6216  0.3038

PART 75
OFFSET  0.0000 -0.0000 -0.0000
X  1.0000 -0.0000  0.0000
Y  0.0000  1.0000  0.0000
Z  0.0000 -0.0000  1.0000

PART 76
OFFSET  0.0000 -0.0000 -0.0000
X  1.0000 -0.0000  0.0000
Y  0.0000  1.0000  0.0000
Z  0.0000 -0.0000  1.0000

PART 77
OFFSET  1.5404 -0.0000  4.1357
X  1.0000 -0.0000  0.0000
Y  0.0000  1.0000  0.0000
Z  0.0000 -0.0000  1.0000


FRAME 103
PART 0
OFFSET  0.0000 -0.0000 -0.0000
X  1.0000 -0.0000  0.0000
Y  0.0000  1.0000  0.0000
Z  0.0000 -0.0000  1.0000

PART 1
OFFSET -4.6318 -0.0000 -1.3770
X  1.0000 -0.0000  0.0000
Y  0.0000  1.0000  0.0000
Z  0.0000 -0.0000  1.0000

PART 2
OFFSET -6.7994  7.9373 -3.1869
X  0.8508  0.3338 -0.4058
Y  0.2313 -0.9314 -0.2811
Z -0.4718  0.1453 -0.8697

PART 3
OFFSET  3.4905  11.9740 -8.0945
X  0.7323 -0.4887  0.4743
Y -0.6798 -0.4820  0.5528
Z -0.0415 -0.7272 -0.6852

PART 4
OFFSET  9.7186  7.8176 -4.0601
X  0.7323 -0.4887  0.4743
Y -0.4343 -0.8716 -0.2275
Z  0.5246 -0.0394 -0.8504

PART 5
OFFSET  11.4966  8.2962 -3.3669
X  0.7364 -0.4838  0.4729
Y  0.0492  0.7354  0.6758
Z -0.6747 -0.4744  0.5654

PART 6
OFFSET  11.2844  7.3961 -4.7735
X  0.7364 -0.4838  0.4729
Y  0.0492  0.7354  0.6758
Z -0.6747 -0.4744  0.5654

PART 7
OFFSET  10.1502  6.7353 -1.7898
X  0.7364 -0.4838  0.4729
Y  0.0492  0.7354  0.6758
Z -0.6747 -0.4744  0.5654

PART 8
OFFSET  9.7885  5.5991 -2.6099
X  0.7364 -0.4838  0.4729
Y  0.0492  0.7354  0.6758
Z -0.6747 -0.4744  0.5654

PART 9
OFFSET  9.9698  4.9338 -4.3765
X  0.7364 -0.4838  0.4729
Y  0.0492  0.7354  0.6758
Z -0.6747 -0.4744  0.5654

PART 10
OFFSET  11.9635  6.3194 -2.6059
X  0.7658 -0.5225  0.3749
Y -0.4696 -0.8527 -0.2290
Z  0.4393 -0.0007 -0.8983

PART 11
OFFSET  12.0352  5.2613 -3.0271
X  0.5472 -0.8304 -0.1051
Y -0.8124 -0.4968 -0.3052
Z  0.2012  0.2524 -0.9465

PART 12
OFFSET  13.1462  3.4339 -3.3370
X  0.8289 -0.4737  0.2975
Y -0.3271 -0.8420 -0.4290
Z  0.4537  0.2583 -0.8529

PART 13
OFFSET  14.5547  2.7484 -2.9267
X  0.9126  0.1701  0.3718
Y  0.2528 -0.9494 -0.1863
Z  0.3213  0.2640 -0.9094

PART 14
OFFSET  15.5606  2.9283 -2.5694
X  0.5194 -0.2397  0.8203
Y -0.8467 -0.0146  0.5318
Z -0.1155 -0.9707 -0.2105

PART 15
OFFSET  13.2031  6.7902 -2.2250
X  0.9305 -0.0416  0.3640
Y  0.3656  0.0408 -0.9299
Z  0.0239  0.9983  0.0532

PART 16
OFFSET  15.3351  6.5563 -1.5289
X  0.7716 -0.5350 -0.3442
Y -0.4775 -0.1296 -0.8690
Z  0.4203  0.8349 -0.3555

PART 17
OFFSET  16.4275  5.7988 -2.0162
X -0.2961 -0.2300 -0.9271
Y -0.8314  0.5398  0.1316
Z  0.4702  0.8098 -0.3510

PART 18
OFFSET  16.1649  5.5950 -2.8381
X -0.8958  0.3188 -0.3098
Y -0.1559  0.4273  0.8906
Z  0.4163  0.8460 -0.3331

PART 19
OFFSET  15.3139  5.8979 -3.1324
X  0.7228 -0.6345 -0.2740
Y  0.5114  0.2243  0.8296
Z -0.4649 -0.7397  0.4866

PART 20
OFFSET  12.9981  6.1087 -2.1693
X  0.8757 -0.2353  0.4217
Y  0.4437  0.0475 -0.8949
Z  0.1906  0.9708  0.1460

PART 21
OFFSET  15.2581  5.5554 -1.0096
X  0.6214 -0.3729 -0.6891
Y -0.7001  0.1307 -0.7020
Z  0.3518  0.9186 -0.1799

PART 22
OFFSET  16.3159  4.9205 -2.1828
X -0.6288  0.0951 -0.7717
Y -0.6818  0.4097  0.6061
Z  0.3738  0.9072 -0.1928

PART 23
OFFSET  15.4444  5.0523 -3.2523
X -0.8414  0.4212  0.3386
Y  0.3862  0.0303  0.9219
Z  0.3780  0.9065 -0.1882

PART 24
OFFSET  14.5319  5.5091 -2.8850
X  0.4873 -0.3178 -0.8133
Y  0.7821 -0.2555  0.5684
Z -0.3885 -0.9131  0.1241

PART 25
OFFSET  13.8141  3.3547 -2.2953
X  0.9335 -0.3268  0.1473
Y -0.2159 -0.1845  0.9588
Z -0.2862 -0.9269 -0.2428

PART 26
OFFSET  14.4301  3.6408 -0.9839
X  0.6726 -0.2118 -0.7091
Y -0.6618  0.2566 -0.7044
Z  0.3311  0.9430  0.0325

PART 27
OFFSET  15.6142  3.2680 -2.2323
X -0.5036  0.2835 -0.8161
Y -0.7634  0.2963  0.5740
Z  0.4045  0.9121  0.0672

PART 28
OFFSET  14.9774  3.5572 -3.2285
X -0.9052  0.3354  0.2609
Y  0.2368 -0.1117  0.9651
Z  0.3528  0.9354  0.0217

PART 29
OFFSET  13.9549  3.9360 -2.9338
X  0.1802  0.2548 -0.9501
Y  0.8789 -0.4754  0.0392
Z -0.4417 -0.8421 -0.3096

PART 30
OFFSET  14.9366  4.6214 -0.9366
X  0.6095 -0.3217 -0.7246
Y -0.6695  0.2807 -0.6877
Z  0.4246  0.9043 -0.0442

PART 31
OFFSET  16.1273  3.9931 -2.3521
X -0.6643  0.2644 -0.6992
Y -0.6372  0.2887  0.7146
Z  0.3907  0.9202 -0.0233

PART 32
OFFSET  15.1570  4.3792 -3.3734
X -0.8561  0.3318  0.3963
Y  0.3564 -0.1764  0.9175
Z  0.3743  0.9267  0.0327

PART 33
OFFSET  14.1898  4.7617 -2.9249
X  0.4049 -0.2010 -0.8920
Y  0.8494 -0.2785  0.4483
Z -0.3385 -0.9392  0.0580

PART 34
OFFSET  14.9623  5.3615 -2.8350
X  0.1670  0.9826  0.0810
Y -0.4393  0.0007  0.8983
Z  0.8827 -0.1856  0.4318

PART 35
OFFSET  13.4483 -3.7816 -3.7782
X  0.5915 -0.8021  0.0819
Y -0.2130 -0.0575  0.9754
Z -0.7777 -0.5944 -0.2049

PART 36
OFFSET  13.4483 -3.7816 -3.7782
X  0.5915 -0.8021  0.0819
Y -0.2130 -0.0575  0.9754
Z -0.7777 -0.5944 -0.2049

PART 37
OFFSET  15.8138 -6.9893 -3.4507
X  0.5915 -0.8021  0.0819
Y -0.2130 -0.0575  0.9754
Z -0.7777 -0.5944 -0.2049

PART 38
OFFSET  13.5744 -7.3910 -3.9634
X  0.5915 -0.8021  0.0819
Y -0.2130 -0.0575  0.9754
Z -0.7777 -0.5944 -0.2049

PART 39
OFFSET  53.4471 -43.7943 -108.5152
X  0.5915 -0.8021  0.0819
Y -0.2130 -0.0575  0.9754
Z -0.7777 -0.5944 -0.2049

PART 40
OFFSET  53.5277 -43.7018 -108.4705
X  0.5915 -0.8021  0.0819
Y -0.2130 -0.0575  0.9754
Z -0.7777 -0.5944 -0.2049

PART 41
OFFSET  14.9793  4.9690 -2.4153
X  0.5422  0.8298 -0.1323
Y -0.0783 -0.1069 -0.9912
Z -0.8366  0.5478  0.0070

PART 42
OFFSET  14.9793  4.9690 -2.4153
X  0.5422  0.8298 -0.1323
Y -0.0783 -0.1069 -0.9912
Z -0.8366  0.5478  0.0070

PART 43
OFFSET  19.5479  10.3729 -3.3574
X  0.8366 -0.5478 -0.0070
Y -0.0783 -0.1069 -0.9912
Z  0.5422  0.8298 -0.1323

PART 44
OFFSET  15.8138 -6.9893 -3.4507
X  0.5915 -0.8021  0.0819
Y -0.2130 -0.0575  0.9754
Z -0.7777 -0.5944 -0.2049

PART 45
OFFSET -6.0573 -7.9373 -2.8236
X -0.8071  0.4529  0.3788
Y -0.2258 -0.8296  0.5107
Z  0.5456  0.3266  0.7718

PART 46
OFFSET  3.7033 -13.4149 -7.4049
X -0.6992 -0.6277 -0.3421
Y  0.7100 -0.5536 -0.4352
Z  0.0838 -0.5472  0.8328

PART 47
OFFSET  9.6504 -8.0758 -4.4949
X -0.6992 -0.6277 -0.3421
Y  0.4653 -0.7629  0.4488
Z -0.5428  0.1546  0.8255

PART 48
OFFSET  9.8733 -5.6039 -5.2740
X -0.7037 -0.6229 -0.3418
Y -0.0920  0.5569 -0.8255
Z  0.7045 -0.5494 -0.4492

PART 49
OFFSET  9.4430 -5.3698 -3.7027
X -0.7037 -0.6229 -0.3418
Y -0.0920  0.5569 -0.8255
Z  0.7045 -0.5494 -0.4492

PART 50
OFFSET  10.0068 -6.4785 -2.5370
X -0.7037 -0.6229 -0.3418
Y -0.0920  0.5569 -0.8255
Z  0.7045 -0.5494 -0.4492

PART 51
OFFSET  11.7939 -6.1513 -3.4461
X -0.3934 -0.8697 -0.2982
Y  0.6619 -0.4930  0.5646
Z -0.6380  0.0248  0.7696

PART 52
OFFSET  11.5941 -5.2945 -4.1728
X -0.1619 -0.8834  0.4398
Y  0.8909  0.0608  0.4502
Z -0.4244  0.4647  0.7771

PART 53
OFFSET  11.8783 -3.4202 -5.2100
X -0.5683 -0.8110 -0.1389
Y  0.5140 -0.4817  0.7098
Z -0.6426  0.3320  0.6906

PART 54
OFFSET  12.8983 -2.1768 -5.0208
X -0.8433 -0.1592 -0.5134
Y -0.0882 -0.9012  0.4244
Z -0.5302  0.4031  0.7459

PART 55
OFFSET  13.8359 -2.0078 -4.5070
X -0.3001 -0.5622 -0.7706
Y  0.9161  0.0554 -0.3972
Z  0.2660 -0.8251  0.4984

PART 56
OFFSET  12.9646 -5.9484 -2.7447
X -0.7768 -0.6056 -0.1727
Y -0.3996  0.2621  0.8784
Z -0.4867  0.7514 -0.4456

PART 57
OFFSET  14.6880 -4.5104 -2.5293
X -0.3788 -0.3555  0.8545
Y  0.7027  0.4905  0.5155
Z -0.6023  0.7957  0.0640

PART 58
OFFSET  15.2243 -4.0071 -3.7391
X  0.5862  0.4021  0.7033
Y  0.4998  0.5038 -0.7046
Z -0.6376  0.7645  0.0944

PART 59
OFFSET  14.7045 -4.3636 -4.3627
X  0.7719  0.5786  0.2633
Y  0.1852  0.1916 -0.9638
Z -0.6081  0.7928  0.0408

PART 60
OFFSET  13.9712 -4.9133 -4.6129
X -0.6187 -0.6775  0.3977
Y -0.4338 -0.1275 -0.8919
Z  0.6550 -0.7244 -0.2150

PART 61
OFFSET  12.5221 -5.4260 -2.9469
X -0.5989 -0.7381 -0.3108
Y -0.5932  0.1481  0.7913
Z -0.5381  0.6583 -0.5265

PART 62
OFFSET  14.1432 -3.6049 -2.0446
X -0.4675 -0.3418  0.8153
Y  0.5894  0.5668  0.5756
Z -0.6589  0.7496 -0.0635

PART 63
OFFSET  14.9391 -3.0230 -3.4326
X  0.4766  0.4676  0.7444
Y  0.6186  0.4233 -0.6619
Z -0.6246  0.7760 -0.0876

PART 64
OFFSET  14.2785 -3.6710 -4.4644
X  0.7524  0.6428  0.1441
Y  0.2471 -0.0727 -0.9663
Z -0.6106  0.7626 -0.2135

PART 65
OFFSET  13.4626 -4.3682 -4.6206
X -0.7876 -0.4476  0.4234
Y -0.2027 -0.4607 -0.8641
Z  0.5818 -0.7664  0.2721

PART 66
OFFSET  9.2548 -9.3406 -4.7520
X -0.6756 -0.7160 -0.1757
Y  0.5215 -0.2956 -0.8004
Z  0.5211 -0.6324  0.5732

PART 67
OFFSET  12.5906 -2.3816 -2.4241
X -0.5576 -0.4575  0.6927
Y  0.2043  0.7331  0.6487
Z -0.8046  0.5032 -0.3153

PART 68
OFFSET  13.5723 -1.5761 -3.6436
X  0.1576  0.7568  0.6344
Y  0.5622  0.4594 -0.6877
Z -0.8119  0.4650 -0.3530

PART 69
OFFSET  13.3314 -2.4679 -4.4362
X  0.5197  0.8469  0.1125
Y  0.3317 -0.0787 -0.9401
Z -0.7873  0.5259 -0.3218

PART 70
OFFSET  12.7444 -3.4245 -4.5633
X -0.6900 -0.0568  0.7215
Y -0.2865 -0.8940 -0.3444
Z  0.6646 -0.4444  0.6007

PART 71
OFFSET  13.3812 -3.0137 -1.9814
X -0.5231 -0.4214  0.7408
Y  0.3270  0.7034  0.6311
Z -0.7870  0.5723 -0.2302

PART 72
OFFSET  14.4031 -2.1904 -3.4286
X  0.3147  0.6259  0.7135
Y  0.6431  0.4122 -0.6453
Z -0.6981  0.6620 -0.2728

PART 73
OFFSET  13.9434 -3.1047 -4.4708
X  0.6531  0.7573  0.0015
Y  0.2828 -0.2420 -0.9282
Z -0.7025  0.6066 -0.3722

PART 74
OFFSET  13.2089 -3.9669 -4.4705
X -0.6365 -0.4649  0.6155
Y -0.2558 -0.6256 -0.7370
Z  0.7277 -0.6265  0.2793

PART 75
OFFSET  0.0000 -0.0000 -0.0000
X  1.0000 -0.0000  0.0000
Y  0.0000  1.0000  0.0000
Z  0.0000 -0.0000  1.0000

PART 76
OFFSET  0.0000 -0.0000 -0.0000
X  1.0000 -0.0000  0.0000
Y  0.0000  1.0000  0.0000
Z  0.0000 -0.0000  1.0000

PART 77
OFFSET  1.5404 -0.0000  4.1357
X  1.0000 -0.0000  0.0000
Y  0.0000  1.0000  0.0000
Z  0.0000 -0.0000  1.0000


FRAME 104
PART 0
OFFSET  0.0000 -0.0000 -0.0000
X  1.0000 -0.0000  0.0000
Y  0.0000  1.0000  0.0000
Z  0.0000 -0.0000  1.0000

PART 1
OFFSET -4.6318 -0.0000 -1.3770
X  1.0000 -0.0000  0.0000
Y  0.0000  1.0000  0.0000
Z  0.0000 -0.0000  1.0000

PART 2
OFFSET -7.1398  7.9373 -3.1869
X  0.8651  0.3298 -0.3781
Y  0.2289 -0.9301 -0.2874
Z -0.4464  0.1621 -0.8800

PART 3
OFFSET  3.3220  11.9253 -7.7594
X  0.7490 -0.4775  0.4594
Y -0.6619 -0.5071  0.5520
Z -0.0306 -0.7175 -0.6958

PART 4
OFFSET  9.6926  7.8644 -3.8521
X  0.7490 -0.4775  0.4594
Y -0.4544 -0.8747 -0.1682
Z  0.4822 -0.0828 -0.8722

PART 5
OFFSET  11.4653  8.3765 -3.1695
X  0.7530 -0.4724  0.4580
Y  0.0380  0.7261  0.6865
