// Export filename: `C:\projects\cod\t5\xanim_export\t5_viewmodels\ballistic_knife\b_knife_d2p_loop.XANIM_EXPORT`
// Source filename: `D:\projects\devanim\t5\animation_assets\viewmodels\ballistic_knife/ViewModel_ballistic_knife_animated2.fbx`
// Export time: Mon Sep 06 22:07:48 2010

ANIMATION
VERSION 3

NUMPARTS 78
PART 0 "tag_ads"
PART 1 "tag_torso"
PART 2 "J_Shoulder_LE"
PART 3 "J_Elbow_LE"
PART 4 "J_WristTwist_LE"
PART 5 "J_Sleave_Reshape_Bottom_LE_1"
PART 6 "J_Sleave_Reshape_Bottom_LE_2"
PART 7 "J_Sleave_Reshape_Top_LE_1"
PART 8 "J_Sleave_Reshape_Top_LE_2"
PART 9 "J_Sleave_Reshape_Top_LE_3"
PART 10 "J_Wrist_LE"
PART 11 "J_Thumb_LE_0"
PART 12 "J_Thumb_LE_1"
PART 13 "J_Thumb_LE_2"
PART 14 "J_Thumb_LE_3"
PART 15 "J_PinkyPalm_LE"
PART 16 "J_Pinky_LE_0"
PART 17 "J_Pinky_LE_1"
PART 18 "J_Pinky_LE_2"
PART 19 "J_Pinky_LE_3"
PART 20 "J_RingPalm_LE"
PART 21 "J_Ring_LE_0"
PART 22 "J_Ring_LE_1"
PART 23 "J_Ring_LE_2"
PART 24 "J_Ring_LE_3"
PART 25 "J_Webbing_LE"
PART 26 "J_Index_LE_0"
PART 27 "J_Index_LE_1"
PART 28 "J_Index_LE_2"
PART 29 "J_Index_LE_3"
PART 30 "J_Mid_LE_0"
PART 31 "J_Mid_LE_1"
PART 32 "J_Mid_LE_2"
PART 33 "J_Mid_LE_3"
PART 34 "tag_knife_attach"
PART 35 "tag_weapon"
PART 36 "J_Gun"
PART 37 "tag_blade"
PART 38 "TAG_BOLT"
PART 39 "tag_pin"
PART 40 "tag_ring"
PART 41 "tag_origin"
PART 42 "origin_animate_jnt"
PART 43 "TAG_KNIFE_FX"
PART 44 "tag_clip"
PART 45 "J_Shoulder_RI"
PART 46 "J_Elbow_RI"
PART 47 "J_WristTwist_RI"
PART 48 "J_Sleave_Reshape_Top_RI_3"
PART 49 "J_Sleave_Reshape_Top_RI_2"
PART 50 "J_Sleave_Reshape_Top_RI_1"
PART 51 "J_Wrist_RI"
PART 52 "J_Thumb_RI_0"
PART 53 "J_Thumb_RI_1"
PART 54 "J_Thumb_RI_2"
PART 55 "J_Thumb_RI_3"
PART 56 "J_PinkyPalm_RI"
PART 57 "J_Pinky_RI_0"
PART 58 "J_Pinky_RI_1"
PART 59 "J_Pinky_RI_2"
PART 60 "J_Pinky_RI_3"
PART 61 "J_RingPalm_RI"
PART 62 "J_Ring_RI_0"
PART 63 "J_Ring_RI_1"
PART 64 "J_Ring_RI_2"
PART 65 "J_Ring_RI_3"
PART 66 "J_Webbing_RI"
PART 67 "J_Index_RI_0"
PART 68 "J_Index_RI_1"
PART 69 "J_Index_RI_2"
PART 70 "J_Index_RI_3"
PART 71 "J_Mid_RI_0"
PART 72 "J_Mid_RI_1"
PART 73 "J_Mid_RI_2"
PART 74 "J_Mid_RI_3"
PART 75 "tag_cambone"
PART 76 "tag_camera"
PART 77 "tag_gasmask"

FRAMERATE 30
NUMFRAMES 16

FRAME 1310
PART 0
OFFSET  0.0000 -0.0000 -0.0000
X  1.0000 -0.0000  0.0000
Y  0.0000  1.0000  0.0000
Z  0.0000 -0.0000  1.0000

PART 1
OFFSET -4.6318 -0.0000 -1.3770
X  1.0000 -0.0000  0.0000
Y  0.0000  1.0000  0.0000
Z  0.0000 -0.0000  1.0000

PART 2
OFFSET -3.2047  5.4911 -3.1869
X  0.4307  0.8668 -0.2514
Y  0.4584 -0.4500 -0.7664
Z -0.7774  0.2148 -0.5912

PART 3
OFFSET  2.0036  15.9740 -6.2272
X  0.8137 -0.5588  0.1600
Y -0.5813 -0.7814  0.2270
Z -0.0019 -0.2777 -0.9607

PART 4
OFFSET  8.9246  11.2209 -4.8667
X  0.8137 -0.5588  0.1600
Y -0.4660 -0.7917 -0.3951
Z  0.3474  0.2470 -0.9046

PART 5
OFFSET  10.6767  11.5146 -4.0215
X  0.8172 -0.5534  0.1612
Y  0.0079  0.2905  0.9568
Z -0.5763 -0.7806  0.2417

PART 6
OFFSET  10.4783  11.4325 -5.6910
X  0.8172 -0.5534  0.1612
Y  0.0079  0.2905  0.9568
Z -0.5763 -0.7806  0.2417

PART 7
OFFSET  9.6276  9.2063 -3.4671
X  0.8172 -0.5534  0.1612
Y  0.0079  0.2905  0.9568
Z -0.5763 -0.7806  0.2417

PART 8
OFFSET  9.3470  8.6060 -4.7536
X  0.8172 -0.5534  0.1612
Y  0.0079  0.2905  0.9568
Z -0.5763 -0.7806  0.2417

PART 9
OFFSET  9.4875  8.9587 -6.6116
X  0.8172 -0.5534  0.1612
Y  0.0079  0.2905  0.9568
Z -0.5763 -0.7806  0.2417

PART 10
OFFSET  11.4191  9.5077 -4.3762
X  0.4667 -0.8547  0.2274
Y -0.7092 -0.5153 -0.4811
Z  0.5284  0.0633 -0.8467

PART 11
OFFSET  11.1616  8.6520 -5.0859
X  0.2199 -0.9189 -0.3276
Y -0.8868 -0.0484 -0.4596
Z  0.4065  0.3915 -0.8255

PART 12
OFFSET  11.5702  6.6861 -5.8846
X  0.5532 -0.8157  0.1694
Y -0.5465 -0.5088 -0.6652
Z  0.6287  0.2754 -0.7272

PART 13
OFFSET  12.5662  5.4305 -5.6529
X  0.8523 -0.2968  0.4307
Y -0.0835 -0.8900 -0.4482
Z  0.5164  0.3460 -0.7833

PART 14
OFFSET  13.5101  5.1102 -5.2306
X  0.2802 -0.6248  0.7288
Y -0.8594  0.1749  0.4804
Z -0.4277 -0.7609 -0.4879

PART 15
OFFSET  12.6803  9.3490 -3.8398
X  0.7935 -0.4893  0.3619
Y  0.4796  0.1365 -0.8668
Z  0.3747  0.8614  0.3430

PART 16
OFFSET  14.4674  8.1411 -3.1828
X  0.5662 -0.6816 -0.4636
Y -0.3680  0.2942 -0.8820
Z  0.7376  0.6700 -0.0843

PART 17
OFFSET  15.2690  7.1761 -3.8392
X -0.2289  0.1506 -0.9617
Y -0.5905  0.7640  0.2601
Z  0.7739  0.6274 -0.0859

PART 18
OFFSET  15.0660  7.3096 -4.6919
X -0.6690  0.7074 -0.2282
Y -0.1119  0.2076  0.9718
Z  0.7348  0.6756 -0.0597

PART 19
OFFSET  14.4305  7.9817 -4.9087
X  0.4757 -0.7691 -0.4269
Y  0.4388 -0.2131  0.8729
Z -0.7623 -0.6025  0.2362

PART 20
OFFSET  12.2378  8.8098 -3.9913
X  0.6652 -0.6547  0.3590
Y  0.5493  0.1033 -0.8292
Z  0.5058  0.7488  0.4284

PART 21
OFFSET  13.9642  7.1494 -2.9808
X  0.5333 -0.3908 -0.7502
Y -0.5025  0.5671 -0.6526
Z  0.6805  0.7250  0.1061

PART 22
OFFSET  14.8722  6.4841 -4.2581
X -0.4400  0.5263 -0.7276
Y -0.5644  0.4681  0.6799
Z  0.6984  0.7099  0.0911

PART 23
OFFSET  14.2624  7.2135 -5.2665
X -0.6708  0.6090  0.4231
Y  0.2408 -0.3607  0.9010
Z  0.7014  0.7063  0.0953

PART 24
OFFSET  13.5349  7.8740 -4.8076
X  0.4466 -0.2582 -0.8567
Y  0.5514 -0.6746  0.4908
Z -0.7046 -0.6915 -0.1589

PART 25
OFFSET  12.0150  6.0888 -4.8930
X  0.7232 -0.6869  0.0716
Y -0.3972 -0.3290  0.8567
Z -0.5650 -0.6480 -0.5108

PART 26
OFFSET  12.5065  5.7653 -3.5385
X  0.6414 -0.2626 -0.7208
Y -0.4214  0.6646 -0.6170
Z  0.6411  0.6996  0.3157

PART 27
OFFSET  13.6358  5.3030 -4.8076
X -0.2505  0.6565 -0.7115
Y -0.6762  0.4073  0.6139
Z  0.6928  0.6349  0.3419

PART 28
OFFSET  13.2892  6.0626 -5.6934
X -0.7500  0.5777  0.3220
Y  0.0458 -0.4403  0.8967
Z  0.6598  0.6873  0.3038

PART 29
OFFSET  12.4420  6.7151 -5.3297
X  0.3884  0.4027 -0.8288
Y  0.6341 -0.7694 -0.0767
Z -0.6686 -0.4958 -0.5542

PART 30
OFFSET  13.3209  6.4268 -3.1927
X  0.5457 -0.3316 -0.7696
Y -0.4221  0.6846 -0.5943
Z  0.7239  0.6492  0.2337

PART 31
OFFSET  14.3870  5.7791 -4.6960
X -0.4216  0.6710 -0.6099
Y -0.5818  0.3156  0.7496
Z  0.6955  0.6709  0.2574

PART 32
OFFSET  13.7712  6.7592 -5.5868
X -0.7246  0.5205  0.4517
Y  0.1393 -0.5313  0.8357
Z  0.6750  0.6684  0.3124

PART 33
OFFSET  12.9552  7.3539 -5.0736
X  0.4235 -0.1026 -0.9001
Y  0.6217 -0.6897  0.3711
Z -0.6589 -0.7168 -0.2283

PART 34
OFFSET  13.8719  7.5647 -4.7908
X  0.4973  0.7852  0.3690
Y -0.5284 -0.0633  0.8467
Z  0.6882 -0.6160  0.3834

PART 35
OFFSET  11.9813 -5.0122 -4.8767
X  0.7651 -0.6225 -0.1647
Y -0.0541 -0.3171  0.9469
Z -0.6416 -0.7155 -0.2763

PART 36
OFFSET  11.9813 -5.0122 -4.8767
X  0.7651 -0.6225 -0.1647
Y -0.0541 -0.3171  0.9469
Z -0.6416 -0.7155 -0.2763

PART 37
OFFSET  15.0410 -7.5014 -5.5355
X  0.7651 -0.6225 -0.1647
Y -0.0541 -0.3171  0.9469
Z -0.6416 -0.7155 -0.2763

PART 38
OFFSET  12.9040 -8.3433 -5.9395
X  0.7651 -0.6225 -0.1647
Y -0.0541 -0.3171  0.9469
Z -0.6416 -0.7155 -0.2763

PART 39
OFFSET  15.1511 -6.3719 -5.1509
X  0.7651 -0.6225 -0.1647
Y -0.0541 -0.3171  0.9469
Z -0.6416 -0.7155 -0.2763

PART 40
OFFSET  15.2139 -6.2736 -5.0921
X  0.7651 -0.6225 -0.1647
Y -0.0541 -0.3171  0.9469
Z -0.6416 -0.7155 -0.2763

PART 41
OFFSET  13.6884  7.1017 -4.5036
X  0.8176  0.5607  0.1310
Y  0.0252  0.1925 -0.9810
Z -0.5753  0.8053  0.1432

PART 42
OFFSET  13.6884  7.1017 -4.5036
X  0.8176  0.5607  0.1310
Y  0.0252  0.1925 -0.9810
Z -0.5753  0.8053  0.1432

PART 43
OFFSET  19.9810  10.3752 -3.6982
X  0.5753 -0.8053 -0.1432
Y  0.0252  0.1925 -0.9810
Z  0.8176  0.5607  0.1310

PART 44
OFFSET  15.0410 -7.5014 -5.5355
X  0.7651 -0.6225 -0.1647
Y -0.0541 -0.3171  0.9469
Z -0.6416 -0.7155 -0.2763

PART 45
OFFSET  1.2223 -11.8960 -2.8236
X -0.7048  0.5794  0.4093
Y -0.0538 -0.6190  0.7836
Z  0.7074  0.5302  0.4674

PART 46
OFFSET  9.7456 -18.9038 -7.7740
X -0.1065 -0.9647 -0.2406
Y  0.9433 -0.0216 -0.3311
Z  0.3143 -0.2623  0.9124

PART 47
OFFSET  10.6517 -10.6982 -5.7273
X -0.1065 -0.9647 -0.2406
Y  0.8434 -0.2158  0.4919
Z -0.5265 -0.1506  0.8367

PART 48
OFFSET  9.3602 -8.7691 -6.9010
X -0.1130 -0.9639 -0.2412
Y -0.3275  0.2653 -0.9068
Z  0.9381 -0.0235 -0.3457

PART 49
OFFSET  8.7052 -8.6750 -5.3941
X -0.1130 -0.9639 -0.2412
Y -0.3275  0.2653 -0.9068
Z  0.9381 -0.0235 -0.3457

PART 50
OFFSET  9.7043 -9.0184 -4.0562
X -0.1130 -0.9639 -0.2412
Y -0.3275  0.2653 -0.9068
Z  0.9381 -0.0235 -0.3457

PART 51
OFFSET  10.9783 -7.7405 -4.9896
X -0.2217 -0.8569 -0.4655
Y  0.8303 -0.4162  0.3707
Z -0.5114 -0.3043  0.8037

PART 52
OFFSET  10.4867 -6.8286 -5.4679
X  0.1087 -0.9683  0.2251
Y  0.9076  0.1890  0.3748
Z -0.4054  0.1635  0.8994

PART 53
OFFSET  10.1841 -4.7671 -6.0410
X -0.3819 -0.8797 -0.2833
Y  0.7052 -0.4755  0.5259
Z -0.5973  0.0011  0.8020

PART 54
OFFSET  10.9096 -3.3754 -5.6422
X -0.8484 -0.2549 -0.4639
Y  0.1806 -0.9632  0.1989
Z -0.4975  0.0849  0.8633

PART 55
OFFSET  11.8468 -3.0873 -5.1834
X -0.2695 -0.4412 -0.8560
Y  0.8138  0.3709 -0.4474
Z  0.5149 -0.8172  0.2591

PART 56
OFFSET  12.1583 -7.3996 -4.3612
X -0.6339 -0.7326 -0.2478
Y -0.3207 -0.0426  0.9462
Z -0.7038  0.6793 -0.2080

PART 57
OFFSET  13.5194 -5.6493 -3.9506
X -0.1632 -0.6149  0.7716
Y  0.6360  0.5323  0.5587
Z -0.7543  0.5819  0.3042

PART 58
OFFSET  13.7504 -4.7788 -5.0430
X  0.5711  0.3807  0.7272
Y  0.2653  0.7528 -0.6024
Z -0.7768  0.5370  0.3289

PART 59
OFFSET  13.2441 -5.1164 -5.6878
X  0.6470  0.6868  0.3312
Y -0.0003  0.4346 -0.9006
Z -0.7625  0.5826  0.2814

PART 60
OFFSET  12.6294 -5.7690 -6.0024
X -0.3843 -0.8824  0.2714
Y -0.5129 -0.0403 -0.8575
Z  0.7676 -0.4688 -0.4371

PART 61
OFFSET  11.5838 -6.9771 -4.3929
X -0.4515 -0.7827 -0.4285
Y -0.4934 -0.1812  0.8507
Z -0.7435  0.5955 -0.3043

PART 62
OFFSET  12.8550 -5.0382 -3.2168
X -0.2571 -0.6165  0.7442
Y  0.5175  0.5626  0.6447
Z -0.8161  0.5509  0.1744

PART 63
OFFSET  13.2927 -3.9886 -4.4839
X  0.4564  0.4056  0.7920
Y  0.4043  0.6984 -0.5906
Z -0.7926  0.5897  0.1547

PART 64
OFFSET  12.6602 -4.5507 -5.5815
X  0.5962  0.7683  0.2331
Y  0.1197  0.2021 -0.9720
Z -0.7939  0.6074  0.0285

PART 65
OFFSET  12.0136 -5.3840 -5.8343
X -0.5958 -0.7150  0.3657
Y -0.2096 -0.3011 -0.9303
Z  0.7753 -0.6310  0.0295

PART 66
OFFSET  9.0795 -11.1179 -6.8095
X -0.5113 -0.8103 -0.2862
Y  0.4569  0.0257 -0.8891
Z  0.7278 -0.5854  0.3571

PART 67
OFFSET  11.0258 -4.2010 -3.1568
X -0.3343 -0.7225  0.6052
Y  0.1187  0.6048  0.7875
Z -0.9350  0.3351 -0.1165

PART 68
OFFSET  11.6144 -2.9290 -4.2224
X  0.0670  0.6199  0.7819
Y  0.3388  0.7229 -0.6022
Z -0.9385  0.3052 -0.1616

PART 69
OFFSET  11.4760 -3.6640 -5.1827
X  0.3208  0.9075  0.2711
Y  0.2061  0.2125 -0.9552
Z -0.9244  0.3623 -0.1188

PART 70
OFFSET  11.1136 -4.6890 -5.4889
X -0.5505 -0.3854  0.7406
Y -0.1179 -0.8423 -0.5259
Z  0.8265 -0.3768  0.4183

PART 71
OFFSET  11.9946 -4.6893 -2.9484
X -0.3027 -0.6899  0.6576
Y  0.2411  0.6121  0.7531
Z -0.9221  0.3865 -0.0189

PART 72
OFFSET  12.5859 -3.3415 -4.2331
X  0.2598  0.5198  0.8138
Y  0.4332  0.6905 -0.5793
Z -0.8631  0.5030 -0.0458

PART 73
OFFSET  12.2065 -4.1008 -5.4218
X  0.4541  0.8813  0.1311
Y  0.1982  0.0436 -0.9792
Z -0.8686  0.4706 -0.1549

PART 74
OFFSET  11.6985 -5.1022 -5.5698
X -0.4192 -0.7337  0.5348
Y -0.2050 -0.4973 -0.8430
Z  0.8844 -0.4630  0.0581

PART 75
OFFSET  0.0000 -0.0000 -0.0000
X  1.0000 -0.0000  0.0000
Y  0.0000  1.0000  0.0000
Z  0.0000 -0.0000  1.0000

PART 76
OFFSET -0.0000 -0.0000 -0.0000
X  0.9962  0.0000 -0.0872
Y  0.0046  0.9986  0.0521
Z  0.0870 -0.0523  0.9948

PART 77
OFFSET  1.8945 -0.2164  3.9801
X  0.9962  0.0000 -0.0872
Y  0.0046  0.9986  0.0521
Z  0.0870 -0.0523  0.9948


FRAME 1311
PART 0
OFFSET  0.0000 -0.0000 -0.0000
X  1.0000 -0.0000  0.0000
Y  0.0000  1.0000  0.0000
Z  0.0000 -0.0000  1.0000

PART 1
OFFSET -4.6318 -0.0000 -1.3770
X  1.0000 -0.0000  0.0000
Y  0.0000  1.0000  0.0000
Z  0.0000 -0.0000  1.0000

PART 2
OFFSET -2.8913  5.5284 -3.1869
X  0.4807  0.8406 -0.2495
Y  0.4601 -0.4840 -0.7444
Z -0.7465  0.2430 -0.6194

PART 3
OFFSET  2.9224  15.6950 -6.2042
X  0.7899 -0.5827  0.1909
Y -0.6130 -0.7582  0.2221
Z  0.0153 -0.2925 -0.9561

PART 4
OFFSET  9.6409  10.7386 -4.5803
X  0.7899 -0.5827  0.1909
Y -0.4737 -0.7776 -0.4135
Z  0.3894  0.2362 -0.8903

PART 5
OFFSET  11.3780  10.9877 -3.6908
X  0.7935 -0.5774  0.1922
Y -0.0087  0.3050  0.9523
Z -0.6085 -0.7573  0.2370

PART 6
OFFSET  11.2229  10.8860 -5.3639
X  0.7935 -0.5774  0.1922
Y -0.0087  0.3050  0.9523
Z -0.6085 -0.7573  0.2370

PART 7
OFFSET  10.2377  8.7242 -3.1321
X  0.7935 -0.5774  0.1922
Y -0.0087  0.3050  0.9523
Z -0.6085 -0.7573  0.2370

PART 8
OFFSET  9.9727  8.1133 -4.4169
X  0.7935 -0.5774  0.1922
Y -0.0087  0.3050  0.9523
Z -0.6085 -0.7573  0.2370

PART 9
OFFSET  10.1759  8.4320 -6.2752
X  0.7935 -0.5774  0.1922
Y -0.0087  0.3050  0.9523
Z -0.6085 -0.7573  0.2370

PART 10
OFFSET  12.0625  8.9521 -3.9950
X  0.4607 -0.8592  0.2226
Y -0.7050 -0.5066 -0.4963
Z  0.5392  0.0717 -0.8391

PART 11
OFFSET  11.8108  8.1062 -4.7184
X  0.2206 -0.9156 -0.3362
Y -0.8811 -0.0392 -0.4712
Z  0.4183  0.4002 -0.8154

PART 12
OFFSET  12.2221  6.1488 -5.5362
X  0.5480 -0.8198  0.1661
Y -0.5400 -0.4984 -0.6782
Z  0.6388  0.2819 -0.7159

PART 13
OFFSET  13.2105  4.8866 -5.3077
X  0.8457 -0.3054  0.4376
Y -0.0812 -0.8841 -0.4602
Z  0.5275  0.3537 -0.7725

PART 14
OFFSET  14.1478  4.5575 -4.8777
X  0.2687 -0.6348  0.7244
Y -0.8647  0.1723  0.4718
Z -0.4243 -0.7532 -0.5027

PART 15
OFFSET  13.3163  8.7820 -3.4449
X  0.7871 -0.4967  0.3657
Y  0.4909  0.1454 -0.8590
Z  0.3735  0.8556  0.3583

PART 16
OFFSET  15.0905  7.5591 -2.7807
X  0.5694 -0.6780 -0.4649
Y -0.3559  0.3065 -0.8828
Z  0.7410  0.6682 -0.0667

PART 17
OFFSET  15.8967  6.5992 -3.4389
X -0.2162  0.1633 -0.9626
Y -0.5909  0.7630  0.2622
Z  0.7772  0.6255 -0.0685

PART 18
OFFSET  15.7050  6.7441 -4.2923
X -0.6634  0.7127 -0.2277
Y -0.1233  0.1960  0.9728
Z  0.7380  0.6735 -0.0421

PART 19
OFFSET  15.0747  7.4212 -4.5087
X  0.4781 -0.7656 -0.4304
Y  0.4271 -0.2256  0.8756
Z -0.7675 -0.6025  0.2191

PART 20
OFFSET  12.8737  8.2463 -3.6086
X  0.6582 -0.6617  0.3592
Y  0.5600  0.1115 -0.8209
Z  0.5032  0.7415  0.4439

PART 21
OFFSET  14.5812  6.5669 -2.5973
X  0.5413 -0.3835 -0.7483
Y -0.4922  0.5771 -0.6517
Z  0.6818  0.7210  0.1236

PART 22
OFFSET  15.5027  5.9140 -3.8713
X -0.4289  0.5369 -0.7265
Y -0.5712  0.4618  0.6786
Z  0.6999  0.7060  0.1086

PART 23
OFFSET  14.9083  6.6582 -4.8781
X -0.6738  0.6063  0.4222
Y  0.2282 -0.3728  0.8994
Z  0.7028  0.7024  0.1129

PART 24
OFFSET  14.1775  7.3158 -4.4202
X  0.4563 -0.2493 -0.8542
Y  0.5427 -0.6828  0.4892
Z -0.7051 -0.6868 -0.1763

PART 25
OFFSET  12.6522  5.5376 -4.5467
X  0.7197 -0.6905  0.0720
Y -0.4091 -0.3380  0.8475
Z -0.5609 -0.6395 -0.5258

PART 26
OFFSET  13.1255  5.1955 -3.1903
X  0.6495 -0.2561 -0.7160
Y -0.4112  0.6738 -0.6140
Z  0.6396  0.6931  0.3323

PART 27
OFFSET  14.2689  4.7446 -4.4509
X -0.2391  0.6662 -0.7064
Y -0.6823  0.4023  0.6104
Z  0.6908  0.6280  0.3584

PART 28
OFFSET  13.9363  5.5164 -5.3314
X -0.7519  0.5766  0.3197
Y  0.0329 -0.4515  0.8916
Z  0.6585  0.6809  0.3205

PART 29
OFFSET  13.0870  6.1676 -4.9702
X  0.4003  0.4114 -0.8188
Y  0.6322 -0.7709 -0.0783
Z -0.6634 -0.4863 -0.5687

PART 30
OFFSET  13.9379  5.8495 -2.8261
X  0.5541 -0.3241 -0.7667
Y -0.4121  0.6935 -0.5910
Z  0.7233  0.6434  0.2507

PART 31
OFFSET  15.0204  5.2163 -4.3240
X -0.4115  0.6802 -0.6067
Y -0.5900  0.3086  0.7461
Z  0.6947  0.6650  0.2743

PART 32
OFFSET  14.4194  6.2098 -5.2101
X -0.7282  0.5177  0.4491
Y  0.1269 -0.5421  0.8307
Z  0.6735  0.6619  0.3291

PART 33
OFFSET  13.5993  6.8012 -4.6998
X  0.4343 -0.0930 -0.8959
Y  0.6145 -0.6967  0.3702
Z -0.6586 -0.7113 -0.2454

PART 34
OFFSET  14.5131  7.0049 -4.4029
X  0.4955  0.7787  0.3849
Y -0.5392 -0.0717  0.8391
Z  0.6810 -0.6233  0.3843

PART 35
OFFSET  12.1886 -4.5727 -4.6839
X  0.7936 -0.5922 -0.1393
Y -0.0511 -0.2930  0.9548
Z -0.6062 -0.7506 -0.2628

PART 36
OFFSET  12.1886 -4.5727 -4.6839
X  0.7936 -0.5922 -0.1393
Y -0.0511 -0.2930  0.9548
Z -0.6062 -0.7506 -0.2628

PART 37
OFFSET  15.3625 -6.9410 -5.2409
X  0.7936 -0.5922 -0.1393
Y -0.0511 -0.2930  0.9548
Z -0.6062 -0.7506 -0.2628

PART 38
OFFSET  13.2695 -7.8877 -5.6434
X  0.7936 -0.5922 -0.1393
Y -0.0511 -0.2930  0.9548
Z -0.6062 -0.7506 -0.2628

PART 39
OFFSET  15.4183 -5.7976 -4.8871
X  0.7936 -0.5922 -0.1393
Y -0.0511 -0.2930  0.9548
Z -0.6062 -0.7506 -0.2628

PART 40
OFFSET  15.4759 -5.6950 -4.8304
X  0.7936 -0.5922 -0.1393
Y -0.0511 -0.2930  0.9548
Z -0.6062 -0.7506 -0.2628

PART 41
OFFSET  14.3243  6.5391 -4.1239
X  0.8179  0.5559  0.1482
Y  0.0382  0.2045 -0.9781
Z -0.5741  0.8057  0.1460

PART 42
OFFSET  14.3243  6.5391 -4.1239
X  0.8179  0.5559  0.1482
Y  0.0382  0.2045 -0.9781
Z -0.5741  0.8057  0.1460

PART 43
OFFSET  20.6184  9.7782 -3.1993
X  0.5741 -0.8057 -0.1460
Y  0.0382  0.2045 -0.9781
Z  0.8179  0.5559  0.1482

PART 44
OFFSET  15.3625 -6.9410 -5.2409
X  0.7936 -0.5922 -0.1393
Y -0.0511 -0.2930  0.9548
Z -0.6062 -0.7506 -0.2628

PART 45
OFFSET  1.2223 -11.8960 -2.8236
X -0.7342  0.5412  0.4098
Y -0.0524 -0.6470  0.7606
Z  0.6769  0.5370  0.5035

PART 46
OFFSET  10.1021 -18.4417 -7.7799
X -0.1042 -0.9590 -0.2635
Y  0.9482 -0.0159 -0.3171
Z  0.2999 -0.2829  0.9110

PART 47
OFFSET  10.9886 -10.2850 -5.5385
X -0.1042 -0.9590 -0.2635
Y  0.8466 -0.2246  0.4825
Z -0.5219 -0.1728  0.8353

PART 48
OFFSET  9.7180 -8.3282 -6.6889
X -0.1107 -0.9581 -0.2641
Y -0.3132  0.2859 -0.9056
Z  0.9432 -0.0175 -0.3318

PART 49
OFFSET  9.0402 -8.2662 -5.1903
X -0.1107 -0.9581 -0.2641
Y -0.3132  0.2859 -0.9056
Z  0.9432 -0.0175 -0.3318

PART 50
OFFSET  10.0182 -8.6409 -3.8453
X -0.1107 -0.9581 -0.2641
Y -0.3132  0.2859 -0.9056
Z  0.9432 -0.0175 -0.3318

PART 51
OFFSET  11.3082 -7.3450 -4.7307
X -0.1783 -0.8783 -0.4435
Y  0.8435 -0.3686  0.3908
Z -0.5067 -0.3044  0.8066

PART 52
OFFSET  10.7825 -6.4692 -5.2394
X  0.1487 -0.9559  0.2532
Y  0.8940  0.2394  0.3787
Z -0.4226  0.1701  0.8902

PART 53
OFFSET  10.3960 -4.4397 -5.8732
X -0.3395 -0.9032 -0.2625
Y  0.7193 -0.4291  0.5463
Z -0.6061 -0.0033  0.7954

PART 54
OFFSET  11.0548 -3.0068 -5.5060
X -0.8310 -0.3049 -0.4653
Y  0.2206 -0.9484  0.2276
Z -0.5107  0.0865  0.8554

PART 55
OFFSET  11.9731 -2.6649 -5.0458
X -0.2399 -0.4761 -0.8460
Y  0.8018  0.3942 -0.4492
Z  0.5473 -0.7861  0.2872

PART 56
OFFSET  12.4646 -6.9348 -4.0999
X -0.5981 -0.7666 -0.2338
Y -0.3295 -0.0307  0.9437
Z -0.7305  0.6414 -0.2342

PART 57
OFFSET  13.7424 -5.1153 -3.7245
X -0.1449 -0.6000  0.7868
Y  0.6054  0.5752  0.5501
Z -0.7826  0.5560  0.2799

PART 58
OFFSET  13.9476 -4.2658 -4.8383
X  0.5453  0.4256  0.7222
Y  0.2389  0.7469 -0.6205
Z -0.8035  0.5109  0.3056

PART 59
OFFSET  13.4641 -4.6431 -5.4786
X  0.6122  0.7237  0.3185
Y -0.0091  0.4092 -0.9124
Z -0.7906  0.5557  0.2570

PART 60
OFFSET  12.8825 -5.3307 -5.7812
X -0.3482 -0.8908  0.2920
Y -0.5007 -0.0866 -0.8613
Z  0.7925 -0.4461 -0.4159

PART 61
OFFSET  11.8725 -6.5392 -4.1494
X -0.4115 -0.8134 -0.4111
Y -0.4947 -0.1794  0.8503
Z -0.7654  0.5533 -0.3286

PART 62
OFFSET  13.0434 -4.5142 -3.0150
X -0.2383 -0.6065  0.7585
Y  0.4847  0.6025  0.6341
Z -0.8416  0.5187  0.1505

PART 63
OFFSET  13.4490 -3.4816 -4.3064
X  0.4289  0.4471  0.7850
Y  0.3800  0.6991 -0.6057
Z -0.8196  0.5580  0.1299

PART 64
OFFSET  12.8547 -4.1012 -5.3943
X  0.5590  0.8001  0.2176
Y  0.1219  0.1803 -0.9760
Z -0.8202  0.5721  0.0033

PART 65
OFFSET  12.2484 -4.9689 -5.6303
X -0.5680 -0.7304  0.3794
Y -0.1854 -0.3356 -0.9236
Z  0.8019 -0.5949  0.0552

PART 66
OFFSET  9.5812 -10.8521 -6.4748
X -0.4718 -0.8398 -0.2686
Y  0.4656  0.0214 -0.8847
Z  0.7487 -0.5425  0.3809

PART 67
OFFSET  11.1784 -3.7576 -2.9974
X -0.3092 -0.7196  0.6217
Y  0.0828  0.6309  0.7714
Z -0.9474  0.2899 -0.1355

PART 68
OFFSET  11.7228 -2.4906 -4.0921
X  0.0305  0.6435  0.7648
Y  0.3136  0.7204 -0.6186
Z -0.9491  0.2587 -0.1798

PART 69
OFFSET  11.6280 -3.2572 -5.0328
X  0.2774  0.9280  0.2489
Y  0.2076  0.1951 -0.9586
Z -0.9381  0.3176 -0.1385

PART 70
OFFSET  11.3147 -4.3053 -5.3139
X -0.5415 -0.3889  0.7454
Y -0.0746 -0.8609 -0.5033
Z  0.8374 -0.3281  0.4372

PART 71
OFFSET  12.1654 -4.1965 -2.7654
X -0.2796 -0.6843  0.6735
Y  0.2052  0.6427  0.7381
Z -0.9379  0.3446 -0.0393

PART 72
OFFSET  12.7116 -2.8598 -4.0811
X  0.2272  0.5531  0.8016
Y  0.4090  0.6928 -0.5939
Z -0.8838  0.4628 -0.0688

PART 73
OFFSET  12.3798 -3.6676 -5.2519
X  0.4133  0.9038  0.1111
Y  0.2074  0.0253 -0.9779
Z -0.8867  0.4272 -0.1770

PART 74
OFFSET  11.9181 -4.6942 -5.3771
X -0.3927 -0.7365  0.5508
Y -0.1731 -0.5290 -0.8308
Z  0.9032 -0.4216  0.0802

PART 75
OFFSET  0.0000 -0.0000 -0.0000
X  1.0000 -0.0000  0.0000
Y  0.0000  1.0000  0.0000
Z  0.0000 -0.0000  1.0000

PART 76
OFFSET -0.0000 -0.0000 -0.0000
X  0.9965  0.0000 -0.0831
Y  0.0040  0.9989  0.0476
Z  0.0830 -0.0477  0.9954

PART 77
OFFSET  1.8784 -0.1974  3.9888
X  0.9965  0.0000 -0.0831
Y  0.0040  0.9989  0.0476
Z  0.0830 -0.0477  0.9954


FRAME 1312
PART 0
OFFSET  0.0000 -0.0000 -0.0000
X  1.0000 -0.0000  0.0000
Y  0.0000  1.0000  0.0000
Z  0.0000 -0.0000  1.0000

PART 1
OFFSET -4.6318 -0.0000 -1.3770
X  1.0000 -0.0000  0.0000
Y  0.0000  1.0000  0.0000
Z  0.0000 -0.0000  1.0000

PART 2
OFFSET -2.5258  5.6336 -3.1869
X  0.5392  0.8064 -0.2427
Y  0.4598 -0.5233 -0.7174
Z -0.7056  0.2752 -0.6530

PART 3
OFFSET  3.9952  15.3867 -6.1225
X  0.7565 -0.6128  0.2285
Y -0.6530 -0.7269  0.2125
Z  0.0359 -0.3099 -0.9501

PART 4
OFFSET  10.4293  10.1744 -4.1790
X  0.7565 -0.6128  0.2285
Y -0.4814 -0.7582 -0.4398
Z  0.4428  0.2227 -0.8685

PART 5
OFFSET  12.1435  10.3640 -3.2323
X  0.7603 -0.6076  0.2298
Y -0.0286  0.3221  0.9463
Z -0.6490 -0.7260  0.2275

PART 6
OFFSET  12.0426  10.2392 -4.9080
X  0.7603 -0.6076  0.2298
Y -0.0286  0.3221  0.9463
Z -0.6490 -0.7260  0.2275

PART 7
OFFSET  10.8862  8.1622 -2.6777
X  0.7603 -0.6076  0.2298
Y -0.0286  0.3221  0.9463
Z -0.6490 -0.7260  0.2275

PART 8
OFFSET  10.6398  7.5405 -3.9610
X  0.7603 -0.6076  0.2298
Y -0.0286  0.3221  0.9463
Z -0.6490 -0.7260  0.2275

PART 9
OFFSET  10.9215  7.8169 -5.8159
X  0.7603 -0.6076  0.2298
Y -0.0286  0.3221  0.9463
Z -0.6490 -0.7260  0.2275

PART 10
OFFSET  12.7484  8.2957 -3.4786
X  0.4631 -0.8584  0.2208
Y -0.6919 -0.5058 -0.5152
Z  0.5539  0.0858 -0.8281

PART 11
OFFSET  12.5164  7.4566 -4.2164
X  0.2338 -0.9098 -0.3429
Y -0.8720 -0.0402 -0.4879
Z  0.4301  0.4130 -0.8028

PART 12
OFFSET  12.9577  5.5123 -5.0497
X  0.5511 -0.8176  0.1665
Y -0.5236 -0.4943 -0.6939
Z  0.6497  0.2952 -0.7005

PART 13
OFFSET  13.9514  4.2548 -4.8179
X  0.8398 -0.3043  0.4495
Y -0.0659 -0.8791 -0.4721
Z  0.5388  0.3668 -0.7583

PART 14
OFFSET  14.8832  3.9276 -4.3745
X  0.2603 -0.6414  0.7217
Y -0.8745  0.1602  0.4577
Z -0.4092 -0.7503 -0.5193

PART 15
OFFSET  13.9930  8.1283 -2.9074
X  0.7840 -0.4952  0.3743
Y  0.5055  0.1594 -0.8480
Z  0.3603  0.8540  0.3752

PART 16
OFFSET  15.7641  6.9109 -2.2251
X  0.5831 -0.6681 -0.4623
Y -0.3419  0.3144 -0.8856
Z  0.7370  0.6744 -0.0451

PART 17
OFFSET  16.5896  5.9650 -2.8796
X -0.1998  0.1732 -0.9644
Y -0.6015  0.7553  0.2603
Z  0.7735  0.6320 -0.0467

PART 18
OFFSET  16.4125  6.1186 -3.7347
X -0.6646  0.7104 -0.2315
Y -0.1427  0.1834  0.9726
Z  0.7334  0.6794 -0.0205

PART 19
OFFSET  15.7811  6.7935 -3.9546
X  0.4918 -0.7568 -0.4305
Y  0.4126 -0.2328  0.8806
Z -0.7667 -0.6108  0.1978

PART 20
OFFSET  13.5577  7.5914 -3.0856
X  0.6565 -0.6610  0.3634
Y  0.5742  0.1255 -0.8091
Z  0.4892  0.7398  0.4619

PART 21
OFFSET  15.2592  5.9128 -2.0629
X  0.5579 -0.3705 -0.7427
Y -0.4845  0.5811 -0.6538
Z  0.6738  0.7246  0.1447

PART 22
OFFSET  16.2089  5.2821 -3.3273
X -0.4196  0.5424 -0.7279
Y -0.5871  0.4494  0.6733
Z  0.6923  0.7098  0.1299

PART 23
OFFSET  15.6274  6.0338 -4.3360
X -0.6861  0.5962  0.4169
Y  0.2144 -0.3818  0.8990
Z  0.6952  0.7062  0.1341

PART 24
OFFSET  14.8833  6.6804 -3.8839
X  0.4739 -0.2356 -0.8485
Y  0.5389 -0.6845  0.4910
Z -0.6965 -0.6899 -0.1974

PART 25
OFFSET  13.3743  4.8925 -4.0597
X  0.7236 -0.6859  0.0772
Y -0.4220 -0.3512  0.8358
Z -0.5462 -0.6373 -0.5436

PART 26
OFFSET  13.8252  4.5377 -2.6988
X  0.6645 -0.2426 -0.7068
Y -0.4050  0.6780 -0.6134
Z  0.6281  0.6939  0.3523

PART 27
OFFSET  14.9950  4.1105 -3.9433
X -0.2312  0.6728 -0.7028
Y -0.6965  0.3898  0.6024
Z  0.6793  0.6288  0.3785

PART 28
OFFSET  14.6727  4.8903 -4.8207
X -0.7620  0.5671  0.3126
Y  0.0200 -0.4619  0.8867
Z  0.6472  0.6819  0.3407

PART 29
OFFSET  13.8120  5.5308 -4.4676
X  0.4121  0.4242 -0.8064
Y  0.6394 -0.7651 -0.0757
Z -0.6491 -0.4844 -0.5865

PART 30
OFFSET  14.6257  5.1934 -2.3120
X  0.5706 -0.3108 -0.7602
Y -0.4065  0.6974 -0.5902
Z  0.7136  0.6458  0.2716

PART 31
OFFSET  15.7404  4.5863 -3.7970
X -0.4055  0.6843 -0.6061
Y -0.6060  0.2952  0.7387
Z  0.6844  0.6668  0.2950

PART 32
OFFSET  15.1482  5.5857 -4.6823
X -0.7403  0.5068  0.4416
Y  0.1157 -0.5510  0.8264
Z  0.6622  0.6629  0.3493

PART 33
OFFSET  14.3143  6.1649 -4.1803
X  0.4514 -0.0791 -0.8888
Y  0.6129 -0.6964  0.3733
Z -0.6485 -0.7133 -0.2659

PART 34
OFFSET  15.2209  6.3719 -3.8642
X  0.4823  0.7777  0.4032
Y -0.5539 -0.0858  0.8281
Z  0.6786 -0.6228  0.3894

PART 35
OFFSET  12.4362 -4.2214 -4.4909
X  0.8270 -0.5545 -0.0929
Y -0.0593 -0.2503  0.9663
Z -0.5591 -0.7937 -0.2399

PART 36
OFFSET  12.4362 -4.2214 -4.4909
X  0.8270 -0.5545 -0.0929
Y -0.0593 -0.2503  0.9663
Z -0.5591 -0.7937 -0.2399

PART 37
OFFSET  15.7434 -6.4388 -4.8626
X  0.8270 -0.5545 -0.0929
Y -0.0593 -0.2503  0.9663
Z -0.5591 -0.7937 -0.2399

PART 38
OFFSET  13.7139 -7.5146 -5.2657
X  0.8270 -0.5545 -0.0929
Y -0.0593 -0.2503  0.9663
Z -0.5591 -0.7937 -0.2399

PART 39
OFFSET  15.7300 -5.2787 -4.5629
X  0.8270 -0.5545 -0.0929
Y -0.0593 -0.2503  0.9663
Z -0.5591 -0.7937 -0.2399

PART 40
OFFSET  15.7808 -5.1707 -4.5099
X  0.8270 -0.5545 -0.0929
Y -0.0593 -0.2503  0.9663
Z -0.5591 -0.7937 -0.2399

PART 41
OFFSET  15.0306  5.9014 -3.5942
X  0.8108  0.5602  0.1698
Y  0.0546  0.2165 -0.9748
Z -0.5828  0.7996  0.1449

PART 42
OFFSET  15.0306  5.9014 -3.5942
X  0.8108  0.5602  0.1698
Y  0.0546  0.2165 -0.9748
Z -0.5828  0.7996  0.1449

PART 43
OFFSET  21.2816  9.1761 -2.5153
X  0.5828 -0.7996 -0.1449
Y  0.0546  0.2165 -0.9748
Z  0.8108  0.5602  0.1698

PART 44
OFFSET  15.7434 -6.4388 -4.8626
X  0.8270 -0.5545 -0.0929
Y -0.0593 -0.2503  0.9663
Z -0.5591 -0.7937 -0.2399

PART 45
OFFSET  1.2223 -11.8960 -2.8236
X -0.7587  0.5080  0.4078
Y -0.0570 -0.6753  0.7353
Z  0.6490  0.5346  0.5413

PART 46
OFFSET  10.3978 -18.0402 -7.7552
X -0.1129 -0.9510 -0.2879
Y  0.9528 -0.0215 -0.3028
Z  0.2817 -0.3085  0.9085

PART 47
OFFSET  11.3584 -9.9517 -5.3067
X -0.1129 -0.9510 -0.2879
Y  0.8443 -0.2446  0.4769
Z -0.5239 -0.1892  0.8305

PART 48
OFFSET  10.1324 -7.9509 -6.4295
X -0.1194 -0.9500 -0.2886
Y -0.2951  0.3115 -0.9033
Z  0.9480 -0.0227 -0.3175

PART 49
OFFSET  9.4320 -7.9150 -4.9405
X -0.1194 -0.9500 -0.2886
Y -0.2951  0.3115 -0.9033
Z  0.9480 -0.0227 -0.3175

PART 50
OFFSET  10.3836 -8.3348 -3.5899
X -0.1194 -0.9500 -0.2886
Y -0.2951  0.3115 -0.9033
Z  0.9480 -0.0227 -0.3175

PART 51
OFFSET  11.7046 -7.0362 -4.4242
X -0.1207 -0.9064 -0.4047
Y  0.8517 -0.3039  0.4268
Z -0.5099 -0.2932  0.8087

PART 52
OFFSET  11.1463 -6.2148 -4.9860
X  0.1925 -0.9336  0.3021
Y  0.8705  0.3046  0.3867
Z -0.4530  0.1885  0.8713

PART 53
OFFSET  10.6692 -4.2410 -5.7250
X -0.2848 -0.9315 -0.2263
Y  0.7272 -0.3637  0.5822
Z -0.6246  0.0012  0.7809

PART 54
OFFSET  11.2422 -2.7590 -5.4124
X -0.8019 -0.3706 -0.4686
Y  0.2645 -0.9235  0.2778
Z -0.5357  0.0988  0.8386

PART 55
OFFSET  12.1294 -2.3470 -4.9487
X -0.1933 -0.5274 -0.8273
Y  0.7908  0.4154 -0.4496
Z  0.5807 -0.7412  0.3368

PART 56
OFFSET  12.8218 -6.5354 -3.7881
X -0.5508 -0.8078 -0.2100
Y -0.3508 -0.0042  0.9364
Z -0.7573  0.5895 -0.2810

PART 57
OFFSET  13.9922 -4.6341 -3.4721
X -0.1326 -0.5695  0.8112
Y  0.5604  0.6320  0.5353
Z -0.8176  0.5255  0.2353

PART 58
OFFSET  14.1798 -3.8278 -4.6206
X  0.5040  0.4876  0.7129
Y  0.2145  0.7289 -0.6502
Z -0.8367  0.4806  0.2627

PART 59
OFFSET  13.7330 -4.2602 -5.2527
X  0.5651  0.7697  0.2970
Y -0.0079  0.3650 -0.9310
Z -0.8250  0.5237  0.2124

PART 60
OFFSET  13.1961 -4.9914 -5.5348
X -0.3079 -0.8936  0.3266
Y -0.4739 -0.1536 -0.8671
Z  0.8250 -0.4218 -0.3762

PART 61
OFFSET  12.2110 -6.1750 -3.8698
X -0.3577 -0.8527 -0.3806
Y -0.5056 -0.1658  0.8467
Z -0.7851  0.4953 -0.3718

PART 62
OFFSET  13.2450 -4.0390 -2.8081
X -0.2247 -0.5824  0.7813
Y  0.4364  0.6567  0.6151
Z -0.8713  0.4791  0.1065

PART 63
OFFSET  13.6275 -3.0476 -4.1382
X  0.3850  0.5057  0.7720
Y  0.3575  0.6894 -0.6300
Z -0.8508  0.5186  0.0847

PART 64
OFFSET  13.0939 -3.7485 -5.2081
X  0.5104  0.8383  0.1914
Y  0.1364  0.1408 -0.9806
Z -0.8490  0.5266 -0.0425

PART 65
OFFSET  12.5403 -4.6577 -5.4157
X -0.5379 -0.7414  0.4012
Y -0.1444 -0.3879 -0.9103
Z  0.8305 -0.5476  0.1016

PART 66
OFFSET  10.2089 -10.7090 -6.0360
X -0.4200 -0.8756 -0.2385
Y  0.4857  0.0051 -0.8741
Z  0.7666 -0.4830  0.4231

PART 67
OFFSET  11.3428 -3.3840 -2.8685
X -0.2861 -0.7054  0.6485
Y  0.0302  0.6698  0.7419
Z -0.9577  0.2318 -0.1704

PART 68
OFFSET  11.8466 -2.1420 -4.0103
X -0.0225  0.6793  0.7335
Y  0.2905  0.7065 -0.6454
Z -0.9566  0.1986 -0.2132

PART 69
OFFSET  11.8158 -2.9558 -4.9150
X  0.2218  0.9522  0.2102
Y  0.2207  0.1609 -0.9620
Z -0.9498  0.2597 -0.1745

PART 70
OFFSET  11.5653 -4.0313 -5.1524
X -0.5386 -0.3822  0.7509
Y -0.0165 -0.8862 -0.4629
Z  0.8424 -0.2617  0.4710

PART 71
OFFSET  12.3455 -3.7578 -2.5937
X -0.2598 -0.6661  0.6992
Y  0.1526  0.6866  0.7108
Z -0.9535  0.2914 -0.0767

PART 72
OFFSET  12.8529 -2.4565 -3.9596
X  0.1777  0.6014  0.7790
Y  0.3866  0.6853 -0.6172
Z -0.9050  0.4108 -0.1107

PART 73
OFFSET  12.5934 -3.3349 -5.0974
X  0.3622  0.9290  0.0767
Y  0.2300 -0.0093 -0.9731
Z -0.9033  0.3701 -0.2170

PART 74
OFFSET  12.1898 -4.3896 -5.1834
X -0.3669 -0.7300  0.5766
Y -0.1243 -0.5758 -0.8081
Z  0.9219 -0.3681  0.1205

PART 75
OFFSET  0.0000 -0.0000 -0.0000
X  1.0000 -0.0000  0.0000
Y  0.0000  1.0000  0.0000
Z  0.0000 -0.0000  1.0000

PART 76
OFFSET -0.0000 -0.0000 -0.0000
X  0.9972 -0.0000 -0.0743
Y  0.0029  0.9993  0.0384
Z  0.0743 -0.0385  0.9965

PART 77
OFFSET  1.8434 -0.1594  4.0067
X  0.9972 -0.0000 -0.0743
Y  0.0029  0.9993  0.0384
Z  0.0743 -0.0385  0.9965


FRAME 1313
PART 0
OFFSET  0.0000 -0.0000 -0.0000
X  1.0000 -0.0000  0.0000
Y  0.0000  1.0000  0.0000
Z  0.0000 -0.0000  1.0000

PART 1
OFFSET -4.6318 -0.0000 -1.3770
X  1.0000 -0.0000  0.0000
Y  0.0000  1.0000  0.0000
Z  0.0000 -0.0000  1.0000

PART 2
OFFSET -2.1221  5.7962 -3.1869
X  0.6012  0.7657 -0.2288
Y  0.4541 -0.5629 -0.6906
Z -0.6576  0.3113 -0.6861

PART 3
OFFSET  5.1483  15.0561 -5.9540
X  0.7165 -0.6454  0.2648
Y -0.6954 -0.6909  0.1975
Z  0.0555 -0.3256 -0.9439

PART 4
OFFSET  11.2422  9.5667 -3.7017
X  0.7165 -0.6454  0.2648
Y -0.4884 -0.7351 -0.4702
Z  0.4981  0.2076 -0.8419

PART 5
OFFSET  12.9276  9.6869 -2.6940
X  0.7204 -0.6404  0.2662
Y -0.0475  0.3374  0.9402
Z -0.6919 -0.6900  0.2126

PART 6
OFFSET  12.8825  9.5418 -4.3705
X  0.7204 -0.6404  0.2662
Y -0.0475  0.3374  0.9402
Z -0.6919 -0.6900  0.2126

PART 7
OFFSET  11.5440  7.5575 -2.1578
X  0.7204 -0.6404  0.2662
Y -0.0475  0.3374  0.9402
Z -0.6919 -0.6900  0.2126

PART 8
OFFSET  11.3146  6.9292 -3.4410
X  0.7204 -0.6404  0.2662
Y -0.0475  0.3374  0.9402
Z -0.6919 -0.6900  0.2126

PART 9
OFFSET  11.6777  7.1635 -5.2875
X  0.7204 -0.6404  0.2662
Y -0.0475  0.3374  0.9402
Z -0.6919 -0.6900  0.2126

PART 10
OFFSET  13.4386  7.5880 -2.8899
X  0.4712 -0.8539  0.2210
Y -0.6733 -0.5101 -0.5353
Z  0.5698  0.1034 -0.8153

PART 11
OFFSET  13.2348  6.7542 -3.6418
X  0.2545 -0.9023 -0.3480
Y -0.8609 -0.0475 -0.5066
Z  0.4405  0.4285 -0.7889

PART 12
OFFSET  13.7226  4.8262 -4.4872
X  0.5597 -0.8113  0.1690
Y -0.5015 -0.4940 -0.7103
Z  0.6597  0.3128 -0.6834

PART 13
OFFSET  14.7299  3.5810 -4.2486
X  0.8347 -0.2970  0.4637
Y -0.0428 -0.8745 -0.4831
Z  0.5490  0.3834 -0.7427

PART 14
OFFSET  15.6570  3.2625 -3.7894
X  0.2547 -0.6458  0.7198
Y -0.8862  0.1420  0.4410
Z -0.3869 -0.7502 -0.5361

PART 15
OFFSET  14.6735  7.4325 -2.2946
X  0.7834 -0.4878  0.3852
Y  0.5207  0.1765 -0.8353
Z  0.3395  0.8549  0.3923

PART 16
OFFSET  16.4480  6.2336 -1.5887
X  0.6026 -0.6540 -0.4573
Y -0.3280  0.3194 -0.8890
Z  0.7275  0.6857 -0.0221

PART 17
OFFSET  17.3011  5.3076 -2.2362
X -0.1821  0.1813 -0.9664
Y -0.6180  0.7433  0.2559
Z  0.7648  0.6439 -0.0233

PART 18
OFFSET  17.1396  5.4684 -3.0931
X -0.6702  0.7032 -0.2375
Y -0.1657  0.1701  0.9714
Z  0.7234  0.6904  0.0025

PART 19
OFFSET  16.5029  6.1364 -3.3187
X  0.5120 -0.7445 -0.4285
Y  0.3976 -0.2368  0.8865
Z -0.7614 -0.6243  0.1747

PART 20
OFFSET  14.2501  6.8913 -2.4879
X  0.6586 -0.6553  0.3698
Y  0.5890  0.1432 -0.7954
Z  0.4683  0.7416  0.4803

PART 21
OFFSET  15.9548  5.2264 -1.4483
X  0.5787 -0.3537 -0.7348
Y -0.4794  0.5814 -0.6574
Z  0.6597  0.7328  0.1669

PART 22
OFFSET  16.9401  4.6243 -2.6994
X -0.4124  0.5444 -0.7305
Y -0.6077  0.4329  0.6658
Z  0.6787  0.7185  0.1523

PART 23
OFFSET  16.3686  5.3788 -3.7117
X -0.7036  0.5812  0.4089
Y  0.2013 -0.3889  0.8990
Z  0.6815  0.7148  0.1566

PART 24
OFFSET  15.6056  6.0091 -3.2682
X  0.4950 -0.2189 -0.8409
Y  0.5387 -0.6820  0.4946
Z -0.6818 -0.6978 -0.2197

PART 25
OFFSET  14.1276  4.2013 -3.4956
X  0.7320 -0.6760  0.0847
Y -0.4341 -0.3669  0.8227
Z -0.5251 -0.6390 -0.5621

PART 26
OFFSET  14.5552  3.8377 -2.1297
X  0.6827 -0.2247 -0.6953
Y -0.4022  0.6789 -0.6142
Z  0.6101  0.6990  0.3731

PART 27
OFFSET  15.7571  3.4421 -3.3539
X -0.2265  0.6773 -0.6999
Y -0.7147  0.3726  0.5919
Z  0.6617  0.6343  0.3997

PART 28
OFFSET  15.4415  4.2270 -4.2291
X -0.7768  0.5522  0.3028
Y  0.0084 -0.4717  0.8817
Z  0.6297  0.6875  0.3618

PART 29
OFFSET  14.5640  4.8507 -3.8871
X  0.4224  0.4394 -0.7927
Y  0.6522 -0.7547 -0.0708
Z -0.6294 -0.4872 -0.6054

PART 30
OFFSET  15.3375  4.5006 -1.7188
X  0.5910 -0.2936 -0.7514
Y -0.4044  0.6981 -0.5909
Z  0.6980  0.6531  0.2938

PART 31
OFFSET  16.4920  3.9271 -3.1866
X -0.4029  0.6851 -0.6068
Y -0.6257  0.2777  0.7290
Z  0.6680  0.6734  0.3167

PART 32
OFFSET  15.9035  4.9278 -4.0730
X -0.7569  0.4908  0.4315
Y  0.1067 -0.5587  0.8225
Z  0.6447  0.6686  0.3705

PART 33
OFFSET  15.0507  5.4887 -3.5822
X  0.4710 -0.0622 -0.8799
Y  0.6154 -0.6915  0.3783
Z -0.6320 -0.7197 -0.2875

PART 34
OFFSET  15.9473  5.7055 -3.2448
X  0.4621  0.7800  0.4219
Y -0.5698 -0.1034  0.8153
Z  0.6796 -0.6171  0.3966

PART 35
OFFSET  12.7132 -3.9505 -4.3078
X  0.8594 -0.5102 -0.0331
Y -0.0796 -0.1975  0.9771
Z -0.5050 -0.8371 -0.2103

PART 36
OFFSET  12.7132 -3.9505 -4.3078
X  0.8594 -0.5102 -0.0331
Y -0.0796 -0.1975  0.9771
Z -0.5050 -0.8371 -0.2103

PART 37
OFFSET  16.1501 -5.9907 -4.4403
X  0.8594 -0.5102 -0.0331
Y -0.0796 -0.1975  0.9771
Z -0.5050 -0.8371 -0.2103

PART 38
OFFSET  14.1995 -7.2033 -4.8442
X  0.8594 -0.5102 -0.0331
Y -0.0796 -0.1975  0.9771
Z -0.5050 -0.8371 -0.2103

PART 39
OFFSET  16.0613 -4.8180 -4.2105
X  0.8594 -0.5102 -0.0331
Y -0.0796 -0.1975  0.9771
Z -0.5050 -0.8371 -0.2103

PART 40
OFFSET  16.1041 -4.7044 -4.1625
X  0.8594 -0.5102 -0.0331
Y -0.0796 -0.1975  0.9771
Z -0.5050 -0.8371 -0.2103

PART 41
OFFSET  15.7585  5.2291 -2.9842
X  0.7985  0.5701  0.1931
Y  0.0717  0.2284 -0.9709
Z -0.5976  0.7892  0.1415

PART 42
OFFSET  15.7585  5.2291 -2.9842
X  0.7985  0.5701  0.1931
Y  0.0717  0.2284 -0.9709
Z -0.5976  0.7892  0.1415

PART 43
OFFSET  21.9357  8.5832 -1.7373
X  0.5976 -0.7892 -0.1415
Y  0.0717  0.2284 -0.9709
Z  0.7985  0.5701  0.1931

PART 44
OFFSET  16.1501 -5.9907 -4.4403
X  0.8594 -0.5102 -0.0331
Y -0.0796 -0.1975  0.9771
Z -0.5050 -0.8371 -0.2103

PART 45
OFFSET  1.2223 -11.8960 -2.8236
X -0.7797  0.4790  0.4033
Y -0.0642 -0.7019  0.7094
Z  0.6229  0.5272  0.5780

PART 46
OFFSET  10.6514 -17.6891 -7.7015
X -0.1285 -0.9415 -0.3114
Y  0.9564 -0.0346 -0.2900
Z  0.2623 -0.3351  0.9049

PART 47
OFFSET  11.7441 -9.6809 -5.0526
X -0.1285 -0.9415 -0.3114
Y  0.8355 -0.2719  0.4775
Z -0.5343 -0.1989  0.8216

PART 48
OFFSET  10.5760 -7.6295 -6.1454
X -0.1349 -0.9404 -0.3122
Y -0.2756  0.3382 -0.8998
Z  0.9518 -0.0353 -0.3048

PART 49
OFFSET  9.8552 -7.6131 -4.6659
X -0.1349 -0.9404 -0.3122
Y -0.2756  0.3382 -0.8998
Z  0.9518 -0.0353 -0.3048

PART 50
OFFSET  10.7785 -8.0837 -3.3123
X -0.1349 -0.9404 -0.3122
Y -0.2756  0.3382 -0.8998
Z  0.9518 -0.0353 -0.3048

PART 51
OFFSET  12.1379 -6.7944 -4.0978
X -0.0554 -0.9336 -0.3539
Y  0.8516 -0.2292  0.4713
Z -0.5212 -0.2753  0.8078

PART 52
OFFSET  11.5550 -6.0402 -4.7251
X  0.2335 -0.9021  0.3630
Y  0.8378  0.3761  0.3958
Z -0.4936  0.2117  0.8435

PART 53
OFFSET  10.9950 -4.1429 -5.5949
X -0.2241 -0.9579 -0.1797
Y  0.7251 -0.2871  0.6259
Z -0.6511  0.0099  0.7589

PART 54
OFFSET  11.4730 -2.6148 -5.3525
X -0.7628 -0.4427 -0.4714
Y  0.3056 -0.8892  0.3405
Z -0.5699  0.1156  0.8135

PART 55
OFFSET  12.3187 -2.1263 -4.8857
X -0.1340 -0.5843 -0.8004
Y  0.7819  0.4339 -0.4476
Z  0.6088 -0.6858  0.3987

PART 56
OFFSET  13.2020 -6.1941 -3.4569
X -0.4971 -0.8490 -0.1794
Y -0.3831  0.0293  0.9232
Z -0.7785  0.5276 -0.3398

PART 57
OFFSET  14.2525 -4.2134 -3.2166
X -0.1294 -0.5287  0.8389
Y  0.5048  0.6931  0.5147
Z -0.8535  0.4900  0.1772

PART 58
OFFSET  14.4356 -3.4648 -4.4042
X  0.4503  0.5561  0.6986
Y  0.1965  0.7015 -0.6850
Z -0.8710  0.4457  0.2066

PART 59
OFFSET  14.0364 -3.9578 -5.0236
X  0.5103  0.8169  0.2689
Y  0.0049  0.3099 -0.9508
Z -0.8600  0.4865  0.1542

PART 60
OFFSET  13.5516 -4.7339 -5.2791
X -0.2690 -0.8897  0.3689
Y -0.4334 -0.2303 -0.8713
Z  0.8601 -0.3943 -0.3236

PART 61
OFFSET  12.5754 -5.8749 -3.5795
X -0.2958 -0.8924 -0.3407
Y -0.5253 -0.1459  0.8383
Z -0.7978  0.4269 -0.4257

PART 62
OFFSET  13.4501 -3.6254 -2.6135
X -0.2195 -0.5486  0.8068
Y  0.3769  0.7151  0.5888
Z -0.8999  0.4333  0.0497

PART 63
OFFSET  13.8238 -2.6914 -3.9870
X  0.3285  0.5706  0.7526
Y  0.3407  0.6717 -0.6579
Z -0.8809  0.4725  0.0262

PART 64
OFFSET  13.3686 -3.4823 -5.0301
X  0.4557  0.8760  0.1577
Y  0.1632  0.0919 -0.9823
Z -0.8750  0.4734 -0.1011

PART 65
OFFSET  12.8743 -4.4324 -5.2012
X -0.5096 -0.7470  0.4269
Y -0.0900 -0.4472 -0.8899
Z  0.8557 -0.4920  0.1607

PART 66
OFFSET  10.9079 -10.6339 -5.5364
X -0.3617 -0.9107 -0.1995
Y  0.5155 -0.0170 -0.8567
Z  0.7768 -0.4128  0.4756

PART 67
OFFSET  11.5177 -3.0859 -2.7740
X -0.2692 -0.6824  0.6796
Y -0.0337  0.7119  0.7014
Z -0.9625  0.1659 -0.2147

PART 68
OFFSET  11.9917 -1.8845 -3.9707
X -0.0864  0.7178  0.6908
Y  0.2734  0.6839 -0.6764
Z -0.9580  0.1304 -0.2553

PART 69
OFFSET  12.0386 -2.7492 -4.8260
X  0.1607  0.9739  0.1604
Y  0.2455  0.1179 -0.9622
Z -0.9560  0.1940 -0.2202

PART 70
OFFSET  11.8571 -3.8493 -5.0072
X -0.5428 -0.3689  0.7545
Y  0.0495 -0.9108 -0.4098
Z  0.8384 -0.1851  0.5127

PART 71
OFFSET  12.5292 -3.3847 -2.4454
X -0.2469 -0.6388  0.7287
Y  0.0886  0.7339  0.6734
Z -0.9650  0.2309 -0.1246

PART 72
OFFSET  13.0116 -2.1368 -3.8689
X  0.1160  0.6543  0.7472
Y  0.3694  0.6699 -0.6440
Z -0.9220  0.3508 -0.1640

PART 73
OFFSET  12.8422 -3.0926 -4.9604
X  0.3068  0.9512  0.0332
Y  0.2647 -0.0518 -0.9629
Z -0.9142  0.3042 -0.2677

PART 74
OFFSET  12.5014 -4.1721 -4.9967
X -0.3458 -0.7157  0.6067
Y -0.0631 -0.6274 -0.7761
Z  0.9362 -0.3067  0.1718

PART 75
OFFSET  0.0000 -0.0000 -0.0000
X  1.0000 -0.0000  0.0000
Y  0.0000  1.0000  0.0000
Z  0.0000 -0.0000  1.0000

PART 76
OFFSET -0.0000 -0.0000 -0.0000
X  0.9981  0.0000 -0.0617
Y  0.0016  0.9997  0.0256
Z  0.0617 -0.0257  0.9978

PART 77
OFFSET  1.7928 -0.1062  4.0314
X  0.9981  0.0000 -0.0617
Y  0.0016  0.9997  0.0256
Z  0.0617 -0.0257  0.9978


FRAME 1314
PART 0
OFFSET  0.0000 -0.0000 -0.0000
X  1.0000 -0.0000  0.0000
Y  0.0000  1.0000  0.0000
Z  0.0000 -0.0000  1.0000

PART 1
OFFSET -4.6318 -0.0000 -1.3770
X  1.0000 -0.0000  0.0000
Y  0.0000  1.0000  0.0000
Z  0.0000 -0.0000  1.0000

PART 2
OFFSET -1.6940  6.0057 -3.1869
X  0.6613  0.7206 -0.2086
Y  0.4424 -0.5992 -0.6673
Z -0.6058  0.3489 -0.7150

PART 3
OFFSET  6.3032  14.7203 -5.7096
X  0.6734 -0.6777  0.2954
Y -0.7357 -0.6533  0.1787
Z  0.0719 -0.3376 -0.9385

PART 4
OFFSET  12.0310  8.9563 -3.1975
X  0.6734 -0.6777  0.2954
Y -0.4951 -0.7102 -0.5005
Z  0.5489  0.1908 -0.8138

PART 5
OFFSET  13.6843  9.0024 -2.1320
X  0.6776 -0.6728  0.2969
Y -0.0632  0.3489  0.9350
