// Export filename: `C:\projects\cod\t5\xanim_export\t5_viewmodels\ballistic_knife\b_knife_pullout_quick.XANIM_EXPORT`
// Source filename: `D:\projects\devanim\t5\animation_assets\viewmodels\ballistic_knife/ViewModel_ballistic_knife_animated2.fbx`
// Export time: Mon Sep 06 22:07:44 2010

ANIMATION
VERSION 3

NUMPARTS 78
PART 0 "tag_ads"
PART 1 "tag_torso"
PART 2 "J_Shoulder_LE"
PART 3 "J_Elbow_LE"
PART 4 "J_WristTwist_LE"
PART 5 "J_Sleave_Reshape_Bottom_LE_1"
PART 6 "J_Sleave_Reshape_Bottom_LE_2"
PART 7 "J_Sleave_Reshape_Top_LE_1"
PART 8 "J_Sleave_Reshape_Top_LE_2"
PART 9 "J_Sleave_Reshape_Top_LE_3"
PART 10 "J_Wrist_LE"
PART 11 "J_Thumb_LE_0"
PART 12 "J_Thumb_LE_1"
PART 13 "J_Thumb_LE_2"
PART 14 "J_Thumb_LE_3"
PART 15 "J_PinkyPalm_LE"
PART 16 "J_Pinky_LE_0"
PART 17 "J_Pinky_LE_1"
PART 18 "J_Pinky_LE_2"
PART 19 "J_Pinky_LE_3"
PART 20 "J_RingPalm_LE"
PART 21 "J_Ring_LE_0"
PART 22 "J_Ring_LE_1"
PART 23 "J_Ring_LE_2"
PART 24 "J_Ring_LE_3"
PART 25 "J_Webbing_LE"
PART 26 "J_Index_LE_0"
PART 27 "J_Index_LE_1"
PART 28 "J_Index_LE_2"
PART 29 "J_Index_LE_3"
PART 30 "J_Mid_LE_0"
PART 31 "J_Mid_LE_1"
PART 32 "J_Mid_LE_2"
PART 33 "J_Mid_LE_3"
PART 34 "tag_knife_attach"
PART 35 "tag_weapon"
PART 36 "J_Gun"
PART 37 "tag_blade"
PART 38 "TAG_BOLT"
PART 39 "tag_pin"
PART 40 "tag_ring"
PART 41 "tag_origin"
PART 42 "origin_animate_jnt"
PART 43 "TAG_KNIFE_FX"
PART 44 "tag_clip"
PART 45 "J_Shoulder_RI"
PART 46 "J_Elbow_RI"
PART 47 "J_WristTwist_RI"
PART 48 "J_Sleave_Reshape_Top_RI_3"
PART 49 "J_Sleave_Reshape_Top_RI_2"
PART 50 "J_Sleave_Reshape_Top_RI_1"
PART 51 "J_Wrist_RI"
PART 52 "J_Thumb_RI_0"
PART 53 "J_Thumb_RI_1"
PART 54 "J_Thumb_RI_2"
PART 55 "J_Thumb_RI_3"
PART 56 "J_PinkyPalm_RI"
PART 57 "J_Pinky_RI_0"
PART 58 "J_Pinky_RI_1"
PART 59 "J_Pinky_RI_2"
PART 60 "J_Pinky_RI_3"
PART 61 "J_RingPalm_RI"
PART 62 "J_Ring_RI_0"
PART 63 "J_Ring_RI_1"
PART 64 "J_Ring_RI_2"
PART 65 "J_Ring_RI_3"
PART 66 "J_Webbing_RI"
PART 67 "J_Index_RI_0"
PART 68 "J_Index_RI_1"
PART 69 "J_Index_RI_2"
PART 70 "J_Index_RI_3"
PART 71 "J_Mid_RI_0"
PART 72 "J_Mid_RI_1"
PART 73 "J_Mid_RI_2"
PART 74 "J_Mid_RI_3"
PART 75 "tag_cambone"
PART 76 "tag_camera"
PART 77 "tag_gasmask"

FRAMERATE 30
NUMFRAMES 21

FRAME 250
PART 0
OFFSET  0.0000 -0.0000 -0.0000
X  1.0000 -0.0000  0.0000
Y  0.0000  1.0000  0.0000
Z  0.0000 -0.0000  1.0000

PART 1
OFFSET -4.6318 -0.0000 -1.3770
X  1.0000 -0.0000  0.0000
Y  0.0000  1.0000  0.0000
Z  0.0000 -0.0000  1.0000

PART 2
OFFSET -6.2831  7.9373 -3.1869
X  0.5630  0.4711 -0.6791
Y  0.5692 -0.8168 -0.0947
Z -0.5993 -0.3332 -0.7279

PART 3
OFFSET  0.5255  13.6343 -11.3997
X  0.9819  0.1432  0.1237
Y -0.0431 -0.4671  0.8831
Z  0.1843 -0.8725 -0.4525

PART 4
OFFSET  8.8772  14.8524 -10.3473
X  0.9819  0.1432  0.1237
Y  0.1184 -0.9748  0.1889
Z  0.1477 -0.1709 -0.9742

PART 5
OFFSET  10.1291  16.3282 -10.7014
X  0.9817  0.1484  0.1197
Y -0.1864  0.8787  0.4394
Z -0.0400 -0.4537  0.8903

PART 6
OFFSET  10.0618  14.9470 -11.6612
X  0.9817  0.1484  0.1197
Y -0.1864  0.8787  0.4394
Z -0.0400 -0.4537  0.8903

PART 7
OFFSET  10.5554  15.1208 -8.4438
X  0.9817  0.1484  0.1197
Y -0.1864  0.8787  0.4394
Z -0.0400 -0.4537  0.8903

PART 8
OFFSET  10.7024  13.7235 -8.7905
X  0.9817  0.1484  0.1197
Y -0.1864  0.8787  0.4394
Z -0.0400 -0.4537  0.8903

PART 9
OFFSET  10.6737  12.5614 -10.2888
X  0.9817  0.1484  0.1197
Y -0.1864  0.8787  0.4394
Z -0.0400 -0.4537  0.8903

PART 10
OFFSET  11.8875  15.2915 -9.9680
X  0.8859 -0.3427  0.3127
Y -0.3808 -0.9221  0.0682
Z  0.2650 -0.1795 -0.9474

PART 11
OFFSET  12.0273  14.1737 -10.1505
X  0.6286 -0.7771 -0.0309
Y -0.7777 -0.6286 -0.0114
Z -0.0106  0.0312 -0.9995

PART 12
OFFSET  13.3055  12.4357 -10.2739
X  0.9265 -0.3087  0.2150
Y -0.2799 -0.9476 -0.1544
Z  0.2514  0.0828 -0.9643

PART 13
OFFSET  14.8461  12.0032 -10.0256
X  0.9324  0.3386  0.1261
Y  0.3437 -0.9389 -0.0205
Z  0.1114  0.0624 -0.9918

PART 14
OFFSET  15.8654  12.3563 -9.9350
X  0.6876  0.0164  0.7260
Y -0.7260  0.0380  0.6867
Z -0.0163 -0.9991  0.0380

PART 15
OFFSET  13.0984  15.9526 -9.9679
X  0.9777  0.1339  0.1617
Y  0.1817 -0.1540 -0.9712
Z -0.1052  0.9790 -0.1749

PART 16
OFFSET  15.3328  16.0921 -9.6983
X  0.7628 -0.5297 -0.3708
Y -0.6046 -0.3810 -0.6995
Z  0.2293  0.7578 -0.6109

PART 17
OFFSET  16.4128  15.3421 -10.2232
X -0.4246 -0.4754 -0.7706
Y -0.8603  0.4770  0.1797
Z  0.2821  0.7392 -0.6115

PART 18
OFFSET  16.0363  14.9206 -10.9064
X -0.9724  0.1501 -0.1785
Y -0.0494  0.6156  0.7865
Z  0.2279  0.7737 -0.5912

PART 19
OFFSET  15.1125  15.0632 -11.0760
X  0.7418 -0.6131 -0.2717
Y  0.6173  0.4659  0.6340
Z -0.2621 -0.6380  0.7241

PART 20
OFFSET  13.0032  15.2894 -9.7215
X  0.9616 -0.0440  0.2709
Y  0.2632 -0.1318 -0.9557
Z  0.0778  0.9903 -0.1152

PART 21
OFFSET  15.4904  15.2454 -8.9663
X  0.5316 -0.4712 -0.7038
Y -0.8270 -0.1093 -0.5515
Z  0.1829  0.8752 -0.4478

PART 22
OFFSET  16.3955  14.4432 -10.1646
X -0.7653 -0.1541 -0.6249
Y -0.6106  0.4809  0.6292
Z  0.2035  0.8631 -0.4622

PART 23
OFFSET  15.3347  14.2296 -11.0306
X -0.8161  0.4121  0.4052
Y  0.5390  0.2897  0.7909
Z  0.2086  0.8639 -0.4585

PART 24
OFFSET  14.4497  14.6765 -10.5911
X  0.3710 -0.4606 -0.8064
Y  0.8999 -0.0363  0.4347
Z -0.2295 -0.8869  0.4010

PART 25
OFFSET  14.1558  12.6747 -9.4034
X  0.9808 -0.1940  0.0176
Y -0.0108  0.0360  0.9993
Z -0.1945 -0.9803  0.0333

PART 26
OFFSET  14.9536  13.3274 -8.3459
X  0.5556 -0.3158 -0.7692
Y -0.8076  0.0152 -0.5896
Z  0.1979  0.9487 -0.2466

PART 27
OFFSET  15.9318  12.7714 -9.7002
X -0.6776  0.0284 -0.7349
Y -0.6801  0.3561  0.6408
Z  0.2799  0.9340 -0.2219

PART 28
OFFSET  15.0911  12.7492 -10.5801
X -0.8805  0.3044  0.3635
Y  0.4210  0.1493  0.8947
Z  0.2181  0.9408 -0.2597

PART 29
OFFSET  14.0966  13.0930 -10.1695
X -0.0321  0.0307 -0.9990
Y  0.9286 -0.3688 -0.0411
Z -0.3697 -0.9290 -0.0167

PART 30
OFFSET  15.3198  14.3321 -8.6233
X  0.5065 -0.4315 -0.7465
Y -0.8154  0.0418 -0.5774
Z  0.2804  0.9012 -0.3306

PART 31
OFFSET  16.3093  13.4892 -10.0816
X -0.8101  0.0237 -0.5858
Y -0.5308  0.3946  0.7500
Z  0.2489  0.9185 -0.3071

PART 32
OFFSET  15.1260  13.5239 -10.9372
X -0.8076  0.3385  0.4830
Y  0.5378  0.0863  0.8387
Z  0.2422  0.9370 -0.2517

PART 33
OFFSET  14.2127  13.9138 -10.3926
X  0.2603 -0.3746 -0.8899
Y  0.9468 -0.0816  0.3112
Z -0.1892 -0.9236  0.3334

PART 34
OFFSET  14.8983  14.5857 -10.6007
X  0.0414  0.9837 -0.1748
Y -0.2650  0.1795  0.9474
Z  0.9634  0.0071  0.2681

PART 35
OFFSET  12.0914 -13.1539 -9.3358
X  0.8730 -0.3330 -0.3565
Y -0.0127 -0.7461  0.6658
Z -0.4876 -0.5766 -0.6555

PART 36
OFFSET  12.0914 -13.1539 -9.3358
X  0.8730 -0.3330 -0.3565
Y -0.0127 -0.7461  0.6658
Z -0.4876 -0.5766 -0.6555

PART 37
OFFSET  15.5824 -14.4855 -10.7613
X  0.8730 -0.3330 -0.3565
Y -0.0127 -0.7461  0.6658
Z -0.4876 -0.5766 -0.6555

PART 38
OFFSET  13.6539 -15.3401 -11.7559
X  0.8730 -0.3330 -0.3565
Y -0.0127 -0.7461  0.6658
Z -0.4876 -0.5766 -0.6555

PART 39
OFFSET  43.5486  36.3348 -94.8226
X  0.8730 -0.3330 -0.3565
Y -0.0127 -0.7461  0.6658
Z -0.4876 -0.5766 -0.6555

PART 40
OFFSET  43.5903  36.3998 -94.7172
X  0.8730 -0.3330 -0.3565
Y -0.0127 -0.7461  0.6658
Z -0.4876 -0.5766 -0.6555

PART 41
OFFSET  15.0451  14.3108 -10.1177
X  0.3892  0.8185 -0.4226
Y -0.2412 -0.3522 -0.9043
Z -0.8890  0.4539  0.0604

PART 42
OFFSET  15.0451  14.3108 -10.1177
X  0.3892  0.8185 -0.4226
Y -0.2412 -0.3522 -0.9043
Z -0.8890  0.4539  0.0604

PART 43
OFFSET  18.5752  19.7169 -13.1631
X  0.8890 -0.4539 -0.0604
Y -0.2412 -0.3522 -0.9043
Z  0.3892  0.8185 -0.4226

PART 44
OFFSET  15.5824 -14.4855 -10.7613
X  0.8730 -0.3330 -0.3565
Y -0.0127 -0.7461  0.6658
Z -0.4876 -0.5766 -0.6555

PART 45
OFFSET -6.0573 -7.9373 -2.8236
X -0.5422  0.7278  0.4200
Y -0.1696 -0.5843  0.7936
Z  0.8230  0.3591  0.4402

PART 46
OFFSET  0.4998 -16.7387 -7.9031
X -0.9618 -0.0992  0.2551
Y  0.0084 -0.9423 -0.3346
Z  0.2736 -0.3197  0.9072

PART 47
OFFSET  8.6803 -15.8952 -10.0732
X -0.9618 -0.0992  0.2551
Y -0.1686 -0.5198 -0.8375
Z  0.2157 -0.8485  0.4832

PART 48
OFFSET  9.5165 -14.2974 -11.9480
X -0.9626 -0.0927  0.2546
Y -0.2710  0.3335 -0.9030
Z -0.0012 -0.9382 -0.3461

PART 49
OFFSET  10.1892 -13.5708 -10.6333
X -0.9626 -0.0927  0.2546
Y -0.2710  0.3335 -0.9030
Z -0.0012 -0.9382 -0.3461

PART 50
OFFSET  10.7314 -14.5582 -9.3538
X -0.9626 -0.0927  0.2546
Y -0.2710  0.3335 -0.9030
Z -0.0012 -0.9382 -0.3461

PART 51
OFFSET  11.6289 -15.5911 -10.8554
X -0.0445 -0.5392 -0.8410
Y  0.8863 -0.4097  0.2158
Z -0.4609 -0.7358  0.4962

PART 52
OFFSET  10.9829 -14.6511 -10.8890
X  0.2864 -0.9231 -0.2566
Y  0.8469  0.1186  0.5184
Z -0.4481 -0.3657  0.8158

PART 53
OFFSET  10.3054 -12.6505 -10.4325
X -0.2013 -0.6734 -0.7113
Y  0.7716 -0.5564  0.3083
Z -0.6034 -0.4868  0.6316

PART 54
OFFSET  10.7440 -11.5421 -9.3365
X -0.7744 -0.1219 -0.6209
Y  0.3565 -0.8947 -0.2689
Z -0.5227 -0.4296  0.7364

PART 55
OFFSET  11.5993 -11.3753 -8.6942
X -0.1624  0.0016 -0.9867
Y  0.7375  0.6645 -0.1203
Z  0.6555 -0.7473 -0.1091

PART 56
OFFSET  12.7088 -15.4249 -10.0130
X -0.4774 -0.6041 -0.6381
Y -0.3267 -0.5521  0.7671
Z -0.8157  0.5747  0.0662

PART 57
OFFSET  13.7027 -13.9161 -8.6637
X -0.0594 -0.9318  0.3581
Y  0.5110  0.2798  0.8128
Z -0.8575  0.2313  0.4595

PART 58
OFFSET  13.7868 -12.5969 -9.1707
X  0.4726  0.0570  0.8794
Y  0.1298  0.9825 -0.1334
Z -0.8717  0.1772  0.4570

PART 59
OFFSET  13.3677 -12.6475 -9.9504
X  0.4972  0.5259  0.6901
Y -0.0641  0.8155 -0.5753
Z -0.8653  0.2418  0.4391

PART 60
OFFSET  12.8954 -13.1471 -10.6061
X -0.2149 -0.9491 -0.2302
Y -0.4776  0.3078 -0.8229
Z  0.8519 -0.0669 -0.5195

PART 61
OFFSET  12.0652 -15.1367 -9.9021
X -0.2850 -0.5296 -0.7989
Y -0.4677 -0.6507  0.5982
Z -0.8367  0.5441 -0.0623

PART 62
OFFSET  12.9188 -13.8573 -7.8062
X -0.1506 -0.9343  0.3231
Y  0.3872  0.2450  0.8889
Z -0.9096  0.2590  0.3248

PART 63
OFFSET  13.1752 -12.2666 -8.3562
X  0.3539  0.0285  0.9348
Y  0.2763  0.9517 -0.1337
Z -0.8935  0.3056  0.3290

PART 64
OFFSET  12.6847 -12.3062 -9.6518
X  0.4339  0.6360  0.6382
Y  0.0995  0.6701 -0.7355
Z -0.8955  0.3826  0.2275

PART 65
OFFSET  12.2141 -12.9959 -10.3439
X -0.4564 -0.8851 -0.0915
Y -0.1288  0.1674 -0.9774
Z  0.8804 -0.4343 -0.1904

PART 66
OFFSET  10.4470 -17.8833 -14.2720
X -0.3415 -0.6327 -0.6950
Y  0.4624  0.5307 -0.7103
Z  0.8183 -0.5639  0.1113

PART 67
OFFSET  10.9627 -13.4544 -7.5568
X -0.2033 -0.9687  0.1426
Y -0.0154  0.1488  0.9887
Z -0.9790  0.1988 -0.0451

PART 68
OFFSET  11.3207 -11.7489 -7.8079
X -0.0688  0.1564  0.9853
Y  0.2076  0.9683 -0.1392
Z -0.9758  0.1950 -0.0991

PART 69
OFFSET  11.3451 -11.9273 -9.0117
X  0.1363  0.6937  0.7073
Y  0.1820  0.6842 -0.7062
Z -0.9738  0.2250 -0.0329

PART 70
OFFSET  11.1911 -12.7108 -9.8106
X -0.4825 -0.7802  0.3980
Y  0.0558 -0.4809 -0.8750
Z  0.8741 -0.4000  0.2756

PART 71
OFFSET  12.0022 -13.8244 -7.5014
X -0.1796 -0.9616  0.2074
Y  0.1042  0.1910  0.9760
Z -0.9782  0.1969  0.0659

PART 72
OFFSET  12.3530 -11.9458 -7.9065
X  0.1388  0.0850  0.9867
Y  0.3059  0.9439 -0.1244
Z -0.9419  0.3191  0.1050

PART 73
OFFSET  12.1503 -12.0700 -9.3477
X  0.2751  0.7609  0.5877
Y  0.2069  0.5501 -0.8090
Z -0.9389  0.3441 -0.0061

PART 74
OFFSET  11.8456 -12.9338 -10.0138
X -0.2831 -0.9568  0.0665
Y -0.0887 -0.0429 -0.9951
Z  0.9550 -0.2876 -0.0727

PART 75
OFFSET  0.0000 -0.0000 -0.0000
X  1.0000 -0.0000  0.0000
Y  0.0000  1.0000  0.0000
Z  0.0000 -0.0000  1.0000

PART 76
OFFSET  0.0000 -0.0000 -0.0000
X  1.0000 -0.0000  0.0000
Y  0.0000  1.0000  0.0000
Z  0.0000 -0.0000  1.0000

PART 77
OFFSET  1.5404 -0.0000  4.1357
X  1.0000 -0.0000  0.0000
Y  0.0000  1.0000  0.0000
Z  0.0000 -0.0000  1.0000


FRAME 251
PART 0
OFFSET  0.0000 -0.0000 -0.0000
X  1.0000 -0.0000  0.0000
Y  0.0000  1.0000  0.0000
Z  0.0000 -0.0000  1.0000

PART 1
OFFSET -4.6318 -0.0000 -1.3770
X  1.0000 -0.0000  0.0000
Y  0.0000  1.0000  0.0000
Z  0.0000 -0.0000  1.0000

PART 2
OFFSET -6.2831  7.9373 -3.1869
X  0.5630  0.4711 -0.6791
Y  0.5692 -0.8168 -0.0947
Z -0.5993 -0.3332 -0.7279

PART 3
OFFSET  0.5255  13.6343 -11.3997
X  0.9819  0.1432  0.1237
Y -0.0431 -0.4671  0.8831
Z  0.1843 -0.8725 -0.4525

PART 4
OFFSET  8.8772  14.8524 -10.3473
X  0.9819  0.1432  0.1237
Y  0.1184 -0.9748  0.1889
Z  0.1477 -0.1709 -0.9742

PART 5
OFFSET  10.1291  16.3282 -10.7014
X  0.9817  0.1484  0.1197
Y -0.1864  0.8787  0.4394
Z -0.0400 -0.4537  0.8903

PART 6
OFFSET  10.0618  14.9470 -11.6612
X  0.9817  0.1484  0.1197
Y -0.1864  0.8787  0.4394
Z -0.0400 -0.4537  0.8903

PART 7
OFFSET  10.5554  15.1208 -8.4438
X  0.9817  0.1484  0.1197
Y -0.1864  0.8787  0.4394
Z -0.0400 -0.4537  0.8903

PART 8
OFFSET  10.7024  13.7235 -8.7905
X  0.9817  0.1484  0.1197
Y -0.1864  0.8787  0.4394
Z -0.0400 -0.4537  0.8903

PART 9
OFFSET  10.6737  12.5614 -10.2888
X  0.9817  0.1484  0.1197
Y -0.1864  0.8787  0.4394
Z -0.0400 -0.4537  0.8903

PART 10
OFFSET  11.8875  15.2915 -9.9680
X  0.8859 -0.3427  0.3127
Y -0.3808 -0.9221  0.0682
Z  0.2650 -0.1795 -0.9474

PART 11
OFFSET  12.0273  14.1737 -10.1505
X  0.6286 -0.7771 -0.0309
Y -0.7777 -0.6286 -0.0114
Z -0.0106  0.0312 -0.9995

PART 12
OFFSET  13.3055  12.4357 -10.2739
X  0.9265 -0.3087  0.2150
Y -0.2799 -0.9476 -0.1544
Z  0.2514  0.0828 -0.9643

PART 13
OFFSET  14.8461  12.0032 -10.0256
X  0.9324  0.3386  0.1261
Y  0.3437 -0.9389 -0.0205
Z  0.1114  0.0624 -0.9918

PART 14
OFFSET  15.8654  12.3563 -9.9350
X  0.6876  0.0164  0.7260
Y -0.7260  0.0380  0.6867
Z -0.0163 -0.9991  0.0380

PART 15
OFFSET  13.0984  15.9526 -9.9679
X  0.9777  0.1339  0.1617
Y  0.1817 -0.1540 -0.9712
Z -0.1052  0.9790 -0.1749

PART 16
OFFSET  15.3328  16.0921 -9.6983
X  0.7628 -0.5297 -0.3708
Y -0.6046 -0.3810 -0.6995
Z  0.2293  0.7578 -0.6109

PART 17
OFFSET  16.4128  15.3421 -10.2232
X -0.4246 -0.4754 -0.7706
Y -0.8603  0.4770  0.1797
Z  0.2821  0.7392 -0.6115

PART 18
OFFSET  16.0363  14.9206 -10.9064
X -0.9724  0.1501 -0.1785
Y -0.0494  0.6156  0.7865
Z  0.2279  0.7737 -0.5912

PART 19
OFFSET  15.1125  15.0632 -11.0760
X  0.7418 -0.6131 -0.2717
Y  0.6173  0.4659  0.6340
Z -0.2621 -0.6380  0.7241

PART 20
OFFSET  13.0032  15.2894 -9.7215
X  0.9616 -0.0440  0.2709
Y  0.2632 -0.1318 -0.9557
Z  0.0778  0.9903 -0.1152

PART 21
OFFSET  15.4904  15.2454 -8.9663
X  0.5316 -0.4712 -0.7038
Y -0.8270 -0.1093 -0.5515
Z  0.1829  0.8752 -0.4478

PART 22
OFFSET  16.3955  14.4432 -10.1646
X -0.7653 -0.1541 -0.6249
Y -0.6106  0.4809  0.6292
Z  0.2035  0.8631 -0.4622

PART 23
OFFSET  15.3347  14.2296 -11.0306
X -0.8161  0.4121  0.4052
Y  0.5390  0.2897  0.7909
Z  0.2086  0.8639 -0.4585

PART 24
OFFSET  14.4497  14.6765 -10.5911
X  0.3710 -0.4606 -0.8064
Y  0.8999 -0.0363  0.4347
Z -0.2295 -0.8869  0.4010

PART 25
OFFSET  14.1558  12.6747 -9.4034
X  0.9808 -0.1940  0.0176
Y -0.0108  0.0360  0.9993
Z -0.1945 -0.9803  0.0333

PART 26
OFFSET  14.9536  13.3274 -8.3459
X  0.5556 -0.3158 -0.7692
Y -0.8076  0.0152 -0.5896
Z  0.1979  0.9487 -0.2466

PART 27
OFFSET  15.9318  12.7714 -9.7002
X -0.6776  0.0284 -0.7349
Y -0.6801  0.3561  0.6408
Z  0.2799  0.9340 -0.2219

PART 28
OFFSET  15.0911  12.7492 -10.5801
X -0.8805  0.3044  0.3635
Y  0.4210  0.1493  0.8947
Z  0.2181  0.9408 -0.2597

PART 29
OFFSET  14.0966  13.0930 -10.1695
X -0.0321  0.0307 -0.9990
Y  0.9286 -0.3688 -0.0411
Z -0.3697 -0.9290 -0.0167

PART 30
OFFSET  15.3198  14.3321 -8.6233
X  0.5065 -0.4315 -0.7465
Y -0.8154  0.0418 -0.5774
Z  0.2804  0.9012 -0.3306

PART 31
OFFSET  16.3093  13.4892 -10.0816
X -0.8101  0.0237 -0.5858
Y -0.5308  0.3946  0.7500
Z  0.2489  0.9185 -0.3071

PART 32
OFFSET  15.1260  13.5239 -10.9372
X -0.8076  0.3385  0.4830
Y  0.5378  0.0863  0.8387
Z  0.2422  0.9370 -0.2517

PART 33
OFFSET  14.2127  13.9138 -10.3926
X  0.2603 -0.3746 -0.8899
Y  0.9468 -0.0816  0.3112
Z -0.1892 -0.9236  0.3334

PART 34
OFFSET  14.8983  14.5857 -10.6007
X  0.0414  0.9837 -0.1748
Y -0.2650  0.1795  0.9474
Z  0.9634  0.0071  0.2681

PART 35
OFFSET  12.4235 -12.5564 -8.7396
X  0.8511 -0.3875 -0.3542
Y -0.0428 -0.7236  0.6889
Z -0.5232 -0.5712 -0.6325

PART 36
OFFSET  12.4235 -12.5564 -8.7396
X  0.8511 -0.3875 -0.3542
Y -0.0428 -0.7236  0.6889
Z -0.5232 -0.5712 -0.6325

PART 37
OFFSET  15.8273 -14.1059 -10.1559
X  0.8511 -0.3875 -0.3542
Y -0.0428 -0.7236  0.6889
Z -0.5232 -0.5712 -0.6325

PART 38
OFFSET  13.8474 -14.8923 -11.1048
X  0.8511 -0.3875 -0.3542
Y -0.0428 -0.7236  0.6889
Z -0.5232 -0.5712 -0.6325

PART 39
OFFSET  45.3345  32.5636 -95.9140
X  0.8511 -0.3875 -0.3542
Y -0.0428 -0.7236  0.6889
Z -0.5232 -0.5712 -0.6325

PART 40
OFFSET  45.3805  32.6296 -95.8111
X  0.8511 -0.3875 -0.3542
Y -0.0428 -0.7236  0.6889
Z -0.5232 -0.5712 -0.6325

PART 41
OFFSET  15.0451  14.3108 -10.1177
X  0.3892  0.8185 -0.4226
Y -0.2412 -0.3522 -0.9043
Z -0.8890  0.4539  0.0604

PART 42
OFFSET  15.0451  14.3108 -10.1177
X  0.3892  0.8185 -0.4226
Y -0.2412 -0.3522 -0.9043
Z -0.8890  0.4539  0.0604

PART 43
OFFSET  18.5752  19.7169 -13.1631
X  0.8890 -0.4539 -0.0604
Y -0.2412 -0.3522 -0.9043
Z  0.3892  0.8185 -0.4226

PART 44
OFFSET  15.8273 -14.1059 -10.1559
X  0.8511 -0.3875 -0.3542
Y -0.0428 -0.7236  0.6889
Z -0.5232 -0.5712 -0.6325

PART 45
OFFSET -6.0573 -7.9373 -2.8236
X -0.5424  0.7078  0.4525
Y -0.2421 -0.6475  0.7226
Z  0.8045  0.2824  0.5226

PART 46
OFFSET  0.5024 -16.4978 -8.2963
X -0.9783 -0.1283  0.1626
Y  0.0468 -0.9016 -0.4301
Z  0.2018 -0.4131  0.8880

PART 47
OFFSET  8.8233 -15.4063 -9.6791
X -0.9783 -0.1283  0.1626
Y -0.0466 -0.6283 -0.7766
Z  0.2018 -0.7673  0.6087

PART 48
OFFSET  9.7922 -13.6167 -11.2995
X -0.9791 -0.1218  0.1627
Y -0.1997  0.4264 -0.8822
Z  0.0381 -0.8963 -0.4418

PART 49
OFFSET  10.3461 -13.0314 -9.8645
X -0.9791 -0.1218  0.1627
Y -0.1997  0.4264 -0.8822
Z  0.0381 -0.8963 -0.4418

PART 50
OFFSET  10.7927 -14.1471 -8.6554
X -0.9791 -0.1218  0.1627
Y -0.1997  0.4264 -0.8822
Z  0.0381 -0.8963 -0.4418

PART 51
OFFSET  11.8225 -15.0128 -10.1776
X -0.0809 -0.5619 -0.8232
Y  0.8670 -0.4471  0.2200
Z -0.4917 -0.6959  0.5233

PART 52
OFFSET  11.2242 -14.0428 -10.2345
X  0.2368 -0.9439 -0.2303
Y  0.8575  0.0916  0.5063
Z -0.4568 -0.3173  0.8310

PART 53
OFFSET  10.6530 -11.9975 -9.8344
X -0.2427 -0.6840 -0.6880
Y  0.7461 -0.5849  0.3182
Z -0.6200 -0.4360  0.6523

PART 54
OFFSET  11.1588 -10.8794 -8.7778
X -0.7864 -0.1017 -0.6093
Y  0.3082 -0.9195 -0.2442
Z -0.5354 -0.3798  0.7544

PART 55
OFFSET  12.0284 -10.7364 -8.1493
X -0.1731 -0.0206 -0.9847
Y  0.7686  0.6224 -0.1481
Z  0.6159 -0.7824 -0.0919

PART 56
OFFSET  12.9187 -14.8755 -9.3511
X -0.5142 -0.5986 -0.6143
Y -0.3455 -0.5110  0.7871
Z -0.7851  0.6169  0.0560

PART 57
OFFSET  14.0019 -13.3780 -8.0593
X -0.1021 -0.9161  0.3877
Y  0.5334  0.2786  0.7987
Z -0.8397  0.2883  0.4602

PART 58
OFFSET  14.1465 -12.0810 -8.6081
X  0.4846  0.0601  0.8727
Y  0.1774  0.9702 -0.1653
Z -0.8565  0.2349  0.4595

PART 59
OFFSET  13.7168 -12.1343 -9.3819
X  0.5306  0.5211  0.6685
Y -0.0294  0.7996 -0.5999
Z -0.8471  0.2986  0.4396

PART 60
OFFSET  13.2127 -12.6294 -10.0170
X -0.2648 -0.9437 -0.1983
Y -0.4707  0.3060 -0.8275
Z  0.8416 -0.1258 -0.5252

PART 61
OFFSET  12.2916 -14.5519 -9.2432
X -0.3200 -0.5389 -0.7792
Y -0.4931 -0.6075  0.6227
Z -0.8090  0.5835 -0.0713

PART 62
OFFSET  13.2315 -13.2533 -7.1966
X -0.1937 -0.9151  0.3536
Y  0.4088  0.2523  0.8770
Z -0.8918  0.3145  0.3252

PART 63
OFFSET  13.5613 -11.6953 -7.7986
X  0.3653  0.0394  0.9301
Y  0.3222  0.9320 -0.1660
Z -0.8734  0.3603  0.3278

PART 64
OFFSET  13.0551 -11.7499 -9.0876
X  0.4723  0.6326  0.6138
Y  0.1248  0.6413 -0.7571
Z -0.8726  0.4342  0.2239

PART 65
OFFSET  12.5429 -12.4360 -9.7533
X -0.5012 -0.8633 -0.0594
Y -0.1310  0.1436 -0.9809
Z  0.8554 -0.4838 -0.1851

PART 66
OFFSET  10.4892 -17.3465 -13.5093
X -0.3805 -0.6358 -0.6716
Y  0.4805  0.4846 -0.7310
Z  0.7902 -0.6008  0.1211

PART 67
OFFSET  11.3010 -12.7446 -6.9413
X -0.2501 -0.9523  0.1748
Y  0.0031  0.1798  0.9837
Z -0.9682  0.2465 -0.0420

PART 68
OFFSET  11.7413 -11.0679 -7.2491
X -0.0500  0.1900  0.9805
Y  0.2544  0.9518 -0.1715
Z -0.9658  0.2408 -0.0959

PART 69
OFFSET  11.7434 -11.2843 -8.4469
X  0.1788  0.7074  0.6839
Y  0.2082  0.6521 -0.7290
Z -0.9616  0.2727 -0.0307

PART 70
OFFSET  11.5414 -12.0833 -9.2194
X -0.5166 -0.7422  0.4268
Y  0.0219 -0.5098 -0.8600
Z  0.8559 -0.4350  0.2797

PART 71
OFFSET  12.3212 -13.1648 -6.8843
X -0.2253 -0.9445  0.2391
Y  0.1245  0.2155  0.9685
Z -0.9663  0.2480  0.0690

PART 72
OFFSET  12.7613 -11.3197 -7.3513
X  0.1538  0.1083  0.9822
Y  0.3515  0.9230 -0.1568
Z -0.9235  0.3693  0.1039

PART 73
OFFSET  12.5367 -11.4778 -8.7859
X  0.3194  0.7637  0.5610
Y  0.2253  0.5138 -0.8278
Z -0.9205  0.3908 -0.0079

PART 74
OFFSET  12.1816 -12.3452 -9.4217
X -0.3300 -0.9388  0.0991
Y -0.1017 -0.0690 -0.9924
Z  0.9385 -0.3375 -0.0728

PART 75
OFFSET  0.0000 -0.0000 -0.0000
X  1.0000 -0.0000  0.0000
Y  0.0000  1.0000  0.0000
Z  0.0000 -0.0000  1.0000

PART 76
OFFSET  0.0000 -0.0000 -0.0000
X  1.0000 -0.0000  0.0000
Y  0.0000  1.0000  0.0000
Z  0.0000 -0.0000  1.0000

PART 77
OFFSET  1.5404 -0.0000  4.1357
X  1.0000 -0.0000  0.0000
Y  0.0000  1.0000  0.0000
Z  0.0000 -0.0000  1.0000


FRAME 252
PART 0
OFFSET  0.0000 -0.0000 -0.0000
X  1.0000 -0.0000  0.0000
Y  0.0000  1.0000  0.0000
Z  0.0000 -0.0000  1.0000

PART 1
OFFSET -4.6318 -0.0000 -1.3770
X  1.0000 -0.0000  0.0000
Y  0.0000  1.0000  0.0000
Z  0.0000 -0.0000  1.0000

PART 2
OFFSET -6.2831  7.9373 -3.1869
X  0.5630  0.4711 -0.6791
Y  0.5692 -0.8168 -0.0947
Z -0.5993 -0.3332 -0.7279

PART 3
OFFSET  0.5255  13.6343 -11.3997
X  0.9819  0.1432  0.1237
Y -0.0431 -0.4671  0.8831
Z  0.1843 -0.8725 -0.4525

PART 4
OFFSET  8.8772  14.8524 -10.3473
X  0.9819  0.1432  0.1237
Y  0.1184 -0.9748  0.1889
Z  0.1477 -0.1709 -0.9742

PART 5
OFFSET  10.1291  16.3282 -10.7014
X  0.9817  0.1484  0.1197
Y -0.1864  0.8787  0.4394
Z -0.0400 -0.4537  0.8903

PART 6
OFFSET  10.0618  14.9470 -11.6612
X  0.9817  0.1484  0.1197
Y -0.1864  0.8787  0.4394
Z -0.0400 -0.4537  0.8903

PART 7
OFFSET  10.5554  15.1208 -8.4438
X  0.9817  0.1484  0.1197
Y -0.1864  0.8787  0.4394
Z -0.0400 -0.4537  0.8903

PART 8
OFFSET  10.7024  13.7235 -8.7905
X  0.9817  0.1484  0.1197
Y -0.1864  0.8787  0.4394
Z -0.0400 -0.4537  0.8903

PART 9
OFFSET  10.6737  12.5614 -10.2888
X  0.9817  0.1484  0.1197
Y -0.1864  0.8787  0.4394
Z -0.0400 -0.4537  0.8903

PART 10
OFFSET  11.8875  15.2915 -9.9680
X  0.8859 -0.3427  0.3127
Y -0.3808 -0.9221  0.0682
Z  0.2650 -0.1795 -0.9474

PART 11
OFFSET  12.0273  14.1737 -10.1505
X  0.6286 -0.7771 -0.0309
Y -0.7777 -0.6286 -0.0114
Z -0.0106  0.0312 -0.9995

PART 12
OFFSET  13.3055  12.4357 -10.2739
X  0.9265 -0.3087  0.2150
Y -0.2799 -0.9476 -0.1544
Z  0.2514  0.0828 -0.9643

PART 13
OFFSET  14.8461  12.0032 -10.0256
X  0.9324  0.3386  0.1261
Y  0.3437 -0.9389 -0.0205
Z  0.1114  0.0624 -0.9918

PART 14
OFFSET  15.8654  12.3563 -9.9350
X  0.6876  0.0164  0.7260
Y -0.7260  0.0380  0.6867
Z -0.0163 -0.9991  0.0380

PART 15
OFFSET  13.0984  15.9526 -9.9679
X  0.9777  0.1339  0.1617
Y  0.1817 -0.1540 -0.9712
Z -0.1052  0.9790 -0.1749

PART 16
OFFSET  15.3328  16.0921 -9.6983
X  0.7628 -0.5297 -0.3708
Y -0.6046 -0.3810 -0.6995
Z  0.2293  0.7578 -0.6109

PART 17
OFFSET  16.4128  15.3421 -10.2232
X -0.4246 -0.4754 -0.7706
Y -0.8603  0.4770  0.1797
Z  0.2821  0.7392 -0.6115

PART 18
OFFSET  16.0363  14.9206 -10.9064
X -0.9724  0.1501 -0.1785
Y -0.0494  0.6156  0.7865
Z  0.2279  0.7737 -0.5912

PART 19
OFFSET  15.1125  15.0632 -11.0760
X  0.7418 -0.6131 -0.2717
Y  0.6173  0.4659  0.6340
Z -0.2621 -0.6380  0.7241

PART 20
OFFSET  13.0032  15.2894 -9.7215
X  0.9616 -0.0440  0.2709
Y  0.2632 -0.1318 -0.9557
Z  0.0778  0.9903 -0.1152

PART 21
OFFSET  15.4904  15.2454 -8.9663
X  0.5316 -0.4712 -0.7038
Y -0.8270 -0.1093 -0.5515
Z  0.1829  0.8752 -0.4478

PART 22
OFFSET  16.3955  14.4432 -10.1646
X -0.7653 -0.1541 -0.6249
Y -0.6106  0.4809  0.6292
Z  0.2035  0.8631 -0.4622

PART 23
OFFSET  15.3347  14.2296 -11.0306
X -0.8161  0.4121  0.4052
Y  0.5390  0.2897  0.7909
Z  0.2086  0.8639 -0.4585

PART 24
OFFSET  14.4497  14.6765 -10.5911
X  0.3710 -0.4606 -0.8064
Y  0.8999 -0.0363  0.4347
Z -0.2295 -0.8869  0.4010

PART 25
OFFSET  14.1558  12.6747 -9.4034
X  0.9808 -0.1940  0.0176
Y -0.0108  0.0360  0.9993
Z -0.1945 -0.9803  0.0333

PART 26
OFFSET  14.9536  13.3274 -8.3459
X  0.5556 -0.3158 -0.7692
Y -0.8076  0.0152 -0.5896
Z  0.1979  0.9487 -0.2466

PART 27
OFFSET  15.9318  12.7714 -9.7002
X -0.6776  0.0284 -0.7349
Y -0.6801  0.3561  0.6408
Z  0.2799  0.9340 -0.2219

PART 28
OFFSET  15.0911  12.7492 -10.5801
X -0.8805  0.3044  0.3635
Y  0.4210  0.1493  0.8947
Z  0.2181  0.9408 -0.2597

PART 29
OFFSET  14.0966  13.0930 -10.1695
X -0.0321  0.0307 -0.9990
Y  0.9286 -0.3688 -0.0411
Z -0.3697 -0.9290 -0.0167

PART 30
OFFSET  15.3198  14.3321 -8.6233
X  0.5065 -0.4315 -0.7465
Y -0.8154  0.0418 -0.5774
Z  0.2804  0.9012 -0.3306

PART 31
OFFSET  16.3093  13.4892 -10.0816
X -0.8101  0.0237 -0.5858
Y -0.5308  0.3946  0.7500
Z  0.2489  0.9185 -0.3071

PART 32
OFFSET  15.1260  13.5239 -10.9372
X -0.8076  0.3385  0.4830
Y  0.5378  0.0863  0.8387
Z  0.2422  0.9370 -0.2517

PART 33
OFFSET  14.2127  13.9138 -10.3926
X  0.2603 -0.3746 -0.8899
Y  0.9468 -0.0816  0.3112
Z -0.1892 -0.9236  0.3334

PART 34
OFFSET  14.8983  14.5857 -10.6007
X  0.0414  0.9837 -0.1748
Y -0.2650  0.1795  0.9474
Z  0.9634  0.0071  0.2681

PART 35
OFFSET  13.2852 -11.1090 -7.2835
X  0.7843 -0.5146 -0.3465
Y -0.1053 -0.6609  0.7431
Z -0.6114 -0.5462 -0.5725

PART 36
OFFSET  13.2852 -11.1090 -7.2835
X  0.7843 -0.5146 -0.3465
Y -0.1053 -0.6609  0.7431
Z -0.6114 -0.5462 -0.5725

PART 37
OFFSET  16.4215 -13.1671 -8.6693
X  0.7843 -0.5146 -0.3465
Y -0.1053 -0.6609  0.7431
Z -0.6114 -0.5462 -0.5725

PART 38
OFFSET  14.3274 -13.7686 -9.5012
X  0.7843 -0.5146 -0.3465
Y -0.1053 -0.6609  0.7431
Z -0.6114 -0.5462 -0.5725

PART 39
OFFSET  48.2018  23.0971 -98.3919
X  0.7843 -0.5146 -0.3465
Y -0.1053 -0.6609  0.7431
Z -0.6114 -0.5462 -0.5725

PART 40
OFFSET  48.2592  23.1642 -98.2956
X  0.7843 -0.5146 -0.3465
Y -0.1053 -0.6609  0.7431
Z -0.6114 -0.5462 -0.5725

PART 41
OFFSET  15.0451  14.3108 -10.1177
X  0.3892  0.8185 -0.4226
Y -0.2412 -0.3522 -0.9043
Z -0.8890  0.4539  0.0604

PART 42
OFFSET  15.0451  14.3108 -10.1177
X  0.3892  0.8185 -0.4226
Y -0.2412 -0.3522 -0.9043
Z -0.8890  0.4539  0.0604

PART 43
OFFSET  18.5752  19.7169 -13.1631
X  0.8890 -0.4539 -0.0604
Y -0.2412 -0.3522 -0.9043
Z  0.3892  0.8185 -0.4226

PART 44
OFFSET  16.4215 -13.1671 -8.6693
X  0.7843 -0.5146 -0.3465
Y -0.1053 -0.6609  0.7431
Z -0.6114 -0.5462 -0.5725

PART 45
OFFSET -6.0573 -7.9373 -2.8236
X -0.5830  0.6537  0.4825
Y -0.3285 -0.7328  0.5959
Z  0.7431  0.1889  0.6419

PART 46
OFFSET  0.9933 -15.8430 -8.6589
X -0.9804 -0.1965 -0.0126
Y  0.1718 -0.8222 -0.5426
Z  0.0962 -0.5341  0.8399

PART 47
OFFSET  9.3323 -14.1719 -8.5515
X -0.9804 -0.1965 -0.0126
Y  0.1709 -0.8172 -0.5504
Z  0.0978 -0.5418  0.8348

PART 48
OFFSET  10.4047 -12.1134 -9.7259
X -0.9817 -0.1901 -0.0117
Y -0.0959  0.5465 -0.8320
Z  0.1645 -0.8156 -0.5547

PART 49
OFFSET  10.6987 -11.7292 -8.1527
X -0.9817 -0.1901 -0.0117
Y -0.0959  0.5465 -0.8320
Z  0.1645 -0.8156 -0.5547

PART 50
OFFSET  11.0373 -12.9947 -7.0619
X -0.9817 -0.1901 -0.0117
Y -0.0959  0.5465 -0.8320
Z  0.1645 -0.8156 -0.5547

PART 51
OFFSET  12.3379 -13.5696 -8.5127
X -0.1785 -0.6057 -0.7754
Y  0.8136 -0.5340  0.2299
Z -0.5533 -0.5898  0.5882

PART 52
OFFSET  11.8603 -12.5396 -8.6273
X  0.1117 -0.9801 -0.1638
Y  0.8801  0.0210  0.4743
Z -0.4614 -0.1972  0.8650

PART 53
OFFSET  11.5570 -10.4157 -8.3692
X -0.3490 -0.6966 -0.6268
Y  0.6805 -0.6483  0.3416
Z -0.6443 -0.3073  0.7003

PART 54
OFFSET  12.2332 -9.2953 -7.4153
X -0.8146 -0.0473 -0.5781
Y  0.1850 -0.9658 -0.1815
Z -0.5498 -0.2548  0.7955

PART 55
OFFSET  13.1361 -9.2160 -6.8234
X -0.2100 -0.0703 -0.9752
Y  0.8326  0.5099 -0.2161
Z  0.5124 -0.8574 -0.0485

PART 56
OFFSET  13.4720 -13.5097 -7.7293
X -0.6051 -0.5731 -0.5526
Y -0.3762 -0.4059  0.8329
Z -0.7016  0.7119  0.0300

PART 57
OFFSET  14.7756 -12.0685 -6.5856
X -0.1986 -0.8659  0.4592
Y  0.5920  0.2674  0.7603
Z -0.7811  0.4228  0.4595

PART 58
OFFSET  15.0567 -10.8426 -7.2357
X  0.5198  0.0626  0.8520
Y  0.2879  0.9261 -0.2437
Z -0.8043  0.3720  0.4633

PART 59
OFFSET  14.5959 -10.8981 -7.9911
X  0.6140  0.4984  0.6121
Y  0.0462  0.7514 -0.6582
Z -0.7880  0.4324  0.4383

PART 60
OFFSET  14.0126 -11.3716 -8.5726
X -0.3846 -0.9154 -0.1184
Y -0.4598  0.3012 -0.8354
Z  0.8004 -0.2669 -0.5368

PART 61
OFFSET  12.8933 -13.1039 -7.6294
X -0.4113 -0.5501 -0.7268
Y -0.5403 -0.4950  0.6805
Z -0.7341  0.6726 -0.0936

PART 62
OFFSET  14.0580 -11.7870 -5.7143
X -0.2906 -0.8560  0.4276
Y  0.4681  0.2626  0.8437
Z -0.8345  0.4453  0.3244

PART 63
OFFSET  14.5527 -10.3296 -6.4424
X  0.4010  0.0611  0.9141
Y  0.4269  0.8704 -0.2454
Z -0.8106  0.4886  0.3229

PART 64
OFFSET  13.9970 -10.4143 -7.7092
X  0.5677  0.6120  0.5506
Y  0.1743  0.5643 -0.8070
Z -0.8046  0.5541  0.2137

PART 65
OFFSET  13.3813 -11.0781 -8.3063
X -0.6043 -0.7965  0.0204
Y -0.1482  0.0872 -0.9851
Z  0.7829 -0.5983 -0.1708

PART 66
OFFSET  10.6104 -15.9552 -11.6189
X -0.4792 -0.6307 -0.6105
Y  0.5089  0.3670 -0.7786
Z  0.7151 -0.6838  0.1451

PART 67
OFFSET  12.2142 -11.0257 -5.4462
X -0.3575 -0.8988  0.2538
Y  0.0607  0.2488  0.9666
Z -0.9319  0.3610 -0.0344

PART 68
OFFSET  12.8437 -9.4433 -5.8931
X  0.0092  0.2653  0.9641
Y  0.3618  0.8980 -0.2505
Z -0.9322  0.3511 -0.0877

PART 69
OFFSET  12.7759 -9.7445 -7.0705
X  0.2883  0.7274  0.6227
Y  0.2593  0.5667 -0.7821
Z -0.9218  0.3869 -0.0253

PART 70
OFFSET  12.4502 -10.5661 -7.7739
X -0.5872 -0.6396  0.4962
Y -0.0715 -0.5696 -0.8188
Z  0.8063 -0.5163  0.2887

PART 71
OFFSET  13.1771 -11.5639 -5.3851
X -0.3296 -0.8895  0.3166
Y  0.1849  0.2680  0.9455
Z -0.9258  0.3702  0.0761

PART 72
OFFSET  13.8211 -9.8263 -6.0035
X  0.2015  0.1593  0.9665
Y  0.4552  0.8585 -0.2363
Z -0.8673  0.4875  0.1004

PART 73
OFFSET  13.5269 -10.0589 -7.4151
X  0.4301  0.7569  0.4921
Y  0.2558  0.4206 -0.8705
Z -0.8658  0.5003 -0.0127

PART 74
OFFSET  13.0460 -10.9194 -7.9730
X -0.4378 -0.8810  0.1795
Y -0.1454 -0.1276 -0.9811
Z  0.8872 -0.4557 -0.0723

PART 75
OFFSET  0.0000 -0.0000 -0.0000
X  1.0000 -0.0000  0.0000
Y  0.0000  1.0000  0.0000
Z  0.0000 -0.0000  1.0000

PART 76
OFFSET  0.0000 -0.0000 -0.0000
X  1.0000 -0.0000  0.0000
Y  0.0000  1.0000  0.0000
Z  0.0000 -0.0000  1.0000

PART 77
OFFSET  1.5404 -0.0000  4.1357
X  1.0000 -0.0000  0.0000
Y  0.0000  1.0000  0.0000
Z  0.0000 -0.0000  1.0000


FRAME 253
PART 0
OFFSET  0.0000 -0.0000 -0.0000
X  1.0000 -0.0000  0.0000
Y  0.0000  1.0000  0.0000
Z  0.0000 -0.0000  1.0000

PART 1
OFFSET -4.6318 -0.0000 -1.3770
X  1.0000 -0.0000  0.0000
Y  0.0000  1.0000  0.0000
Z  0.0000 -0.0000  1.0000

PART 2
OFFSET -6.2831  7.9373 -3.1869
X  0.5630  0.4711 -0.6791
Y  0.5692 -0.8168 -0.0947
Z -0.5993 -0.3332 -0.7279

PART 3
OFFSET  0.5255  13.6343 -11.3997
X  0.9819  0.1432  0.1237
Y -0.0431 -0.4671  0.8831
Z  0.1843 -0.8725 -0.4525

PART 4
OFFSET  8.8772  14.8524 -10.3473
X  0.9819  0.1432  0.1237
Y  0.1184 -0.9748  0.1889
Z  0.1477 -0.1709 -0.9742

PART 5
OFFSET  10.1291  16.3282 -10.7014
X  0.9817  0.1484  0.1197
Y -0.1864  0.8787  0.4394
Z -0.0400 -0.4537  0.8903

PART 6
OFFSET  10.0618  14.9470 -11.6612
X  0.9817  0.1484  0.1197
Y -0.1864  0.8787  0.4394
Z -0.0400 -0.4537  0.8903

PART 7
OFFSET  10.5554  15.1208 -8.4438
X  0.9817  0.1484  0.1197
Y -0.1864  0.8787  0.4394
Z -0.0400 -0.4537  0.8903

PART 8
OFFSET  10.7024  13.7235 -8.7905
X  0.9817  0.1484  0.1197
Y -0.1864  0.8787  0.4394
Z -0.0400 -0.4537  0.8903

PART 9
OFFSET  10.6737  12.5614 -10.2888
X  0.9817  0.1484  0.1197
Y -0.1864  0.8787  0.4394
Z -0.0400 -0.4537  0.8903

PART 10
OFFSET  11.8875  15.2915 -9.9680
X  0.8859 -0.3427  0.3127
Y -0.3808 -0.9221  0.0682
Z  0.2650 -0.1795 -0.9474

PART 11
OFFSET  12.0273  14.1737 -10.1505
X  0.6286 -0.7771 -0.0309
Y -0.7777 -0.6286 -0.0114
Z -0.0106  0.0312 -0.9995

PART 12
OFFSET  13.3055  12.4357 -10.2739
X  0.9265 -0.3087  0.2150
Y -0.2799 -0.9476 -0.1544
Z  0.2514  0.0828 -0.9643

PART 13
OFFSET  14.8461  12.0032 -10.0256
X  0.9324  0.3386  0.1261
Y  0.3437 -0.9389 -0.0205
Z  0.1114  0.0624 -0.9918

PART 14
OFFSET  15.8654  12.3563 -9.9350
X  0.6876  0.0164  0.7260
Y -0.7260  0.0380  0.6867
Z -0.0163 -0.9991  0.0380

PART 15
OFFSET  13.0984  15.9526 -9.9679
X  0.9777  0.1339  0.1617
Y  0.1817 -0.1540 -0.9712
Z -0.1052  0.9790 -0.1749

PART 16
OFFSET  15.3328  16.0921 -9.6983
X  0.7628 -0.5297 -0.3708
Y -0.6046 -0.3810 -0.6995
Z  0.2293  0.7578 -0.6109

PART 17
OFFSET  16.4128  15.3421 -10.2232
X -0.4246 -0.4754 -0.7706
Y -0.8603  0.4770  0.1797
Z  0.2821  0.7392 -0.6115

PART 18
OFFSET  16.0363  14.9206 -10.9064
X -0.9724  0.1501 -0.1785
Y -0.0494  0.6156  0.7865
Z  0.2279  0.7737 -0.5912

PART 19
OFFSET  15.1125  15.0632 -11.0760
X  0.7418 -0.6131 -0.2717
Y  0.6173  0.4659  0.6340
Z -0.2621 -0.6380  0.7241

PART 20
OFFSET  13.0032  15.2894 -9.7215
X  0.9616 -0.0440  0.2709
Y  0.2632 -0.1318 -0.9557
Z  0.0778  0.9903 -0.1152

PART 21
OFFSET  15.4904  15.2454 -8.9663
X  0.5316 -0.4712 -0.7038
Y -0.8270 -0.1093 -0.5515
Z  0.1829  0.8752 -0.4478

PART 22
OFFSET  16.3955  14.4432 -10.1646
X -0.7653 -0.1541 -0.6249
Y -0.6106  0.4809  0.6292
Z  0.2035  0.8631 -0.4622

PART 23
OFFSET  15.3347  14.2296 -11.0306
X -0.8161  0.4121  0.4052
Y  0.5390  0.2897  0.7909
Z  0.2086  0.8639 -0.4585

PART 24
OFFSET  14.4497  14.6765 -10.5911
X  0.3710 -0.4606 -0.8064
Y  0.8999 -0.0363  0.4347
Z -0.2295 -0.8869  0.4010

PART 25
OFFSET  14.1558  12.6747 -9.4034
X  0.9808 -0.1940  0.0176
Y -0.0108  0.0360  0.9993
Z -0.1945 -0.9803  0.0333

PART 26
OFFSET  14.9536  13.3274 -8.3459
X  0.5556 -0.3158 -0.7692
Y -0.8076  0.0152 -0.5896
Z  0.1979  0.9487 -0.2466

PART 27
OFFSET  15.9318  12.7714 -9.7002
X -0.6776  0.0284 -0.7349
Y -0.6801  0.3561  0.6408
Z  0.2799  0.9340 -0.2219

PART 28
OFFSET  15.0911  12.7492 -10.5801
X -0.8805  0.3044  0.3635
Y  0.4210  0.1493  0.8947
Z  0.2181  0.9408 -0.2597

PART 29
OFFSET  14.0966  13.0930 -10.1695
X -0.0321  0.0307 -0.9990
Y  0.9286 -0.3688 -0.0411
Z -0.3697 -0.9290 -0.0167

PART 30
OFFSET  15.3198  14.3321 -8.6233
X  0.5065 -0.4315 -0.7465
Y -0.8154  0.0418 -0.5774
Z  0.2804  0.9012 -0.3306

PART 31
OFFSET  16.3093  13.4892 -10.0816
X -0.8101  0.0237 -0.5858
Y -0.5308  0.3946  0.7500
Z  0.2489  0.9185 -0.3071

PART 32
OFFSET  15.1260  13.5239 -10.9372
X -0.8076  0.3385  0.4830
Y  0.5378  0.0863  0.8387
Z  0.2422  0.9370 -0.2517

PART 33
OFFSET  14.2127  13.9138 -10.3926
X  0.2603 -0.3746 -0.8899
Y  0.9468 -0.0816  0.3112
Z -0.1892 -0.9236  0.3334

PART 34
OFFSET  14.8983  14.5857 -10.6007
X  0.0414  0.9837 -0.1748
Y -0.2650  0.1795  0.9474
Z  0.9634  0.0071  0.2681

PART 35
OFFSET  14.4503 -9.3354 -5.4666
X  0.6752 -0.6585 -0.3325
Y -0.1596 -0.5705  0.8057
Z -0.7202 -0.4909 -0.4903

PART 36
OFFSET  14.4503 -9.3354 -5.4666
X  0.6752 -0.6585 -0.3325
Y -0.1596 -0.5705  0.8057
Z -0.7202 -0.4909 -0.4903

PART 37
OFFSET  17.1505 -11.9686 -6.7962
X  0.6752 -0.6585 -0.3325
Y -0.1596 -0.5705  0.8057
Z -0.7202 -0.4909 -0.4903

PART 38
OFFSET  14.9436 -12.3046 -7.4712
X  0.6752 -0.6585 -0.3325
Y -0.1596 -0.5705  0.8057
Z -0.7202 -0.4909 -0.4903

PART 39
OFFSET  48.5951  11.0669 -100.7525
X  0.6752 -0.6585 -0.3325
Y -0.1596 -0.5705  0.8057
Z -0.7202 -0.4909 -0.4903

PART 40
OFFSET  48.6676  11.1322 -100.6657
X  0.6752 -0.6585 -0.3325
Y -0.1596 -0.5705  0.8057
Z -0.7202 -0.4909 -0.4903

PART 41
OFFSET  15.0451  14.3108 -10.1177
X  0.3892  0.8185 -0.4226
Y -0.2412 -0.3522 -0.9043
Z -0.8890  0.4539  0.0604

PART 42
OFFSET  15.0451  14.3108 -10.1177
X  0.3892  0.8185 -0.4226
Y -0.2412 -0.3522 -0.9043
Z -0.8890  0.4539  0.0604

PART 43
OFFSET  18.5752  19.7169 -13.1631
X  0.8890 -0.4539 -0.0604
Y -0.2412 -0.3522 -0.9043
Z  0.3892  0.8185 -0.4226

PART 44
OFFSET  17.1505 -11.9686 -6.7962
X  0.6752 -0.6585 -0.3325
Y -0.1596 -0.5705  0.8057
Z -0.7202 -0.4909 -0.4903

PART 45
OFFSET -6.0573 -7.9373 -2.8236
X -0.6763  0.5764  0.4587
Y -0.3477 -0.7988  0.4910
Z  0.6494  0.1726  0.7406

PART 46
OFFSET  2.1216 -14.9077 -8.3716
X -0.9462 -0.2760 -0.1690
Y  0.3221 -0.7515 -0.5758
Z  0.0319 -0.5993  0.7999

PART 47
OFFSET  10.1692 -12.5600 -6.9338
X -0.9462 -0.2760 -0.1690
Y  0.3113 -0.9192 -0.2413
Z -0.0888 -0.2809  0.9556

PART 48
OFFSET  11.1888 -10.3194 -7.7746
X -0.9482 -0.2699 -0.1678
Y -0.0338  0.6108 -0.7911
Z  0.3160 -0.7444 -0.5882

PART 49
OFFSET  11.2279 -10.0584 -6.1500
X -0.9482 -0.2699 -0.1678
Y -0.0338  0.6108 -0.7911
Z  0.3160 -0.7444 -0.5882

PART 50
OFFSET  11.5348 -11.3861 -5.1258
X -0.9482 -0.2699 -0.1678
Y -0.0338  0.6108 -0.7911
Z  0.3160 -0.7444 -0.5882

PART 51
OFFSET  13.0698 -11.7138 -6.4155
X -0.3141 -0.6344 -0.7063
Y  0.7357 -0.6329  0.2413
Z -0.6001 -0.4438  0.6655

PART 52
OFFSET  12.7476 -10.6354 -6.6039
X -0.0479 -0.9959 -0.0764
Y  0.8999 -0.0762  0.4294
Z -0.4335 -0.0482  0.8999

PART 53
OFFSET  12.7853 -8.4760 -6.5320
X -0.4872 -0.6845 -0.5422
Y  0.5937 -0.7150  0.3692
Z -0.6404 -0.1421  0.7548

PART 54
OFFSET  13.6791 -7.3977 -5.7191
X -0.8454  0.0313 -0.5332
Y  0.0255 -0.9948 -0.0987
Z -0.5335 -0.0970  0.8402

PART 55
OFFSET  14.6172 -7.4101 -5.1793
X -0.2761 -0.1196 -0.9537
Y  0.8858  0.3533 -0.3008
Z  0.3729 -0.9278  0.0084

PART 56
OFFSET  14.2447 -11.7650 -5.6940
X -0.7168 -0.5167 -0.4682
Y -0.3828 -0.2695  0.8836
Z -0.5827  0.8126 -0.0046

PART 57
OFFSET  15.8174 -10.4527 -4.7511
X -0.2996 -0.7819  0.5468
Y  0.6700  0.2356  0.7040
Z -0.6792  0.5772  0.4533

PART 58
OFFSET  16.2415 -9.3458 -5.5252
X  0.5732  0.0532  0.8177
Y  0.4097  0.8456 -0.3422
Z -0.7096  0.5312  0.4629

PART 59
OFFSET  15.7332 -9.3930 -6.2502
X  0.7178  0.4468  0.5340
Y  0.1200  0.6761 -0.7270
Z -0.6858  0.5859  0.4317

PART 60
OFFSET  15.0513 -9.8175 -6.7575
X -0.5252 -0.8509 -0.0145
Y -0.4580  0.2969 -0.8379
Z  0.7173 -0.4334 -0.5456

PART 61
OFFSET  13.7410 -11.2668 -5.6061
X -0.5325 -0.5391 -0.6525
Y -0.5674 -0.3446  0.7479
Z -0.6281  0.7685 -0.1224

PART 62
OFFSET  15.2040 -9.9893 -3.8780
X -0.3907 -0.7605  0.5187
Y  0.5520  0.2573  0.7931
Z -0.7366  0.5962  0.3192

PART 63
OFFSET  15.8692 -8.6946 -4.7610
X  0.4595  0.0755  0.8850
Y  0.5383  0.7689 -0.3451
Z -0.7065  0.6349  0.3126

PART 64
OFFSET  15.2324 -8.7993 -5.9875
X  0.6857  0.5606  0.4643
Y  0.2092  0.4592 -0.8634
Z -0.6972  0.6891  0.1976

PART 65
OFFSET  14.4887 -9.4073 -6.4911
X -0.7156 -0.6877  0.1225
Y -0.1919  0.0249 -0.9811
Z  0.6717 -0.7256 -0.1498

PART 66
OFFSET  10.8187 -14.0567 -9.2024
X -0.6047 -0.5979 -0.5262
Y  0.5112  0.2152 -0.8321
Z  0.6107 -0.7721  0.1755

PART 67
OFFSET  13.5160 -8.9295 -3.5980
X -0.4736 -0.8069  0.3529
Y  0.1553  0.3179  0.9353
Z -0.8669  0.4978 -0.0252

PART 68
OFFSET  14.3499 -7.5087 -4.2193
X  0.1068  0.3419  0.9336
Y  0.4779  0.8058 -0.3498
Z -0.8719  0.4836 -0.0773

PART 69
OFFSET  14.1671 -7.8950 -5.3590
X  0.4317  0.7240  0.5381
Y  0.2949  0.4504 -0.8427
Z -0.8524  0.5225 -0.0190

PART 70
OFFSET  13.6794 -8.7127 -5.9668
X -0.6465 -0.4953  0.5802
Y -0.2057 -0.6192 -0.7578
Z  0.7346 -0.6093  0.2984

PART 71
OFFSET  14.3883 -9.6042 -3.5310
X -0.4410 -0.7968  0.4132
Y  0.2795  0.3155  0.9068
Z -0.8529  0.5154  0.0835

PART 72
OFFSET  15.2497 -8.0476 -4.3381
X  0.2806  0.2078  0.9371
Y  0.5649  0.7535 -0.3362
Z -0.7760  0.6237  0.0941

PART 73
OFFSET  14.8399 -8.3511 -5.7068
X  0.5683  0.7196  0.3989
Y  0.2641  0.2996 -0.9168
Z -0.7793  0.6264 -0.0197

PART 74
OFFSET  14.2019 -9.1704 -6.1591
X -0.5546 -0.7832  0.2810
Y -0.2214 -0.1866 -0.9572
Z  0.8021 -0.5931 -0.0699

PART 75
OFFSET  0.0000 -0.0000 -0.0000
X  1.0000 -0.0000  0.0000
Y  0.0000  1.0000  0.0000
Z  0.0000 -0.0000  1.0000

PART 76
OFFSET  0.0000 -0.0000 -0.0000
X  1.0000 -0.0000  0.0000
Y  0.0000  1.0000  0.0000
Z  0.0000 -0.0000  1.0000

PART 77
OFFSET  1.5404 -0.0000  4.1357
X  1.0000 -0.0000  0.0000
Y  0.0000  1.0000  0.0000
Z  0.0000 -0.0000  1.0000


FRAME 254
PART 0
OFFSET  0.0000 -0.0000 -0.0000
X  1.0000 -0.0000  0.0000
Y  0.0000  1.0000  0.0000
Z  0.0000 -0.0000  1.0000

PART 1
OFFSET -4.6318 -0.0000 -1.3770
X  1.0000 -0.0000  0.0000
Y  0.0000  1.0000  0.0000
Z  0.0000 -0.0000  1.0000

PART 2
OFFSET -6.2831  7.9373 -3.1869
X  0.5651  0.4765 -0.6735
Y  0.5514 -0.8254 -0.1214
