// Export filename: `C:\projects\cod\t5\xanim_export\t5_viewmodels\ballistic_knife\b_knife_putaway_quick.XANIM_EXPORT`
// Source filename: `D:\projects\devanim\t5\animation_assets\viewmodels\ballistic_knife/ViewModel_ballistic_knife_animated2.fbx`
// Export time: Mon Sep 06 22:07:43 2010

ANIMATION
VERSION 3

NUMPARTS 78
PART 0 "tag_ads"
PART 1 "tag_torso"
PART 2 "J_Shoulder_LE"
PART 3 "J_Elbow_LE"
PART 4 "J_WristTwist_LE"
PART 5 "J_Sleave_Reshape_Bottom_LE_1"
PART 6 "J_Sleave_Reshape_Bottom_LE_2"
PART 7 "J_Sleave_Reshape_Top_LE_1"
PART 8 "J_Sleave_Reshape_Top_LE_2"
PART 9 "J_Sleave_Reshape_Top_LE_3"
PART 10 "J_Wrist_LE"
PART 11 "J_Thumb_LE_0"
PART 12 "J_Thumb_LE_1"
PART 13 "J_Thumb_LE_2"
PART 14 "J_Thumb_LE_3"
PART 15 "J_PinkyPalm_LE"
PART 16 "J_Pinky_LE_0"
PART 17 "J_Pinky_LE_1"
PART 18 "J_Pinky_LE_2"
PART 19 "J_Pinky_LE_3"
PART 20 "J_RingPalm_LE"
PART 21 "J_Ring_LE_0"
PART 22 "J_Ring_LE_1"
PART 23 "J_Ring_LE_2"
PART 24 "J_Ring_LE_3"
PART 25 "J_Webbing_LE"
PART 26 "J_Index_LE_0"
PART 27 "J_Index_LE_1"
PART 28 "J_Index_LE_2"
PART 29 "J_Index_LE_3"
PART 30 "J_Mid_LE_0"
PART 31 "J_Mid_LE_1"
PART 32 "J_Mid_LE_2"
PART 33 "J_Mid_LE_3"
PART 34 "tag_knife_attach"
PART 35 "tag_weapon"
PART 36 "J_Gun"
PART 37 "tag_blade"
PART 38 "TAG_BOLT"
PART 39 "tag_pin"
PART 40 "tag_ring"
PART 41 "tag_origin"
PART 42 "origin_animate_jnt"
PART 43 "TAG_KNIFE_FX"
PART 44 "tag_clip"
PART 45 "J_Shoulder_RI"
PART 46 "J_Elbow_RI"
PART 47 "J_WristTwist_RI"
PART 48 "J_Sleave_Reshape_Top_RI_3"
PART 49 "J_Sleave_Reshape_Top_RI_2"
PART 50 "J_Sleave_Reshape_Top_RI_1"
PART 51 "J_Wrist_RI"
PART 52 "J_Thumb_RI_0"
PART 53 "J_Thumb_RI_1"
PART 54 "J_Thumb_RI_2"
PART 55 "J_Thumb_RI_3"
PART 56 "J_PinkyPalm_RI"
PART 57 "J_Pinky_RI_0"
PART 58 "J_Pinky_RI_1"
PART 59 "J_Pinky_RI_2"
PART 60 "J_Pinky_RI_3"
PART 61 "J_RingPalm_RI"
PART 62 "J_Ring_RI_0"
PART 63 "J_Ring_RI_1"
PART 64 "J_Ring_RI_2"
PART 65 "J_Ring_RI_3"
PART 66 "J_Webbing_RI"
PART 67 "J_Index_RI_0"
PART 68 "J_Index_RI_1"
PART 69 "J_Index_RI_2"
PART 70 "J_Index_RI_3"
PART 71 "J_Mid_RI_0"
PART 72 "J_Mid_RI_1"
PART 73 "J_Mid_RI_2"
PART 74 "J_Mid_RI_3"
PART 75 "tag_cambone"
PART 76 "tag_camera"
PART 77 "tag_gasmask"

FRAMERATE 30
NUMFRAMES 12

FRAME 209
PART 0
OFFSET  0.0000 -0.0000 -0.0000
X  1.0000 -0.0000  0.0000
Y  0.0000  1.0000  0.0000
Z  0.0000 -0.0000  1.0000

PART 1
OFFSET -4.6318 -0.0000 -1.3770
X  1.0000 -0.0000  0.0000
Y  0.0000  1.0000  0.0000
Z  0.0000 -0.0000  1.0000

PART 2
OFFSET -6.2831  7.9373 -3.1869
X  0.8234  0.3425 -0.4524
Y  0.2348 -0.9315 -0.2780
Z -0.5166  0.1227 -0.8474

PART 3
OFFSET  3.6748  12.0800 -8.6586
X  0.7098 -0.5050  0.4911
Y -0.7018 -0.4462  0.5554
Z -0.0614 -0.7388 -0.6711

PART 4
OFFSET  9.7116  7.7846 -4.4814
X  0.7098 -0.5050  0.4911
Y -0.3956 -0.8626 -0.3153
Z  0.5829  0.0295 -0.8120

PART 5
OFFSET  11.4992  8.2129 -3.7801
X  0.7141 -0.5003  0.4896
Y  0.0694  0.7466  0.6616
Z -0.6966 -0.4385  0.5679

PART 6
OFFSET  11.2677  7.2930 -5.1708
X  0.7141 -0.5003  0.4896
Y  0.0694  0.7466  0.6616
Z -0.6966 -0.4385  0.5679

PART 7
OFFSET  10.0829  6.7332 -2.1861
X  0.7141 -0.5003  0.4896
Y  0.0694  0.7466  0.6616
Z -0.6966 -0.4385  0.5679

PART 8
OFFSET  9.6881  5.5946 -2.9872
X  0.7141 -0.5003  0.4896
Y  0.0694  0.7466  0.6616
Z -0.6966 -0.4385  0.5679

PART 9
OFFSET  9.8616  4.8879 -4.7384
X  0.7141 -0.5003  0.4896
Y  0.0694  0.7466  0.6616
Z -0.6966 -0.4385  0.5679

PART 10
OFFSET  11.8875  6.2363 -2.9758
X  0.7094 -0.6221  0.3314
Y -0.5154 -0.7785 -0.3580
Z  0.4807  0.0832 -0.8729

PART 11
OFFSET  11.9065  5.2393 -3.5307
X  0.4934 -0.8481 -0.1933
Y -0.8291 -0.3913 -0.3994
Z  0.2631  0.3573 -0.8962

PART 12
OFFSET  12.9031  3.3901 -4.0375
X  0.7793 -0.5685  0.2636
Y -0.3632 -0.7526 -0.5492
Z  0.5106  0.3323 -0.7930

PART 13
OFFSET  14.2401  2.5545 -3.6680
X  0.9033  0.0522  0.4258
Y  0.1958 -0.9334 -0.3008
Z  0.3818  0.3551 -0.8533

PART 14
OFFSET  15.2377  2.6114 -3.2517
X  0.4619 -0.3819  0.8005
Y -0.8702 -0.0205  0.4923
Z -0.1716 -0.9240 -0.3418

PART 15
OFFSET  13.1368  6.5604 -2.4884
X  0.9070 -0.1574  0.3907
Y  0.4116  0.1337 -0.9015
Z  0.0897  0.9784  0.1861

PART 16
OFFSET  15.2120  6.0806 -1.7483
X  0.7486 -0.5417 -0.3823
Y -0.4432  0.0199 -0.8962
Z  0.4931  0.8404 -0.2251

PART 17
OFFSET  16.2720  5.3137 -2.2895
X -0.2665 -0.0852 -0.9601
Y -0.7978  0.5784  0.1701
Z  0.5408  0.8113 -0.2221

PART 18
OFFSET  16.0357  5.2381 -3.1407
X -0.8560  0.4219 -0.2989
Y -0.1686  0.3187  0.9328
Z  0.4888  0.8488 -0.2016

PART 19
OFFSET  15.2225  5.6390 -3.4246
X  0.6898 -0.6455 -0.3278
Y  0.4853  0.0763  0.8710
Z -0.5372 -0.7599  0.3659

PART 20
OFFSET  12.8832  5.8946 -2.5316
X  0.8363 -0.3524  0.4200
Y  0.4882  0.1300 -0.8630
Z  0.2495  0.9268  0.2808

PART 21
OFFSET  15.0419  5.0293 -1.3698
X  0.6265 -0.3255 -0.7081
Y -0.6551  0.2722 -0.7048
Z  0.4222  0.9055 -0.0427

PART 22
OFFSET  16.1086  4.4750 -2.5754
X -0.5832  0.2408 -0.7758
Y -0.6803  0.3772  0.6285
Z  0.4439  0.8943 -0.0562

PART 23
OFFSET  15.3002  4.8087 -3.6506
X -0.8257  0.4350  0.3590
Y  0.3429 -0.1182  0.9319
Z  0.4478  0.8926 -0.0516

PART 24
OFFSET  14.4047  5.2805 -3.2612
X  0.5027 -0.2450 -0.8290
Y  0.7346 -0.3844  0.5591
Z -0.4557 -0.8901 -0.0132

PART 25
OFFSET  13.5136  3.1272 -2.9906
X  0.9008 -0.4116  0.1383
Y -0.2736 -0.2907  0.9169
Z -0.3372 -0.8638 -0.3745

PART 26
OFFSET  14.0843  3.1944 -1.6302
X  0.6896 -0.1674 -0.7046
Y -0.6082  0.3942 -0.6890
Z  0.3931  0.9036  0.1700

PART 27
OFFSET  15.2984  2.8996 -2.8707
X -0.4434  0.4235 -0.7899
Y -0.7678  0.2752  0.5786
Z  0.4624  0.8631  0.2031

PART 28
OFFSET  14.7312  3.3620 -3.8434
X -0.8915  0.3650  0.2682
Y  0.1822 -0.2532  0.9501
Z  0.4147  0.8959  0.1592

PART 29
OFFSET  13.7242  3.7743 -3.5404
X  0.2424  0.3617 -0.9002
Y  0.8414 -0.5404  0.0094
Z -0.4831 -0.7597 -0.4353

PART 30
OFFSET  14.6540  4.1202 -1.4337
X  0.6199 -0.2694 -0.7370
Y -0.6150  0.4165 -0.6696
Z  0.4873  0.8683  0.0925

PART 31
OFFSET  15.8651  3.5940 -2.8734
X -0.6104  0.4014 -0.6829
Y -0.6493  0.2401  0.7216
Z  0.4536  0.8839  0.1140

PART 32
OFFSET  14.9735  4.1803 -3.8708
X -0.8493  0.3402  0.4037
Y  0.2992 -0.3198  0.8990
Z  0.4350  0.8843  0.1698

PART 33
OFFSET  14.0145  4.5721 -3.4131
X  0.4323 -0.1132 -0.8946
Y  0.8059 -0.3965  0.4396
Z -0.4045 -0.9110 -0.0802

PART 34
OFFSET  14.8211  5.0962 -3.2147
X  0.2299  0.9487  0.2170
Y -0.4807 -0.0832  0.8729
Z  0.8462 -0.3050  0.4369

PART 35
OFFSET  13.4483 -3.7816 -3.7782
X  0.5915 -0.8021  0.0819
Y -0.2130 -0.0575  0.9754
Z -0.7777 -0.5944 -0.2049

PART 36
OFFSET  13.4483 -3.7816 -3.7782
X  0.5915 -0.8021  0.0819
Y -0.2130 -0.0575  0.9754
Z -0.7777 -0.5944 -0.2049

PART 37
OFFSET  15.8138 -6.9893 -3.4507
X  0.5915 -0.8021  0.0819
Y -0.2130 -0.0575  0.9754
Z -0.7777 -0.5944 -0.2049

PART 38
OFFSET  13.5744 -7.3910 -3.9634
X  0.5915 -0.8021  0.0819
Y -0.2130 -0.0575  0.9754
Z -0.7777 -0.5944 -0.2049

PART 39
OFFSET  50.2537 -40.5437 -99.5005
X  0.5915 -0.8021  0.0819
Y -0.2130 -0.0575  0.9754
Z -0.7777 -0.5944 -0.2049

PART 40
OFFSET  50.3343 -40.4512 -99.4558
X  0.5915 -0.8021  0.0819
Y -0.2130 -0.0575  0.9754
Z -0.7777 -0.5944 -0.2049

PART 41
OFFSET  14.7910  4.6524 -2.8504
X  0.6035  0.7973 -0.0001
Y -0.0380  0.0287 -0.9989
Z -0.7964  0.6028  0.0476

PART 42
OFFSET  14.7910  4.6524 -2.8504
X  0.6035  0.7973 -0.0001
Y -0.0380  0.0287 -0.9989
Z -0.7964  0.6028  0.0476

PART 43
OFFSET  19.7592  9.7786 -2.8909
X  0.7964 -0.6028 -0.0476
Y -0.0380  0.0287 -0.9989
Z  0.6035  0.7973 -0.0001

PART 44
OFFSET  15.8138 -6.9893 -3.4507
X  0.5915 -0.8021  0.0819
Y -0.2130 -0.0575  0.9754
Z -0.7777 -0.5944 -0.2049

PART 45
OFFSET -6.0573 -7.9373 -2.8236
X -0.8071  0.4529  0.3788
Y -0.2258 -0.8296  0.5107
Z  0.5456  0.3266  0.7718

PART 46
OFFSET  3.7033 -13.4149 -7.4049
X -0.6992 -0.6277 -0.3421
Y  0.7100 -0.5536 -0.4352
Z  0.0838 -0.5472  0.8328

PART 47
OFFSET  9.6504 -8.0758 -4.4949
X -0.6992 -0.6277 -0.3421
Y  0.4653 -0.7629  0.4488
Z -0.5428  0.1546  0.8255

PART 48
OFFSET  9.8733 -5.6039 -5.2740
X -0.7037 -0.6229 -0.3418
Y -0.0920  0.5569 -0.8255
Z  0.7045 -0.5494 -0.4492

PART 49
OFFSET  9.4430 -5.3698 -3.7027
X -0.7037 -0.6229 -0.3418
Y -0.0920  0.5569 -0.8255
Z  0.7045 -0.5494 -0.4492

PART 50
OFFSET  10.0068 -6.4785 -2.5370
X -0.7037 -0.6229 -0.3418
Y -0.0920  0.5569 -0.8255
Z  0.7045 -0.5494 -0.4492

PART 51
OFFSET  11.7939 -6.1513 -3.4461
X -0.3934 -0.8697 -0.2982
Y  0.6619 -0.4930  0.5646
Z -0.6380  0.0248  0.7696

PART 52
OFFSET  11.5941 -5.2945 -4.1728
X -0.1619 -0.8834  0.4398
Y  0.8909  0.0608  0.4502
Z -0.4244  0.4647  0.7771

PART 53
OFFSET  11.8783 -3.4202 -5.2100
X -0.5690 -0.8104 -0.1398
Y  0.5132 -0.4828  0.7096
Z -0.6426  0.3320  0.6906

PART 54
OFFSET  12.8993 -2.1779 -5.0193
X -0.8432 -0.1580 -0.5139
Y -0.0892 -0.9015  0.4236
Z -0.5302  0.4030  0.7460

PART 55
OFFSET  13.8369 -2.0102 -4.5049
X -0.3003 -0.5613 -0.7712
Y  0.9163  0.0549 -0.3967
Z  0.2650 -0.8258  0.4978

PART 56
OFFSET  12.9646 -5.9484 -2.7447
X -0.7770 -0.6054 -0.1726
Y -0.3995  0.2623  0.8784
Z -0.4865  0.7515 -0.4457

PART 57
OFFSET  14.6885 -4.5109 -2.5295
X -0.3795 -0.3556  0.8541
Y  0.7016  0.4913  0.5162
Z -0.6032  0.7951  0.0631

PART 58
OFFSET  15.2257 -4.0074 -3.7387
X  0.5861  0.4040  0.7023
Y  0.4988  0.5032 -0.7057
Z -0.6385  0.7639  0.0934

PART 59
OFFSET  14.7061 -4.3656 -4.3614
X  0.7708  0.5794  0.2648
Y  0.1867  0.1919 -0.9635
Z -0.6090  0.7921  0.0398

PART 60
OFFSET  13.9738 -4.9160 -4.6130
X -0.6187 -0.6782  0.3965
Y -0.4320 -0.1278 -0.8927
Z  0.6561 -0.7237 -0.2139

PART 61
OFFSET  12.5221 -5.4260 -2.9469
X -0.5989 -0.7381 -0.3108
Y -0.5932  0.1481  0.7913
Z -0.5381  0.6583 -0.5265

PART 62
OFFSET  14.1432 -3.6049 -2.0446
X -0.4680 -0.3422  0.8148
Y  0.5880  0.5677  0.5762
Z -0.6598  0.7487 -0.0645

PART 63
OFFSET  14.9399 -3.0222 -3.4318
X  0.4765  0.4694  0.7434
Y  0.6178  0.4229 -0.6630
Z -0.6255  0.7752 -0.0885

PART 64
OFFSET  14.2795 -3.6727 -4.4621
X  0.7510  0.6441  0.1454
Y  0.2488 -0.0721 -0.9659
Z -0.6116  0.7615 -0.2144

PART 65
OFFSET  13.4650 -4.3712 -4.6198
X -0.7875 -0.4491  0.4220
Y -0.2005 -0.4609 -0.8645
Z  0.5827 -0.7655  0.2729

PART 66
OFFSET  9.2548 -9.3406 -4.7520
X -0.6756 -0.7160 -0.1757
Y  0.5215 -0.2956 -0.8004
Z  0.5211 -0.6324  0.5732

PART 67
OFFSET  12.5906 -2.3816 -2.4241
X -0.5578 -0.4581  0.6921
Y  0.2026  0.7335  0.6488
Z -0.8049  0.5021 -0.3163

PART 68
OFFSET  13.5726 -1.5751 -3.6427
X  0.1572  0.7582  0.6328
Y  0.5620  0.4582 -0.6886
Z -0.8121  0.4638 -0.3541

PART 69
OFFSET  13.3322 -2.4687 -4.4334
X  0.5183  0.8477  0.1135
Y  0.3333 -0.0779 -0.9396
Z -0.7876  0.5248 -0.3229

PART 70
OFFSET  12.7469 -3.4261 -4.5617
X -0.6911 -0.0580  0.7204
Y -0.2847 -0.8944 -0.3450
Z  0.6643 -0.4435  0.6016

PART 71
OFFSET  13.3812 -3.0137 -1.9814
X -0.5234 -0.4220  0.7403
Y  0.3253  0.7040  0.6313
Z -0.7876  0.5712 -0.2312

PART 72
OFFSET  14.4036 -2.1893 -3.4275
X  0.3146  0.6274  0.7123
Y  0.6426  0.4115 -0.6463
Z -0.6986  0.6610 -0.2738

PART 73
OFFSET  13.9442 -3.1058 -4.4680
X  0.6517  0.7585  0.0026
Y  0.2845 -0.2412 -0.9278
Z -0.7031  0.6054 -0.3730

PART 74
OFFSET  13.2113 -3.9693 -4.4689
X -0.6365 -0.4662  0.6144
Y -0.2536 -0.6258 -0.7376
Z  0.7284 -0.6253  0.2801

PART 75
OFFSET  0.0000 -0.0000 -0.0000
X  1.0000 -0.0000  0.0000
Y  0.0000  1.0000  0.0000
Z  0.0000 -0.0000  1.0000

PART 76
OFFSET  0.0000 -0.0000 -0.0000
X  1.0000 -0.0000  0.0000
Y  0.0000  1.0000  0.0000
Z  0.0000 -0.0000  1.0000

PART 77
OFFSET  1.5404 -0.0000  4.1357
X  1.0000 -0.0000  0.0000
Y  0.0000  1.0000  0.0000
Z  0.0000 -0.0000  1.0000


FRAME 210
PART 0
OFFSET  0.0000 -0.0000 -0.0000
X  1.0000 -0.0000  0.0000
Y  0.0000  1.0000  0.0000
Z  0.0000 -0.0000  1.0000

PART 1
OFFSET -4.6318 -0.0000 -1.3770
X  1.0000 -0.0000  0.0000
Y  0.0000  1.0000  0.0000
Z  0.0000 -0.0000  1.0000

PART 2
OFFSET -6.2831  7.9373 -3.1869
X  0.8118  0.3548 -0.4638
Y  0.2461 -0.9282 -0.2792
Z -0.5296  0.1125 -0.8408

PART 3
OFFSET  3.5345  12.2278 -8.7965
X  0.7219 -0.4940  0.4846
Y -0.6896 -0.4546  0.5638
Z -0.0582 -0.7412 -0.6688

PART 4
OFFSET  9.6744  8.0264 -4.6744
X  0.7219 -0.4940  0.4846
Y -0.3893 -0.8689 -0.3057
Z  0.5721  0.0320 -0.8195

PART 5
OFFSET  11.4632  8.4811 -3.9932
X  0.7261 -0.4892  0.4831
Y  0.0661  0.7490  0.6592
Z -0.6844 -0.4468  0.5762

PART 6
OFFSET  11.2298  7.5548 -5.3792
X  0.7261 -0.4892  0.4831
Y  0.0661  0.7490  0.6592
Z -0.6844 -0.4468  0.5762

PART 7
OFFSET  10.0847  6.9856 -2.3809
X  0.7261 -0.4892  0.4831
Y  0.0661  0.7490  0.6592
Z -0.6844 -0.4468  0.5762

PART 8
OFFSET  9.6972  5.8397 -3.1752
X  0.7261 -0.4892  0.4831
Y  0.0661  0.7490  0.6592
Z -0.6844 -0.4468  0.5762

PART 9
OFFSET  9.8619  5.1314 -4.9266
X  0.7261 -0.4892  0.4831
Y  0.0661  0.7490  0.6592
Z -0.6844 -0.4468  0.5762

PART 10
OFFSET  11.8875  6.5120 -3.1886
X  0.7094 -0.5928  0.3813
Y -0.4881 -0.8034 -0.3411
Z  0.5085  0.0559 -0.8592

PART 11
OFFSET  11.9444  5.4930 -3.6991
X  0.5157 -0.8452 -0.1401
Y -0.8074 -0.4248 -0.4095
Z  0.2867  0.3243 -0.9015

PART 12
OFFSET  12.9926  3.6447 -4.0924
X  0.7805 -0.5407  0.3136
Y -0.3299 -0.7825 -0.5280
Z  0.5309  0.3087 -0.7892

PART 13
OFFSET  14.3318  2.8530 -3.6429
X  0.8871  0.0887  0.4530
Y  0.2236 -0.9411 -0.2536
Z  0.4038  0.3263 -0.8547

PART 14
OFFSET  15.3134  2.9478 -3.1965
X  0.4415 -0.3380  0.8311
Y -0.8859 -0.0174  0.4635
Z -0.1422 -0.9410 -0.3072

PART 15
OFFSET  13.1131  6.8819 -2.6744
X  0.8959 -0.1222  0.4271
Y  0.4395  0.1037 -0.8923
Z  0.0647  0.9871  0.1466

PART 16
OFFSET  15.1706  6.4764 -1.8456
X  0.7714 -0.5420 -0.3335
Y -0.4127 -0.0272 -0.9105
Z  0.4844  0.8400 -0.2446

PART 17
OFFSET  16.2627  5.7091 -2.3177
X -0.2319 -0.1313 -0.9638
Y -0.8140  0.5687  0.1184
Z  0.5326  0.8120 -0.2388

PART 18
OFFSET  16.0571  5.5927 -3.1723
X -0.8531  0.3913 -0.3451
Y -0.2063  0.3544  0.9120
Z  0.4792  0.8493 -0.2216

PART 19
OFFSET  15.2466  5.9644 -3.5001
X  0.7128 -0.6446 -0.2766
Y  0.4538  0.1231  0.8826
Z -0.5349 -0.7546  0.3802

PART 20
OFFSET  12.8738  6.2098 -2.6973
X  0.8280 -0.3171  0.4624
Y  0.5148  0.1032 -0.8511
Z  0.2221  0.9428  0.2487

PART 21
OFFSET  15.0076  5.4389 -1.4281
X  0.6564 -0.3424 -0.6722
Y -0.6358  0.2286 -0.7373
Z  0.4061  0.9113 -0.0677

PART 22
OFFSET  16.1251  4.8559 -2.5725
X -0.5609  0.1957 -0.8044
Y -0.7084  0.3895  0.5887
Z  0.4285  0.9000 -0.0799

PART 23
OFFSET  15.3478  5.1271 -3.6874
X -0.8456  0.4329  0.3123
Y  0.3131 -0.0715  0.9470
Z  0.4323  0.8986 -0.0751

PART 24
OFFSET  14.4307  5.5966 -3.3487
X  0.5352 -0.2696 -0.8005
Y  0.7223 -0.3452  0.5992
Z -0.4380 -0.8989  0.0100

PART 25
OFFSET  13.5719  3.4389 -3.0154
X  0.9032 -0.3869  0.1858
Y -0.2991 -0.2571  0.9189
Z -0.3077 -0.8856 -0.3479

PART 26
OFFSET  14.0944  3.5754 -1.6409
X  0.7163 -0.1830 -0.6734
Y -0.5917  0.3521 -0.7252
Z  0.3698  0.9179  0.1439

PART 27
OFFSET  15.3556  3.2531 -2.8265
X -0.4242  0.3805 -0.8218
Y -0.7922  0.2837  0.5403
Z  0.4387  0.8802  0.1810

PART 28
OFFSET  14.8132  3.6622 -3.8365
X -0.9069  0.3578  0.2224
Y  0.1544 -0.2089  0.9657
Z  0.3919  0.9102  0.1342

PART 29
OFFSET  13.7888  4.0663 -3.5853
X  0.2661  0.3281 -0.9064
Y  0.8507 -0.5222  0.0607
Z -0.4534 -0.7872 -0.4180

PART 30
OFFSET  14.6395  4.5202 -1.4656
X  0.6497 -0.2877 -0.7036
Y -0.5996  0.3750 -0.7070
Z  0.4672  0.8813  0.0712

PART 31
OFFSET  15.9087  3.9582 -2.8403
X -0.5943  0.3595 -0.7194
Y -0.6780  0.2572  0.6886
Z  0.4326  0.8970  0.0909

PART 32
OFFSET  15.0407  4.4833 -3.8911
X -0.8689  0.3396  0.3602
Y  0.2744 -0.2752  0.9214
Z  0.4121  0.8994  0.1459

PART 33
OFFSET  14.0594  4.8745 -3.4828
X  0.4647 -0.1421 -0.8740
Y  0.7978 -0.3610  0.4829
Z -0.3841 -0.9217 -0.0543

PART 34
OFFSET  14.8486  5.4229 -3.2805
X  0.2043  0.9616  0.1835
Y -0.5085 -0.0559  0.8592
Z  0.8364 -0.2689  0.4776

PART 35
OFFSET  13.3543 -4.0545 -3.8884
X  0.6116 -0.7892  0.0554
Y -0.2098 -0.0943  0.9732
Z -0.7628 -0.6068 -0.2233

PART 36
OFFSET  13.3543 -4.0545 -3.8884
X  0.6116 -0.7892  0.0554
Y -0.2098 -0.0943  0.9732
Z -0.7628 -0.6068 -0.2233

PART 37
OFFSET  15.8002 -7.2106 -3.6668
X  0.6116 -0.7892  0.0554
Y -0.2098 -0.0943  0.9732
Z -0.7628 -0.6068 -0.2233

PART 38
OFFSET  13.5707 -7.6518 -4.1903
X  0.6116 -0.7892  0.0554
Y -0.2098 -0.0943  0.9732
Z -0.7628 -0.6068 -0.2233

PART 39
OFFSET  50.8706 -36.7343 -100.6723
X  0.6116 -0.7892  0.0554
Y -0.2098 -0.0943  0.9732
Z -0.7628 -0.6068 -0.2233

PART 40
OFFSET  50.9490 -36.6413 -100.6247
X  0.6116 -0.7892  0.0554
Y -0.2098 -0.0943  0.9732
Z -0.7628 -0.6068 -0.2233

PART 41
OFFSET  14.8146  4.9945 -2.8987
X  0.5879  0.8088 -0.0144
Y -0.0044 -0.0145 -0.9999
Z -0.8089  0.5879 -0.0050

PART 42
OFFSET  14.8146  4.9945 -2.8987
X  0.5879  0.8088 -0.0144
Y -0.0044 -0.0145 -0.9999
Z -0.8089  0.5879 -0.0050

PART 43
OFFSET  19.6830  10.2148 -2.9946
X  0.8089 -0.5879  0.0050
Y -0.0044 -0.0145 -0.9999
Z  0.5879  0.8088 -0.0144

PART 44
OFFSET  15.8002 -7.2106 -3.6668
X  0.6116 -0.7892  0.0554
Y -0.2098 -0.0943  0.9732
Z -0.7628 -0.6068 -0.2233

PART 45
OFFSET -6.0573 -7.9373 -2.8236
X -0.7928  0.4698  0.3883
Y -0.2366 -0.8244  0.5142
Z  0.5617  0.3158  0.7647

PART 46
OFFSET  3.5305 -13.6186 -7.5202
X -0.7113 -0.6174 -0.3361
Y  0.6980 -0.5641 -0.4411
Z  0.0827 -0.5483  0.8322

PART 47
OFFSET  9.5801 -8.3674 -4.6619
X -0.7113 -0.6174 -0.3361
Y  0.4749 -0.7745  0.4179
Z -0.5183  0.1376  0.8441

PART 48
OFFSET  9.8328 -5.8992 -5.4433
X -0.7156 -0.6125 -0.3357
Y -0.0908  0.5581 -0.8248
Z  0.6925 -0.5598 -0.4550

PART 49
OFFSET  9.4193 -5.6585 -3.8685
X -0.7156 -0.6125 -0.3357
Y -0.0908  0.5581 -0.8248
Z  0.6925 -0.5598 -0.4550

PART 50
OFFSET  9.9766 -6.7754 -2.7074
X -0.7156 -0.6125 -0.3357
Y -0.0908  0.5581 -0.8248
Z  0.6925 -0.5598 -0.4550

PART 51
OFFSET  11.7606 -6.4747 -3.6316
X -0.3720 -0.8692 -0.3258
Y  0.6750 -0.4942  0.5478
Z -0.6371 -0.0162  0.7706

PART 52
OFFSET  11.5381 -5.6001 -4.3301
X -0.1389 -0.9009  0.4112
Y  0.8898  0.0687  0.4511
Z -0.4346  0.4285  0.7921

PART 53
OFFSET  11.7733 -3.6867 -5.3064
X -0.5487 -0.8195 -0.1655
Y  0.5264 -0.4924  0.6932
Z -0.6495  0.2932  0.7015

PART 54
OFFSET  12.7631 -2.4260 -5.0765
X -0.8398 -0.1625 -0.5180
Y -0.0658 -0.9166  0.3943
Z -0.5388  0.3652  0.7591

PART 55
OFFSET  13.6971 -2.2514 -4.5578
X -0.2874 -0.5434 -0.7887
Y  0.9140  0.0907 -0.3955
Z  0.2865 -0.8345  0.4706

PART 56
OFFSET  12.9269 -6.2651 -2.9251
X -0.7618 -0.6189 -0.1914
Y -0.4045  0.2237  0.8868
Z -0.5060  0.7530 -0.4207

PART 57
OFFSET  14.6145 -4.7924 -2.6650
X -0.3690 -0.3925  0.8425
Y  0.6899  0.4918  0.5312
Z -0.6229  0.7772  0.0893

PART 58
OFFSET  15.1369 -4.2367 -3.8578
X  0.5769  0.3957  0.7145
Y  0.4848  0.5381 -0.6895
Z -0.6573  0.7442  0.1186

PART 59
OFFSET  14.6254 -4.5876 -4.4913
X  0.7565  0.5897  0.2827
Y  0.1802  0.2276 -0.9569
Z -0.6287  0.7749  0.0659

PART 60
OFFSET  13.9067 -5.1479 -4.7599
X -0.6008 -0.7060  0.3750
Y -0.4302 -0.1098 -0.8960
Z  0.6738 -0.6997 -0.2378

PART 61
OFFSET  12.4711 -5.7477 -3.1099
X -0.5807 -0.7425 -0.3339
Y -0.5954  0.1075  0.7962
Z -0.5553  0.6612 -0.5045

PART 62
OFFSET  14.0475 -3.9165 -2.1507
X -0.4578 -0.3800  0.8037
Y  0.5745  0.5635  0.5937
Z -0.6785  0.7335 -0.0396

PART 63
OFFSET  14.8270 -3.2694 -3.5190
X  0.4658  0.4570  0.7577
Y  0.6058  0.4595 -0.6495
Z -0.6450  0.7616 -0.0628

PART 64
OFFSET  14.1813 -3.9027 -4.5692
X  0.7348  0.6578  0.1655
Y  0.2489 -0.0346 -0.9679
Z -0.6309  0.7524 -0.1891

PART 65
OFFSET  13.3844 -4.6161 -4.7487
X -0.7753 -0.4821  0.4080
Y -0.1903 -0.4376 -0.8788
Z  0.6022 -0.7590  0.2475

PART 66
OFFSET  9.3002 -9.6830 -5.0377
X -0.6577 -0.7267 -0.1982
Y  0.5274 -0.2564 -0.8100
Z  0.5378 -0.6373  0.5520

PART 67
OFFSET  12.4640 -2.7211 -2.4890
X -0.5449 -0.4941  0.6775
Y  0.1852  0.7171  0.6719
Z -0.8178  0.4916 -0.2992

PART 68
OFFSET  13.4234 -1.8512 -3.6817
X  0.1391  0.7411  0.6568
Y  0.5491  0.4942 -0.6740
Z -0.8241  0.4544 -0.3382

PART 69
OFFSET  13.2042 -2.7245 -4.5008
X  0.4970  0.8563  0.1404
Y  0.3336 -0.0392 -0.9419
Z -0.8011  0.5150 -0.3051

PART 70
OFFSET  12.6428 -3.6917 -4.6594
X -0.6882 -0.0986  0.7188
Y -0.2627 -0.8897 -0.3735
Z  0.6763 -0.4459  0.5864

PART 71
OFFSET  13.2710 -3.3470 -2.0676
X -0.5114 -0.4587  0.7267
Y  0.3086  0.6912  0.6534
Z -0.8020  0.5584 -0.2119

PART 72
OFFSET  14.2699 -2.4509 -3.4873
X  0.2999  0.6118  0.7319
Y  0.6310  0.4482 -0.6332
Z -0.7155  0.6517 -0.2516

PART 73
OFFSET  13.8319 -3.3446 -4.5564
X  0.6324  0.7742  0.0266
Y  0.2889 -0.2039 -0.9354
Z -0.7187  0.5992 -0.3526

PART 74
OFFSET  13.1209 -4.2258 -4.5846
X -0.6235 -0.5017  0.5996
Y -0.2390 -0.6079 -0.7572
Z  0.7444 -0.6155  0.2591

PART 75
OFFSET  0.0000 -0.0000 -0.0000
X  1.0000 -0.0000  0.0000
Y  0.0000  1.0000  0.0000
Z  0.0000 -0.0000  1.0000

PART 76
OFFSET  0.0000 -0.0000 -0.0000
X  1.0000 -0.0000  0.0000
Y  0.0000  1.0000  0.0000
Z  0.0000 -0.0000  1.0000

PART 77
OFFSET  1.5404 -0.0000  4.1357
X  1.0000 -0.0000  0.0000
Y  0.0000  1.0000  0.0000
Z  0.0000 -0.0000  1.0000


FRAME 211
PART 0
OFFSET  0.0000 -0.0000 -0.0000
X  1.0000 -0.0000  0.0000
Y  0.0000  1.0000  0.0000
Z  0.0000 -0.0000  1.0000

PART 1
OFFSET -4.6318 -0.0000 -1.3770
X  1.0000 -0.0000  0.0000
Y  0.0000  1.0000  0.0000
Z  0.0000 -0.0000  1.0000

PART 2
OFFSET -6.2831  7.9373 -3.1869
X  0.7816  0.3839 -0.4917
Y  0.2744 -0.9194 -0.2817
Z -0.5602  0.0852 -0.8239

PART 3
OFFSET  3.1689  12.5802 -9.1337
X  0.7535 -0.4633  0.4666
Y -0.6556 -0.4760  0.5862
Z -0.0495 -0.7476 -0.6623

PART 4
OFFSET  9.5776  8.6400 -5.1655
X  0.7535 -0.4633  0.4666
Y -0.3742 -0.8856 -0.2751
Z  0.5406  0.0327 -0.8406

PART 5
OFFSET  11.3668  9.1660 -4.5390
X  0.7575 -0.4583  0.4649
Y  0.0568  0.7556  0.6525
Z -0.6504 -0.4679  0.5984

PART 6
OFFSET  11.1287  8.2218 -5.9121
X  0.7575 -0.4583  0.4649
Y  0.0568  0.7556  0.6525
Z -0.6504 -0.4679  0.5984

PART 7
OFFSET  10.0921  7.6316 -2.8786
X  0.7575 -0.4583  0.4649
Y  0.0568  0.7556  0.6525
Z -0.6504 -0.4679  0.5984

PART 8
OFFSET  9.7253  6.4664 -3.6545
X  0.7575 -0.4583  0.4649
Y  0.0568  0.7556  0.6525
Z -0.6504 -0.4679  0.5984

PART 9
OFFSET  9.8661  5.7523 -5.4056
X  0.7575 -0.4583  0.4649
Y  0.0568  0.7556  0.6525
Z -0.6504 -0.4679  0.5984

PART 10
OFFSET  11.8875  7.2198 -3.7352
X  0.6929 -0.5180  0.5015
Y -0.4315 -0.8552 -0.2872
Z  0.5777 -0.0174 -0.8161

PART 11
OFFSET  12.0200  6.1544 -4.1219
X  0.5524 -0.8336 -0.0022
Y -0.7557 -0.4997 -0.4233
Z  0.3518  0.2355 -0.9060

PART 12
OFFSET  13.1562  4.3188 -4.2192
X  0.7679 -0.4707  0.4344
Y -0.2588 -0.8484 -0.4619
Z  0.5860  0.2423 -0.7733

PART 13
OFFSET  14.4769  3.6366 -3.5769
X  0.8421  0.1740  0.5105
Y  0.2742 -0.9532 -0.1275
Z  0.4644  0.2474 -0.8504

PART 14
OFFSET  15.4135  3.8198 -3.0659
X  0.3798 -0.2269  0.8968
Y -0.9211 -0.0031  0.3893
Z -0.0856 -0.9739 -0.2102

PART 15
OFFSET  13.0526  7.6936 -3.1682
X  0.8598 -0.0379  0.5092
Y  0.5102  0.0237 -0.8597
Z  0.0205  0.9990  0.0397

PART 16
OFFSET  15.0440  7.4659 -2.1354
X  0.8138 -0.5430 -0.2070
Y -0.3327 -0.1433 -0.9321
Z  0.4764  0.8274 -0.2973

PART 17
OFFSET  16.1962  6.6971 -2.4285
X -0.1449 -0.2451 -0.9586
Y -0.8388  0.5443 -0.0124
Z  0.5248  0.8023 -0.2844

PART 18
OFFSET  16.0678  6.4798 -3.2784
X -0.8327  0.3159 -0.4547
Y -0.2943  0.4431  0.8468
Z  0.4690  0.8390 -0.2760

PART 19
OFFSET  15.2766  6.7799 -3.7104
X  0.7539 -0.6411 -0.1439
Y  0.3730  0.2372  0.8970
Z -0.5409 -0.7299  0.4179

PART 20
OFFSET  12.8375  7.0138 -3.1348
X  0.7954 -0.2304  0.5606
Y  0.5817  0.0308 -0.8128
Z  0.1700  0.9726  0.1585

PART 21
OFFSET  14.8793  6.4743 -1.6187
X  0.7217 -0.3865 -0.5742
Y -0.5778  0.1205 -0.8073
Z  0.3812  0.9144 -0.1364

PART 22
OFFSET  16.1080  5.8163 -2.5963
X -0.4964  0.0835 -0.8640
Y -0.7679  0.4220  0.4820
Z  0.4049  0.9027 -0.1454

PART 23
OFFSET  15.4200  5.9321 -3.7938
X -0.8825  0.4293  0.1923
Y  0.2336  0.0452  0.9713
Z  0.4083  0.9020 -0.1402

PART 24
OFFSET  14.4629  6.3976 -3.5853
X  0.6097 -0.3332 -0.7192
Y  0.6794 -0.2478  0.6907
Z -0.4084 -0.9097  0.0753

PART 25
OFFSET  13.6481  4.2557 -3.0826
X  0.8960 -0.3268  0.3005
Y -0.3678 -0.1673  0.9147
Z -0.2487 -0.9301 -0.2701

PART 26
OFFSET  14.0473  4.5628 -1.6943
X  0.7764 -0.2258 -0.5884
Y -0.5389  0.2463 -0.8056
Z  0.3268  0.9425  0.0695

PART 27
OFFSET  15.4143  4.1651 -2.7303
X -0.3647  0.2708 -0.8909
Y -0.8439  0.3082  0.4392
Z  0.3935  0.9120  0.1161

PART 28
OFFSET  14.9470  4.4389 -3.8204
X -0.9335  0.3423  0.1067
Y  0.0784 -0.0957  0.9923
Z  0.3499  0.9347  0.0625

PART 29
OFFSET  13.8926  4.8256 -3.6998
X  0.3316  0.2379 -0.9130
Y  0.8586 -0.4771  0.1875
Z -0.3909 -0.8461 -0.3624

PART 30
OFFSET  14.5451  5.5426 -1.5826
X  0.7160 -0.3358 -0.6120
Y -0.5490  0.2707 -0.7908
Z  0.4312  0.9022  0.0095

PART 31
OFFSET  15.9439  4.8867 -2.7783
X -0.5421  0.2541 -0.8009
Y -0.7419  0.3027  0.5982
Z  0.3945  0.9186  0.0244

PART 32
OFFSET  15.1520  5.2578 -3.9482
X -0.9067  0.3409  0.2483
Y  0.2037 -0.1615  0.9656
Z  0.3693  0.9261  0.0770

PART 33
OFFSET  14.1275  5.6506 -3.6671
X  0.5415 -0.2175 -0.8121
Y  0.7650 -0.2730  0.5833
Z -0.3486 -0.9371  0.0185

PART 34
OFFSET  14.8789  6.2497 -3.4643
X  0.1573  0.9834  0.0904
Y -0.5777  0.0174  0.8161
Z  0.8010 -0.1806  0.5708

PART 35
OFFSET  13.1320 -4.7756 -4.1810
X  0.6590 -0.7521 -0.0105
Y -0.1960 -0.1852  0.9630
Z -0.7262 -0.6325 -0.2695

PART 36
OFFSET  13.1320 -4.7756 -4.1810
X  0.6590 -0.7521 -0.0105
Y -0.1960 -0.1852  0.9630
Z -0.7262 -0.6325 -0.2695

PART 37
OFFSET  15.7673 -7.7833 -4.2230
X  0.6590 -0.7521 -0.0105
Y -0.1960 -0.1852  0.9630
Z -0.7262 -0.6325 -0.2695

PART 38
OFFSET  13.5648 -8.3167 -4.7739
X  0.6590 -0.7521 -0.0105
Y -0.1960 -0.1852  0.9630
Z -0.7262 -0.6325 -0.2695

PART 39
OFFSET  51.7638 -27.1548 -103.2920
X  0.6590 -0.7521 -0.0105
Y -0.1960 -0.1852  0.9630
Z -0.7262 -0.6325 -0.2695

PART 40
OFFSET  51.8367 -27.0612 -103.2373
X  0.6590 -0.7521 -0.0105
Y -0.1960 -0.1852  0.9630
Z -0.7262 -0.6325 -0.2695

PART 41
OFFSET  14.8262  5.8646 -3.0409
X  0.5610  0.8258 -0.0574
Y  0.0810 -0.1237 -0.9890
Z -0.8239  0.5501 -0.1363

PART 42
OFFSET  14.8262  5.8646 -3.0409
X  0.5610  0.8258 -0.0574
Y  0.0810 -0.1237 -0.9890
Z -0.8239  0.5501 -0.1363

PART 43
OFFSET  19.5164  11.2387 -3.3275
X  0.8239 -0.5501  0.1363
Y  0.0810 -0.1237 -0.9890
Z  0.5610  0.8258 -0.0574

PART 44
OFFSET  15.7673 -7.7833 -4.2230
X  0.6590 -0.7521 -0.0105
Y -0.1960 -0.1852  0.9630
Z -0.7262 -0.6325 -0.2695

PART 45
OFFSET -6.0573 -7.9373 -2.8236
X -0.7557  0.5098  0.4111
Y -0.2623 -0.8108  0.5233
Z  0.6001  0.2877  0.7464

PART 46
OFFSET  3.0823 -14.1027 -7.7952
X -0.7440 -0.5877 -0.3179
Y  0.6634 -0.5925 -0.4570
Z  0.0802 -0.5509  0.8307

PART 47
OFFSET  9.4100 -9.1036 -5.0911
X -0.7440 -0.5877 -0.3179
Y  0.4940 -0.8041  0.3307
Z -0.4500  0.0890  0.8886

PART 48
OFFSET  9.7450 -6.6482 -5.8819
X -0.7481 -0.5827 -0.3175
Y -0.0877  0.5610 -0.8231
Z  0.6577 -0.5880 -0.4708

PART 49
OFFSET  9.3800 -6.3901 -4.2979
X -0.7481 -0.5827 -0.3175
Y -0.0877  0.5610 -0.8231
Z  0.6577 -0.5880 -0.4708

PART 50
OFFSET  9.9188 -7.5284 -3.1490
X -0.7481 -0.5827 -0.3175
Y -0.0877  0.5610 -0.8231
Z  0.6577 -0.5880 -0.4708

PART 51
OFFSET  11.6908 -7.3018 -4.1164
X -0.3209 -0.8613 -0.3940
Y  0.7082 -0.4944  0.5040
Z -0.6289 -0.1173  0.7686

PART 52
OFFSET  11.4099 -6.3890 -4.7411
X -0.0806 -0.9380  0.3372
Y  0.8875  0.0865  0.4526
Z -0.4537  0.3358  0.8255

PART 53
OFFSET  11.5204 -4.3923 -5.5600
X -0.4990 -0.8356 -0.2297
Y  0.5608 -0.5135  0.6495
Z -0.6606  0.1953  0.7249

PART 54
OFFSET  12.4335 -3.0958 -5.2316
X -0.8324 -0.1714 -0.5269
Y -0.0067 -0.9478  0.3189
Z -0.5541  0.2690  0.7878

PART 55
OFFSET  13.3591 -2.9067 -4.7032
X -0.2600 -0.4946 -0.8293
Y  0.9036  0.1782 -0.3896
Z  0.3405 -0.8506  0.4006

PART 56
OFFSET  12.8477 -7.0787 -3.3987
X -0.7242 -0.6470 -0.2387
Y -0.4104  0.1262  0.9032
Z -0.5542  0.7520 -0.3569

PART 57
OFFSET  14.4445 -5.5310 -3.0251
X -0.3377 -0.4810  0.8090
Y  0.6628  0.4888  0.5673
Z -0.6683  0.7278  0.1538

PART 58
OFFSET  14.9226 -4.8499 -4.1705
X  0.5574  0.3714  0.7425
Y  0.4457  0.6207 -0.6451
Z -0.7005  0.6905  0.1804

PART 59
OFFSET  14.4284 -5.1793 -4.8289
X  0.7214  0.6103  0.3273
Y  0.1585  0.3147 -0.9359
Z -0.6742  0.7270  0.1303

PART 60
OFFSET  13.7431 -5.7591 -5.1399
X -0.5537 -0.7695  0.3183
Y -0.4298 -0.0633 -0.9007
Z  0.7132 -0.6355 -0.2956

PART 61
OFFSET  12.3598 -6.5770 -3.5396
X -0.5370 -0.7474 -0.3913
Y -0.5945  0.0062  0.8041
Z -0.5985  0.6644 -0.4476

PART 62
OFFSET  13.8292 -4.7359 -2.4399
X -0.4275 -0.4710  0.7716
Y  0.5438  0.5479  0.6357
Z -0.7222  0.6913  0.0219

PART 63
OFFSET  14.5570 -3.9340 -3.7536
X  0.4431  0.4221  0.7909
Y  0.5716  0.5467 -0.6119
Z -0.6906  0.7232  0.0010

PART 64
OFFSET  13.9429 -4.5189 -4.8497
X  0.6947  0.6861  0.2161
Y  0.2429  0.0590 -0.9682
Z -0.6770  0.7251 -0.1257

PART 65
OFFSET  13.1895 -5.2630 -5.0840
X -0.7412 -0.5601  0.3699
Y -0.1703 -0.3761 -0.9108
Z  0.6493 -0.7381  0.1834

PART 66
OFFSET  9.4193 -10.5311 -5.7705
X -0.6138 -0.7474 -0.2545
Y  0.5357 -0.1574 -0.8296
Z  0.5800 -0.6455  0.4969

PART 67
OFFSET  12.1733 -3.6165 -2.6756
X -0.5084 -0.5796  0.6368
Y  0.1465  0.6705  0.7273
Z -0.8486  0.4631 -0.2560

PART 68
OFFSET  13.0685 -2.5960 -3.7968
X  0.0989  0.6928  0.7143
Y  0.5126  0.5797 -0.6333
Z -0.8529  0.4288 -0.2978

PART 69
OFFSET  12.8964 -3.4122 -4.6832
X  0.4450  0.8711  0.2079
Y  0.3279  0.0575 -0.9430
Z -0.8333  0.4878 -0.2600

PART 70
OFFSET  12.3937 -4.3961 -4.9180
X -0.6753 -0.1983  0.7104
Y -0.2109 -0.8711 -0.4436
Z  0.7068 -0.4494  0.5464

PART 71
OFFSET  13.0202 -4.2237 -2.3087
X -0.4767 -0.5463  0.6887
Y  0.2711  0.6539  0.7064
Z -0.8362  0.5234 -0.1636

PART 72
OFFSET  13.9515 -3.1564 -3.6540
X  0.2678  0.5680  0.7782
Y  0.5975  0.5357 -0.5967
Z -0.7558  0.6248 -0.1959

PART 73
OFFSET  13.5603 -3.9861 -4.7907
X  0.5843  0.8068  0.0873
Y  0.2934 -0.1097 -0.9497
Z -0.7567  0.5805 -0.3008

PART 74
OFFSET  12.9041 -4.9041 -4.8881
X -0.5871 -0.5857  0.5588
Y -0.2075 -0.5583 -0.8032
Z  0.7825 -0.5875  0.2062

PART 75
OFFSET  0.0000 -0.0000 -0.0000
X  1.0000 -0.0000  0.0000
Y  0.0000  1.0000  0.0000
Z  0.0000 -0.0000  1.0000

PART 76
OFFSET  0.0000 -0.0000 -0.0000
X  1.0000 -0.0000  0.0000
Y  0.0000  1.0000  0.0000
Z  0.0000 -0.0000  1.0000

PART 77
OFFSET  1.5404 -0.0000  4.1357
X  1.0000 -0.0000  0.0000
Y  0.0000  1.0000  0.0000
Z  0.0000 -0.0000  1.0000


FRAME 212
PART 0
OFFSET  0.0000 -0.0000 -0.0000
X  1.0000 -0.0000  0.0000
Y  0.0000  1.0000  0.0000
Z  0.0000 -0.0000  1.0000

PART 1
OFFSET -4.6318 -0.0000 -1.3770
X  1.0000 -0.0000  0.0000
Y  0.0000  1.0000  0.0000
Z  0.0000 -0.0000  1.0000

PART 2
OFFSET -6.2831  7.9373 -3.1869
X  0.7403  0.4182 -0.5264
Y  0.3111 -0.9072 -0.2832
Z -0.5960  0.0459 -0.8017

PART 3
OFFSET  2.6701  12.9944 -9.5531
X  0.7966 -0.4160  0.4386
Y -0.6034 -0.5037  0.6181
Z -0.0362 -0.7571 -0.6523

PART 4
OFFSET  9.4454  9.4562 -5.8222
X  0.7966 -0.4160  0.4386
Y -0.3552 -0.9092 -0.2171
Z  0.4891  0.0171 -0.8720

PART 5
OFFSET  11.2278  10.0861 -5.2773
X  0.8003 -0.4109  0.4367
Y  0.0426  0.7654  0.6421
Z -0.5981 -0.4953  0.6301

PART 6
OFFSET  10.9845  9.1139 -6.6298
X  0.8003 -0.4109  0.4367
Y  0.0426  0.7654  0.6421
Z -0.5981 -0.4953  0.6301

PART 7
OFFSET  10.1096  8.5050 -3.5494
X  0.8003 -0.4109  0.4367
Y  0.0426  0.7654  0.6421
Z -0.5981 -0.4953  0.6301

PART 8
OFFSET  9.7750  7.3123 -4.2976
X  0.8003 -0.4109  0.4367
Y  0.0426  0.7654  0.6421
Z -0.5981 -0.4953  0.6301

PART 9
OFFSET  9.8814  6.5858 -6.0461
X  0.8003 -0.4109  0.4367
Y  0.0426  0.7654  0.6421
Z -0.5981 -0.4953  0.6301

PART 10
OFFSET  11.8875  8.1810 -4.4774
X  0.6428 -0.4189  0.6414
Y -0.3864 -0.9002 -0.2007
Z  0.6615 -0.1188 -0.7405

PART 11
OFFSET  12.0754  7.0750 -4.6866
X  0.5611 -0.8083  0.1781
Y -0.6992 -0.5781 -0.4206
Z  0.4429  0.1115 -0.8896

PART 12
OFFSET  13.2411  5.2792 -4.3937
X  0.7238 -0.3796  0.5762
Y -0.1962 -0.9138 -0.3557
Z  0.6616  0.1444 -0.7359

PART 13
OFFSET  14.4954  4.7370 -3.5247
X  0.7804  0.2712  0.5634
Y  0.2996 -0.9531  0.0438
Z  0.5488  0.1346 -0.8250

PART 14
OFFSET  15.3695  5.0202 -2.9525
X  0.2853 -0.0827  0.9549
Y -0.9572  0.0264  0.2883
Z -0.0490 -0.9962 -0.0716

PART 15
OFFSET  12.9788  8.7665 -3.8694
X  0.8012  0.0620  0.5952
Y  0.5984 -0.0865 -0.7965
Z  0.0021  0.9943 -0.1064

PART 16
OFFSET  14.8519  8.7503 -2.6142
X  0.8388 -0.5430 -0.0393
Y -0.2295 -0.2871 -0.9300
Z  0.4937  0.7891 -0.3655

PART 17
OFFSET  16.0395  7.9815 -2.6699
X -0.0385 -0.3861 -0.9216
Y -0.8403  0.5117 -0.1793
Z  0.5408  0.7675 -0.3441

PART 18
OFFSET  16.0053  7.6391 -3.4870
X -0.7839  0.2217 -0.5799
Y -0.3890  0.5526  0.7371
Z  0.4839  0.8034 -0.3470

PART 19
OFFSET  15.2606  7.8497 -4.0380
X  0.7738 -0.6327  0.0310
Y  0.2719  0.3761  0.8858
Z -0.5721 -0.6770  0.4631

PART 20
OFFSET  12.7710  8.0927 -3.7583
X  0.7343 -0.1228  0.6676
Y  0.6645 -0.0706 -0.7439
Z  0.1385  0.9899  0.0298

PART 21
OFFSET  14.6470  7.8400 -1.9764
X  0.7841 -0.4444 -0.4332
Y -0.4901 -0.0154 -0.8715
Z  0.3806  0.8957 -0.2299

PART 22
OFFSET  15.9820  7.0834 -2.7138
X -0.4027 -0.0578 -0.9135
Y -0.8207  0.4647  0.3324
Z  0.4053  0.8836 -0.2346

PART 23
OFFSET  15.4239  7.0033 -3.9799
X -0.9039  0.4264  0.0345
Y  0.1282  0.1929  0.9728
Z  0.4082  0.8837 -0.2290

PART 24
OFFSET  14.4436  7.4658 -3.9424
X  0.6874 -0.4161 -0.5953
Y  0.6054 -0.1245  0.7861
Z -0.4012 -0.9008  0.1663

PART 25
OFFSET  13.6100  5.3967 -3.2157
X  0.8634 -0.2530  0.4364
Y -0.4607 -0.0433  0.8865
Z -0.2054 -0.9665 -0.1540

PART 26
OFFSET  13.8548  5.9141 -1.8543
X  0.8377 -0.2860 -0.4652
Y -0.4534  0.1104 -0.8844
Z  0.3043  0.9518 -0.0372

PART 27
OFFSET  15.3297  5.4105 -2.6733
X -0.2715  0.1274 -0.9540
Y -0.8901  0.3438  0.2993
Z  0.3661  0.9304  0.0201

PART 28
OFFSET  14.9774  5.5089 -3.8343
X -0.9443  0.3265 -0.0420
Y -0.0264  0.0520  0.9983
Z  0.3281  0.9438 -0.0405

PART 29
OFFSET  13.9108  5.8777 -3.8817
X  0.4235  0.1122 -0.8989
Y  0.8404 -0.4191  0.3436
Z -0.3382 -0.9010 -0.2718

PART 30
OFFSET  14.3240  6.9140 -1.8378
X  0.7817 -0.4000 -0.4784
Y -0.4654  0.1364 -0.8745
Z  0.4150  0.9063 -0.0795

PART 31
OFFSET  15.8512  6.1327 -2.7724
X -0.4573  0.1187 -0.8814
Y -0.8056  0.3645  0.4671
Z  0.3767  0.9236 -0.0710

PART 32
OFFSET  15.1833  6.3062 -4.0598
X -0.9327  0.3465  0.1002
Y  0.1019 -0.0132  0.9947
Z  0.3460  0.9380 -0.0230

PART 33
OFFSET  14.1294  6.7052 -3.9472
X  0.6279 -0.3172 -0.7107
Y  0.7023 -0.1626  0.6931
Z -0.3354 -0.9343  0.1207

PART 34
OFFSET  14.8464  7.3494 -3.7587
X  0.1329  0.9903 -0.0402
Y -0.6615  0.1188  0.7405
Z  0.7381 -0.0719  0.6709

PART 35
OFFSET  12.8754 -5.7927 -4.6012
X  0.7133 -0.6944 -0.0951
Y -0.1661 -0.2993  0.9396
Z -0.6809 -0.6544 -0.3289

PART 36
OFFSET  12.8754 -5.7927 -4.6012
X  0.7133 -0.6944 -0.0951
Y -0.1661 -0.2993  0.9396
Z -0.6809 -0.6544 -0.3289

PART 37
OFFSET  15.7279 -8.5696 -4.9815
X  0.7133 -0.6944 -0.0951
Y -0.1661 -0.2993  0.9396
Z -0.6809 -0.6544 -0.3289

PART 38
OFFSET  13.5632 -9.2089 -5.5679
X  0.7133 -0.6944 -0.0951
Y -0.1661 -0.2993  0.9396
Z -0.6809 -0.6544 -0.3289

PART 39
OFFSET  51.4454 -14.6592 -105.7129
X  0.7133 -0.6944 -0.0951
Y -0.1661 -0.2993  0.9396
Z -0.6809 -0.6544 -0.3289

PART 40
OFFSET  51.5119 -14.5666 -105.6491
X  0.7133 -0.6944 -0.0951
Y -0.1661 -0.2993  0.9396
Z -0.6809 -0.6544 -0.3289

PART 41
OFFSET  14.7543  7.0286 -3.2907
X  0.5522  0.8249 -0.1205
Y  0.1876 -0.2638 -0.9461
Z -0.8123  0.4999 -0.3005

PART 42
OFFSET  14.7543  7.0286 -3.2907
X  0.5522  0.8249 -0.1205
Y  0.1876 -0.2638 -0.9461
Z -0.8123  0.4999 -0.3005

PART 43
OFFSET  19.3725  12.4401 -3.8824
X  0.8123 -0.4999  0.3005
Y  0.1876 -0.2638 -0.9461
Z  0.5522  0.8249 -0.1205

PART 44
OFFSET  15.7279 -8.5696 -4.9815
X  0.7133 -0.6944 -0.0951
Y -0.1661 -0.2993  0.9396
Z -0.6809 -0.6544 -0.3289

PART 45
OFFSET -6.0573 -7.9373 -2.8236
X -0.7060  0.5567  0.4378
Y -0.2923 -0.7921  0.5358
Z  0.6451  0.2503  0.7220

PART 46
OFFSET  2.4806 -14.6698 -8.1187
X -0.7906 -0.5406 -0.2875
Y  0.6074 -0.6332 -0.4797
Z  0.0773 -0.5539  0.8290

PART 47
OFFSET  9.2052 -10.0717 -5.6733
X -0.7906 -0.5406 -0.2875
Y  0.5052 -0.8412  0.1926
Z -0.3460  0.0070  0.9382

PART 48
OFFSET  9.6620 -7.6427 -6.4847
X -0.7944 -0.5353 -0.2869
Y -0.0838  0.5645 -0.8212
Z  0.6015 -0.6283 -0.4933

PART 49
OFFSET  9.3742 -7.3607 -4.8890
X -0.7944 -0.5353 -0.2869
Y -0.0838  0.5645 -0.8212
Z  0.6015 -0.6283 -0.4933

PART 50
OFFSET  9.8844 -8.5291 -3.7574
X -0.7944 -0.5353 -0.2869
Y -0.0838  0.5645 -0.8212
Z  0.6015 -0.6283 -0.4933

PART 51
OFFSET  11.6290 -8.4143 -4.7920
X -0.2616 -0.8373 -0.4801
Y  0.7513 -0.4889  0.4433
Z -0.6059 -0.2447  0.7570

PART 52
OFFSET  11.2705 -7.4654 -5.3145
X -0.0045 -0.9715  0.2370
Y  0.8857  0.1062  0.4520
Z -0.4643  0.2120  0.8599

PART 53
OFFSET  11.2177 -5.3914 -5.9190
X -0.4385 -0.8426 -0.3126
Y  0.6081 -0.5343  0.5871
Z -0.6617  0.0674  0.7467

PART 54
OFFSET  12.0360 -4.0705 -5.4630
X -0.8256 -0.1783 -0.5354
Y  0.0695 -0.9737  0.2172
Z -0.5600  0.1421  0.8162

PART 55
OFFSET  12.9532 -3.8676 -4.9250
X -0.2354 -0.4236 -0.8748
Y  0.8813  0.2864 -0.3758
Z  0.4097 -0.8594  0.3059

PART 56
OFFSET  12.7773 -8.1799 -4.0640
X -0.6773 -0.6718 -0.2998
Y -0.4042 -0.0007  0.9147
Z -0.6147  0.7407 -0.2710

PART 57
OFFSET  14.2592 -6.5625 -3.5420
X -0.2877 -0.5874  0.7564
Y  0.6332  0.4759  0.6104
Z -0.7185  0.6546  0.2351

PART 58
OFFSET  14.6665 -5.7309 -4.6130
X  0.5398  0.3332  0.7731
Y  0.3875  0.7169 -0.5795
Z -0.7473  0.6124  0.2579

PART 59
OFFSET  14.1879 -6.0263 -5.2984
X  0.6787  0.6260  0.3841
Y  0.1194  0.4220 -0.8987
Z -0.7247  0.6558  0.2117

PART 60
OFFSET  13.5432 -6.6210 -5.6633
X -0.4893 -0.8385  0.2398
Y -0.4382 -0.0014 -0.8989
Z  0.7541 -0.5448 -0.3668

PART 61
OFFSET  12.2509 -7.7050 -4.1473
X -0.4856 -0.7411 -0.4636
Y -0.5803 -0.1234  0.8050
Z -0.6538  0.6599 -0.3702

PART 62
OFFSET  13.5955 -5.8823 -2.8712
X -0.3785 -0.5804  0.7210
Y  0.5112  0.5183  0.6856
Z -0.7716  0.6281  0.1005

PART 63
OFFSET  14.2399 -4.8942 -4.0987
X  0.4228  0.3696  0.8274
Y  0.5191  0.6497 -0.5554
Z -0.7428  0.6643  0.0829

PART 64
OFFSET  13.6540 -5.4064 -5.2455
X  0.6446  0.7107  0.2817
Y  0.2223  0.1783 -0.9585
Z -0.7315  0.6805 -0.0431

PART 65
OFFSET  12.9548 -6.1772 -5.5510
X -0.6911 -0.6507  0.3146
Y -0.1561 -0.2907 -0.9440
Z  0.7057 -0.7015  0.0993

PART 66
OFFSET  9.5801 -11.6168 -6.7593
X -0.5599 -0.7613 -0.3270
Y  0.5326 -0.0284 -0.8459
Z  0.6347 -0.6478  0.4214

PART 67
OFFSET  11.8566 -4.8740 -2.9742
X -0.4532 -0.6802  0.5761
Y  0.1074  0.6000  0.7928
Z -0.8849  0.4212 -0.1989

PART 68
OFFSET  12.6546 -3.6765 -3.9886
X  0.0581  0.6198  0.7826
Y  0.4575  0.6802 -0.5727
Z -0.8873  0.3913 -0.2441

PART 69
OFFSET  12.5301 -4.4063 -4.9548
X  0.3817  0.8760  0.2950
Y  0.3075  0.1807 -0.9342
Z -0.8717  0.4473 -0.2004

PART 70
OFFSET  12.0990 -5.3957 -5.2880
X -0.6470 -0.3224  0.6909
Y -0.1521 -0.8334 -0.5313
Z  0.7472 -0.4488  0.4902

PART 71
OFFSET  12.7525 -5.4499 -2.6802
X -0.4233 -0.6502  0.6310
Y  0.2325  0.5952  0.7692
Z -0.8756  0.4723 -0.1008

PART 72
OFFSET  13.5794 -4.1798 -3.9129
X  0.2369  0.5023  0.8316
Y  0.5460  0.6392 -0.5416
Z -0.8036  0.5823 -0.1228

PART 73
OFFSET  13.2334 -4.9134 -5.1276
X  0.5234  0.8355  0.1673
Y  0.2856  0.0130 -0.9583
Z -0.8028  0.5493 -0.2318

PART 74
OFFSET  12.6465 -5.8636 -5.3161
X -0.5324 -0.6841  0.4986
Y -0.1779 -0.4854 -0.8560
Z  0.8276 -0.5444  0.1368

PART 75
OFFSET  0.0000 -0.0000 -0.0000
X  1.0000 -0.0000  0.0000
Y  0.0000  1.0000  0.0000
Z  0.0000 -0.0000  1.0000

PART 76
OFFSET  0.0000 -0.0000 -0.0000
X  1.0000 -0.0000  0.0000
Y  0.0000  1.0000  0.0000
Z  0.0000 -0.0000  1.0000

PART 77
OFFSET  1.5404 -0.0000  4.1357
X  1.0000 -0.0000  0.0000
Y  0.0000  1.0000  0.0000
Z  0.0000 -0.0000  1.0000


FRAME 213
PART 0
OFFSET  0.0000 -0.0000 -0.0000
X  1.0000 -0.0000  0.0000
Y  0.0000  1.0000  0.0000
Z  0.0000 -0.0000  1.0000

PART 1
OFFSET -4.6318 -0.0000 -1.3770
X  1.0000 -0.0000  0.0000
Y  0.0000  1.0000  0.0000
Z  0.0000 -0.0000  1.0000

PART 2
OFFSET -6.2831  7.9373 -3.1869
X  0.6971  0.4480 -0.5598
Y  0.3486 -0.8940 -0.2813
Z -0.6265  0.0010 -0.7794

PART 3
OFFSET  2.1476  13.3552 -9.9568
X  0.8417 -0.3577  0.4044
Y -0.5395 -0.5303  0.6540
Z -0.0194 -0.7687 -0.6393

PART 4
OFFSET  9.3070  10.3132 -6.5170
X  0.8417 -0.3577  0.4044
Y -0.3351 -0.9334 -0.1280
Z  0.4233 -0.0278 -0.9056

PART 5
OFFSET  11.0700  11.0630 -6.0694
X  0.8450 -0.3524  0.4023
Y  0.0248  0.7772  0.6287
