// Export filename: `C:\projects\cod\t5\xanim_export\t5_viewmodels\ballistic_knife\b_knife_sprint_loop.XANIM_EXPORT`
// Source filename: `D:\projects\devanim\t5\animation_assets\viewmodels\ballistic_knife/ViewModel_ballistic_knife_animated2.fbx`
// Export time: Mon Sep 06 22:07:51 2010

ANIMATION
VERSION 3

NUMPARTS 78
PART 0 "tag_ads"
PART 1 "tag_torso"
PART 2 "J_Shoulder_LE"
PART 3 "J_Elbow_LE"
PART 4 "J_WristTwist_LE"
PART 5 "J_Sleave_Reshape_Bottom_LE_1"
PART 6 "J_Sleave_Reshape_Bottom_LE_2"
PART 7 "J_Sleave_Reshape_Top_LE_1"
PART 8 "J_Sleave_Reshape_Top_LE_2"
PART 9 "J_Sleave_Reshape_Top_LE_3"
PART 10 "J_Wrist_LE"
PART 11 "J_Thumb_LE_0"
PART 12 "J_Thumb_LE_1"
PART 13 "J_Thumb_LE_2"
PART 14 "J_Thumb_LE_3"
PART 15 "J_PinkyPalm_LE"
PART 16 "J_Pinky_LE_0"
PART 17 "J_Pinky_LE_1"
PART 18 "J_Pinky_LE_2"
PART 19 "J_Pinky_LE_3"
PART 20 "J_RingPalm_LE"
PART 21 "J_Ring_LE_0"
PART 22 "J_Ring_LE_1"
PART 23 "J_Ring_LE_2"
PART 24 "J_Ring_LE_3"
PART 25 "J_Webbing_LE"
PART 26 "J_Index_LE_0"
PART 27 "J_Index_LE_1"
PART 28 "J_Index_LE_2"
PART 29 "J_Index_LE_3"
PART 30 "J_Mid_LE_0"
PART 31 "J_Mid_LE_1"
PART 32 "J_Mid_LE_2"
PART 33 "J_Mid_LE_3"
PART 34 "tag_knife_attach"
PART 35 "tag_weapon"
PART 36 "J_Gun"
PART 37 "tag_blade"
PART 38 "TAG_BOLT"
PART 39 "tag_pin"
PART 40 "tag_ring"
PART 41 "tag_origin"
PART 42 "origin_animate_jnt"
PART 43 "TAG_KNIFE_FX"
PART 44 "tag_clip"
PART 45 "J_Shoulder_RI"
PART 46 "J_Elbow_RI"
PART 47 "J_WristTwist_RI"
PART 48 "J_Sleave_Reshape_Top_RI_3"
PART 49 "J_Sleave_Reshape_Top_RI_2"
PART 50 "J_Sleave_Reshape_Top_RI_1"
PART 51 "J_Wrist_RI"
PART 52 "J_Thumb_RI_0"
PART 53 "J_Thumb_RI_1"
PART 54 "J_Thumb_RI_2"
PART 55 "J_Thumb_RI_3"
PART 56 "J_PinkyPalm_RI"
PART 57 "J_Pinky_RI_0"
PART 58 "J_Pinky_RI_1"
PART 59 "J_Pinky_RI_2"
PART 60 "J_Pinky_RI_3"
PART 61 "J_RingPalm_RI"
PART 62 "J_Ring_RI_0"
PART 63 "J_Ring_RI_1"
PART 64 "J_Ring_RI_2"
PART 65 "J_Ring_RI_3"
PART 66 "J_Webbing_RI"
PART 67 "J_Index_RI_0"
PART 68 "J_Index_RI_1"
PART 69 "J_Index_RI_2"
PART 70 "J_Index_RI_3"
PART 71 "J_Mid_RI_0"
PART 72 "J_Mid_RI_1"
PART 73 "J_Mid_RI_2"
PART 74 "J_Mid_RI_3"
PART 75 "tag_cambone"
PART 76 "tag_camera"
PART 77 "tag_gasmask"

FRAMERATE 30
NUMFRAMES 30

FRAME 1411
PART 0
OFFSET  0.0000 -0.0000 -0.0000
X  1.0000 -0.0000  0.0000
Y  0.0000  1.0000  0.0000
Z  0.0000 -0.0000  1.0000

PART 1
OFFSET -4.6318 -0.0000 -1.3770
X  1.0000 -0.0000  0.0000
Y  0.0000  1.0000  0.0000
Z  0.0000 -0.0000  1.0000

PART 2
OFFSET -6.2831  7.9373 -3.1869
X  0.3630  0.3935 -0.8446
Y  0.5138 -0.8407 -0.1708
Z -0.7773 -0.3720 -0.5074

PART 3
OFFSET -1.8931  12.6964 -13.4017
X  0.8878 -0.1489  0.4354
Y -0.4579 -0.3801  0.8037
Z  0.0459 -0.9129 -0.4056

PART 4
OFFSET  5.6582  11.4301 -9.6981
X  0.8878 -0.1489  0.4354
Y -0.2745 -0.9307  0.2416
Z  0.3693 -0.3340 -0.8672

PART 5
OFFSET  7.3408  12.4422 -9.5749
X  0.8904 -0.1441  0.4317
Y -0.0418  0.9187  0.3928
Z -0.4532 -0.3678  0.8120

PART 6
OFFSET  7.1670  11.0897 -10.5618
X  0.8904 -0.1441  0.4317
Y -0.0418  0.9187  0.3928
Z -0.4532 -0.3678  0.8120

PART 7
OFFSET  6.6492  11.2981 -7.3504
X  0.8904 -0.1441  0.4317
Y -0.0418  0.9187  0.3928
Z -0.4532 -0.3678  0.8120

PART 8
OFFSET  6.4702  9.9026 -7.6890
X  0.8904 -0.1441  0.4317
Y -0.0418  0.9187  0.3928
Z -0.4532 -0.3678  0.8120

PART 9
OFFSET  6.5669  8.7155 -9.1647
X  0.8904 -0.1441  0.4317
Y -0.0418  0.9187  0.3928
Z -0.4532 -0.3678  0.8120

PART 10
OFFSET  8.3800  10.9737 -8.3632
X  0.9554  0.2018  0.2154
Y  0.1113 -0.9221  0.3705
Z  0.2734 -0.3301 -0.9035

PART 11
OFFSET  9.0294  10.0391 -8.2798
X  0.9218 -0.3847  0.0483
Y -0.3810 -0.8759  0.2959
Z -0.0716 -0.2912 -0.9540

PART 12
OFFSET  10.9766  9.1054 -8.1992
X  0.9702  0.2178  0.1064
Y  0.2014 -0.9685  0.1467
Z  0.1350 -0.1209 -0.9835

PART 13
OFFSET  12.5459  9.5013 -8.1463
X  0.6610  0.7366 -0.1430
Y  0.7501 -0.6434  0.1532
Z  0.0208 -0.2085 -0.9778

PART 14
OFFSET  13.2744  10.2774 -8.3432
X  0.6292  0.5451  0.5541
Y -0.6220 -0.0744  0.7795
Z  0.4662 -0.8350  0.2922

PART 15
OFFSET  9.1246  12.0652 -8.7603
X  0.8004  0.5958 -0.0660
Y  0.1870 -0.3529 -0.9168
Z -0.5695  0.7215 -0.3939

PART 16
OFFSET  11.0290  13.2555 -8.9637
X  0.9048 -0.2237 -0.3623
Y -0.3805 -0.8066 -0.4524
Z -0.1910  0.5472 -0.8149

PART 17
OFFSET  12.3100  12.9388 -9.4766
X -0.1809 -0.8285 -0.5300
Y -0.9741  0.0765  0.2129
Z -0.1358  0.5548 -0.8208

PART 18
OFFSET  12.1496  12.2043 -9.9466
X -0.9327 -0.3600 -0.0229
Y -0.3009  0.7416  0.5996
Z -0.1989  0.5661 -0.8000

PART 19
OFFSET  11.2636  11.8622 -9.9683
X  0.9310 -0.2720 -0.2432
Y  0.3479  0.8630  0.3663
Z  0.1102 -0.4256  0.8982

PART 20
OFFSET  9.3705  11.5428 -8.3406
X  0.8767  0.4733  0.0857
Y  0.2486 -0.2933 -0.9231
Z -0.4117  0.8306 -0.3748

PART 21
OFFSET  11.6074  12.8427 -8.0849
X  0.6584 -0.3810 -0.6492
Y -0.6986 -0.6304 -0.3385
Z -0.2802  0.6764 -0.6812

PART 22
OFFSET  12.7283  12.1940 -9.1901
X -0.6266 -0.6637 -0.4085
Y -0.7358  0.3309  0.5909
Z -0.2570  0.6708 -0.6956

PART 23
OFFSET  11.8599  11.2742 -9.7563
X -0.8935  0.1120  0.4348
Y  0.3711  0.7294  0.5747
Z -0.2528  0.6748 -0.6933

PART 24
OFFSET  10.8909  11.3957 -9.2847
X  0.5076 -0.4753 -0.7186
Y  0.8267  0.5037  0.2508
Z  0.2428 -0.7214  0.6486

PART 25
OFFSET  11.6486  9.9548 -7.5953
X  0.9535  0.2765 -0.1202
Y  0.0206  0.3382  0.9409
Z  0.3008 -0.8996  0.3167

PART 26
OFFSET  12.0853  11.1873 -6.9088
X  0.6018 -0.2602 -0.7550
Y -0.7430 -0.5290 -0.4099
Z -0.2928  0.8077 -0.5117

PART 27
OFFSET  13.1449  10.7291 -8.2382
X -0.6423 -0.5059 -0.5758
Y -0.7364  0.1988  0.6467
Z -0.2127  0.8394 -0.5002

PART 28
OFFSET  12.3770  10.0631 -8.9078
X -0.9003 -0.0200  0.4347
Y  0.3398  0.5917  0.7310
Z -0.2719  0.8059 -0.5260

PART 29
OFFSET  11.3600  10.0406 -8.4167
X -0.0901 -0.3010 -0.9494
Y  0.9886  0.0881 -0.1218
Z  0.1203 -0.9496  0.2896

PART 30
OFFSET  11.9117  12.1069 -7.4958
X  0.6153 -0.3720 -0.6950
Y -0.7621 -0.5063 -0.4037
Z -0.2017  0.7780 -0.5950

PART 31
OFFSET  13.1137  11.3801 -8.8534
X -0.7492 -0.5218 -0.4080
Y -0.6187  0.3315  0.7122
Z -0.2364  0.7860 -0.5712

PART 32
OFFSET  12.0195  10.6180 -9.4494
X -0.8471  0.0783  0.5256
Y  0.4697  0.5729  0.6717
Z -0.2485  0.8159 -0.5220

PART 33
OFFSET  11.0580  10.7120 -8.8582
X  0.3654 -0.4781 -0.7987
Y  0.8837  0.4478  0.1363
Z  0.2925 -0.7556  0.5861

PART 34
OFFSET  11.3271  11.5149 -9.3558
X -0.4433  0.7904 -0.4229
Y -0.2734  0.3301  0.9035
Z  0.8537  0.5161  0.0698

PART 35
OFFSET  13.5205 -15.1958 -9.7606
X -0.4401 -0.6358 -0.6340
Y -0.0602 -0.6836  0.7274
Z -0.8959  0.3583  0.2626

PART 36
OFFSET  13.5205 -15.1958 -9.7606
X -0.4401 -0.6358 -0.6340
Y -0.0602 -0.6836  0.7274
Z -0.8959  0.3583  0.2626

PART 37
OFFSET  11.7604 -17.7385 -12.2961
X -0.4401 -0.6358 -0.6340
Y -0.0602 -0.6836  0.7274
Z -0.8959  0.3583  0.2626

PART 38
OFFSET  10.3520 -16.3273 -11.0864
X -0.4401 -0.6358 -0.6340
Y -0.0602 -0.6836  0.7274
Z -0.8959  0.3583  0.2626

PART 39
OFFSET  12.9432 -17.6578 -12.1223
X -0.4401 -0.6358 -0.6340
Y -0.0602 -0.6836  0.7274
Z -0.8959  0.3583  0.2626

PART 40
OFFSET  13.0657 -17.7031 -12.1257
X -0.4401 -0.6358 -0.6340
Y -0.0602 -0.6836  0.7274
Z -0.8959  0.3583  0.2626

PART 41
OFFSET  11.6104  11.4999 -8.8559
X -0.0711  0.7279 -0.6820
Y -0.0855 -0.6857 -0.7229
Z -0.9938  0.0069  0.1110

PART 42
OFFSET  11.6104  11.4999 -8.8559
X -0.0711  0.7279 -0.6820
Y -0.0855 -0.6857 -0.7229
Z -0.9938  0.0069  0.1110

PART 43
OFFSET  11.9701  16.6526 -13.7837
X  0.9938 -0.0069 -0.1110
Y -0.0855 -0.6857 -0.7229
Z -0.0711  0.7279 -0.6820

PART 44
OFFSET  11.7604 -17.7385 -12.2961
X -0.4401 -0.6358 -0.6340
Y -0.0602 -0.6836  0.7274
Z -0.8959  0.3583  0.2626

PART 45
OFFSET -6.0573 -7.9373 -2.8236
X -0.4717  0.4599  0.7523
Y -0.6479 -0.7595  0.0580
Z  0.5980 -0.4601  0.6562

PART 46
OFFSET -0.3524 -13.4992 -11.9220
X -0.9552  0.1655 -0.2455
Y  0.1543 -0.4292 -0.8899
Z -0.2526 -0.8879  0.3844

PART 47
OFFSET  7.7718 -14.9065 -9.8343
X -0.9552  0.1655 -0.2455
Y -0.0923 -0.9543 -0.2841
Z -0.2813 -0.2487  0.9268

PART 48
OFFSET  9.5146 -13.0104 -9.4675
X -0.9554  0.1705 -0.2412
Y  0.2531  0.8935 -0.3709
Z  0.1523 -0.4154 -0.8968

PART 49
OFFSET  9.4193 -13.6098 -7.9376
X -0.9554  0.1705 -0.2412
Y  0.2531  0.8935 -0.3709
Z  0.1523 -0.4154 -0.8968

PART 50
OFFSET  9.1799 -15.2860 -7.7402
X -0.9554  0.1705 -0.2412
Y  0.2531  0.8935 -0.3709
Z  0.1523 -0.4154 -0.8968

PART 51
OFFSET  10.7001 -15.4137 -9.0818
X -0.9763  0.1440 -0.1614
Y -0.0909 -0.9501 -0.2983
Z -0.1963 -0.2765  0.9407

PART 52
OFFSET  11.3076 -14.4480 -9.1076
X -0.8190 -0.5631  0.1099
Y  0.4942 -0.7898 -0.3634
Z  0.2915 -0.2433  0.9251

PART 53
OFFSET  13.0095 -13.1405 -9.3601
X -0.9884  0.1279  0.0815
Y -0.1357 -0.9859 -0.0984
Z  0.0678 -0.1083  0.9918

PART 54
OFFSET  14.5894 -13.3937 -9.6086
X -0.5648  0.7833  0.2597
Y -0.8039 -0.5934  0.0411
Z  0.1863 -0.1856  0.9648

PART 55
OFFSET  15.2054 -14.2221 -9.9344
X -0.7023  0.5751 -0.4195
Y  0.4252 -0.1338 -0.8952
Z -0.5709 -0.8071 -0.1506

PART 56
OFFSET  11.4687 -16.4971 -9.4547
X -0.9025  0.3287  0.2781
Y  0.1317 -0.4043  0.9051
Z  0.4100  0.8535  0.3216

PART 57
OFFSET  13.5401 -17.0618 -10.1439
X -0.4108 -0.6031  0.6838
Y  0.7977 -0.6009 -0.0508
Z  0.4415  0.5246  0.7279

PART 58
OFFSET  14.1217 -16.2079 -11.1119
X  0.6848 -0.7189  0.1192
Y  0.6088  0.4743 -0.6359
Z  0.4006  0.5081  0.7625

PART 59
OFFSET  13.5146 -15.5705 -11.2176
X  0.8848 -0.4074 -0.2261
Y  0.1690  0.7328 -0.6591
Z  0.4342  0.5450  0.7173

PART 60
OFFSET  12.6739 -15.1835 -11.0028
X -0.8456 -0.2272  0.4829
Y -0.3870  0.8842 -0.2615
Z -0.3676 -0.4080 -0.8357

PART 61
OFFSET  11.7164 -15.9359 -9.0897
X -0.9528  0.3029  0.0227
Y -0.0646 -0.2751  0.9592
Z  0.2968  0.9125  0.2817

PART 62
OFFSET  14.1436 -16.8635 -9.1693
X -0.4422 -0.5224  0.7291
Y  0.8200 -0.5649  0.0926
Z  0.3635  0.6388  0.6781

PART 63
OFFSET  14.8964 -15.9742 -10.4107
X  0.6973 -0.6737  0.2448
Y  0.5946  0.3530 -0.7224
Z  0.4003  0.6493  0.6467

PART 64
OFFSET  13.9300 -15.0405 -10.7499
X  0.9229 -0.2809 -0.2635
Y -0.0380  0.6143 -0.7882
Z  0.3833  0.7374  0.5562

PART 65
OFFSET  12.9291 -14.7358 -10.4642
X -0.7155 -0.0844  0.6935
Y -0.5765  0.6320 -0.5179
Z -0.3945 -0.7704 -0.5009

PART 66
OFFSET  6.6083 -14.1590 -8.9969
X -0.9556  0.2424  0.1674
Y -0.0996  0.2691 -0.9579
Z -0.2772 -0.9321 -0.2330

PART 67
OFFSET  14.5000 -15.3610 -7.8785
X -0.5964 -0.4184  0.6850
Y  0.8007 -0.3704  0.4708
Z  0.0567  0.8293  0.5559

PART 68
OFFSET  15.5500 -14.6243 -9.0846
X  0.8008 -0.3263  0.5022
Y  0.5987  0.4136 -0.6859
Z  0.0161  0.8500  0.5266

PART 69
OFFSET  14.5774 -14.1760 -9.6631
X  0.9965 -0.0687 -0.0486
Y -0.0030  0.5485 -0.8362
Z  0.0841  0.8333  0.5463

PART 70
OFFSET  13.4519 -14.0984 -9.6082
X -0.2980 -0.2384  0.9243
Y -0.9536  0.1175 -0.2772
Z -0.0425 -0.9640 -0.2623

PART 71
OFFSET  14.3325 -16.3268 -8.3880
X -0.5445 -0.4619  0.7001
Y  0.8280 -0.4290  0.3610
Z  0.1336  0.7763  0.6161

PART 72
OFFSET  15.3963 -15.4244 -9.7556
X  0.7623 -0.5134  0.3940
Y  0.5972  0.3233 -0.7341
Z  0.2495  0.7949  0.5530

PART 73
OFFSET  14.2829 -14.6745 -10.3312
X  0.9673 -0.0788 -0.2412
Y -0.1690  0.5091 -0.8440
Z  0.1893  0.8571  0.4791

PART 74
OFFSET  13.1859 -14.5910 -10.0619
X -0.6458 -0.3195  0.6934
Y -0.7358  0.5029 -0.4535
Z -0.2038 -0.8031 -0.5599

PART 75
OFFSET  0.0000 -0.0000 -0.0000
X  1.0000 -0.0000  0.0000
Y  0.0000  1.0000  0.0000
Z  0.0000 -0.0000  1.0000

PART 76
OFFSET  0.0000 -0.0000 -0.0000
X  1.0000 -0.0000  0.0000
Y  0.0000  1.0000  0.0000
Z  0.0000 -0.0000  1.0000

PART 77
OFFSET  1.5404 -0.0000  4.1357
X  1.0000 -0.0000  0.0000
Y  0.0000  1.0000  0.0000
Z  0.0000 -0.0000  1.0000


FRAME 1412
PART 0
OFFSET  0.0000 -0.0000 -0.0000
X  1.0000 -0.0000  0.0000
Y  0.0000  1.0000  0.0000
Z  0.0000 -0.0000  1.0000

PART 1
OFFSET -4.6318 -0.0000 -1.3770
X  1.0000 -0.0000  0.0000
Y  0.0000  1.0000  0.0000
Z  0.0000 -0.0000  1.0000

PART 2
OFFSET -6.2831  7.9373 -3.1869
X  0.3622  0.3940 -0.8447
Y  0.5156 -0.8397 -0.1706
Z -0.7765 -0.3737 -0.5073

PART 3
OFFSET -1.9030  12.7025 -13.4030
X  0.8885 -0.1466  0.4348
Y -0.4564 -0.3809  0.8041
Z  0.0477 -0.9129 -0.4054

PART 4
OFFSET  5.6540  11.4553 -9.7045
X  0.8885 -0.1466  0.4348
Y -0.2703 -0.9330  0.2377
Z  0.3709 -0.3287 -0.8686

PART 5
OFFSET  7.3343  12.4714 -9.5828
X  0.8911 -0.1419  0.4312
Y -0.0437  0.9187  0.3925
Z -0.4518 -0.3686  0.8124

PART 6
OFFSET  7.1629  11.1181 -10.5692
X  0.8911 -0.1419  0.4312
Y -0.0437  0.9187  0.3925
Z -0.4518 -0.3686  0.8124

PART 7
OFFSET  6.6469  11.3264 -7.3574
X  0.8911 -0.1419  0.4312
Y -0.0437  0.9187  0.3925
Z -0.4518 -0.3686  0.8124

PART 8
OFFSET  6.4710  9.9303 -7.6955
X  0.8911 -0.1419  0.4312
Y -0.0437  0.9187  0.3925
Z -0.4518 -0.3686  0.8124

PART 9
OFFSET  6.5694  8.7430 -9.1709
X  0.8911 -0.1419  0.4312
Y -0.0437  0.9187  0.3925
Z -0.4518 -0.3686  0.8124

PART 10
OFFSET  8.3778  11.0058 -8.3714
X  0.9554  0.2032  0.2142
Y  0.1146 -0.9239  0.3652
Z  0.2721 -0.3243 -0.9060

PART 11
OFFSET  9.0299  10.0725 -8.2946
X  0.9230 -0.3824  0.0439
Y -0.3779 -0.8786  0.2920
Z -0.0731 -0.2861 -0.9554

PART 12
OFFSET  10.9798  9.1437 -8.2238
X  0.9698  0.2199  0.1053
Y  0.2043 -0.9687  0.1408
Z  0.1329 -0.1151 -0.9844

PART 13
OFFSET  12.5481  9.5436 -8.1725
X  0.6587  0.7392 -0.1405
Y  0.7522 -0.6421  0.1478
Z  0.0190 -0.2031 -0.9790

PART 14
OFFSET  13.2741  10.3227 -8.3668
X  0.6290  0.5438  0.5556
Y -0.6199 -0.0804  0.7805
Z  0.4691 -0.8354  0.2865

PART 15
OFFSET  9.1185  12.1014 -8.7642
X  0.7986  0.5983 -0.0646
Y  0.1858 -0.3473 -0.9192
Z -0.5724  0.7221 -0.3886

PART 16
OFFSET  11.0191  13.2980 -8.9656
X  0.9046 -0.2192 -0.3657
Y -0.3794 -0.8051 -0.4560
Z -0.1944  0.5512 -0.8114

PART 17
OFFSET  12.2997  12.9876 -9.4832
X -0.1799 -0.8260 -0.5342
Y -0.9738  0.0726  0.2156
Z -0.1393  0.5589 -0.8174

PART 18
OFFSET  12.1402  12.2553 -9.9568
X -0.9317 -0.3624 -0.0227
Y -0.3015  0.7374  0.6044
Z -0.2023  0.5700 -0.7964

PART 19
OFFSET  11.2551  11.9110 -9.9784
X  0.9312 -0.2682 -0.2469
Y  0.3464  0.8620  0.3702
Z  0.1135 -0.4303  0.8955

PART 20
OFFSET  9.3668  11.5774 -8.3479
X  0.8756  0.4752  0.0863
Y  0.2472 -0.2876 -0.9253
Z -0.4149  0.8316 -0.3693

PART 21
OFFSET  11.6007  12.8819 -8.0904
X  0.6578 -0.3756 -0.6528
Y -0.6977 -0.6304 -0.3404
Z -0.2837  0.6794 -0.6768

PART 22
OFFSET  12.7207  12.2425 -9.2018
X -0.6257 -0.6632 -0.4107
Y -0.7353  0.3256  0.5945
Z -0.2605  0.6740 -0.6913

PART 23
OFFSET  11.8535  11.3234 -9.7710
X -0.8928  0.1072  0.4376
Y  0.3705  0.7272  0.5778
Z -0.2563  0.6780 -0.6890

PART 24
OFFSET  10.8852  11.4396 -9.2965
X  0.5072 -0.4699 -0.7224
Y  0.8259  0.5046  0.2516
Z  0.2463 -0.7243  0.6440

PART 25
OFFSET  11.6509  9.9916 -7.6168
X  0.9524  0.2797 -0.1210
Y  0.0219  0.3330  0.9427
Z  0.3040 -0.9005  0.3111

PART 26
OFFSET  12.0859  11.2214 -6.9245
X  0.6007 -0.2544 -0.7579
Y -0.7426 -0.5288 -0.4111
Z -0.2962  0.8097 -0.5066

PART 27
OFFSET  13.1435  10.7735 -8.2589
X -0.6423 -0.5045 -0.5771
Y -0.7354  0.1932  0.6495
Z -0.2162  0.8415 -0.4951

PART 28
OFFSET  12.3759  10.1091 -8.9304
X -0.8992 -0.0248  0.4367
Y  0.3400  0.5886  0.7335
Z -0.2753  0.8080 -0.5209

PART 29
OFFSET  11.3601  10.0810 -8.4371
X -0.0916 -0.2960 -0.9508
Y  0.9881  0.0914 -0.1236
Z  0.1235 -0.9508  0.2841

PART 30
OFFSET  11.9084  12.1438 -7.5061
X  0.6147 -0.3665 -0.6985
Y -0.7616 -0.5061 -0.4046
Z -0.2052  0.7807 -0.5903

PART 31
OFFSET  13.1092  11.4278 -8.8706
X -0.7487 -0.5216 -0.4091
Y -0.6179  0.3258  0.7155
Z -0.2399  0.7885 -0.5663

PART 32
OFFSET  12.0156  10.6659 -9.4681
X -0.8461  0.0731  0.5281
Y  0.4698  0.5704  0.6737
Z -0.2520  0.8181 -0.5169

PART 33
OFFSET  11.0552  10.7541 -8.8741
X  0.3648 -0.4727 -0.8022
Y  0.8828  0.4494  0.1367
Z  0.2959 -0.7580  0.5812

PART 34
OFFSET  11.3209  11.5604 -9.3680
X -0.4464  0.7915 -0.4174
Y -0.2721  0.3243  0.9060
Z  0.8524  0.5181  0.0706

PART 35
OFFSET  13.5213 -14.8537 -9.6177
X -0.4182 -0.6450 -0.6396
Y -0.0646 -0.6812  0.7292
Z -0.9061  0.3463  0.2431

PART 36
OFFSET  13.5213 -14.8537 -9.6177
X -0.4182 -0.6450 -0.6396
Y -0.0646 -0.6812  0.7292
Z -0.9061  0.3463  0.2431

PART 37
OFFSET  11.8491 -17.4332 -12.1755
X -0.4182 -0.6450 -0.6396
Y -0.0646 -0.6812  0.7292
Z -0.9061  0.3463  0.2431

PART 38
OFFSET  10.3965 -16.0374 -11.0004
X -0.4182 -0.6450 -0.6396
Y -0.0646 -0.6812  0.7292
Z -0.9061  0.3463  0.2431

PART 39
OFFSET  13.0269 -17.3343 -11.9787
X -0.4182 -0.6450 -0.6396
Y -0.0646 -0.6812  0.7292
Z -0.9061  0.3463  0.2431

PART 40
OFFSET  13.1500 -17.3778 -11.9795
X -0.4182 -0.6450 -0.6396
Y -0.0646 -0.6812  0.7292
Z -0.9061  0.3463  0.2431

PART 41
OFFSET  11.6055  11.5435 -8.8688
X -0.0747  0.7314 -0.6778
Y -0.0854 -0.6819 -0.7265
Z -0.9935  0.0036  0.1133

PART 42
OFFSET  11.6055  11.5435 -8.8688
X -0.0747  0.7314 -0.6778
Y -0.0854 -0.6819 -0.7265
Z -0.9935  0.0036  0.1133

PART 43
OFFSET  11.9395  16.7242 -13.7689
X  0.9935 -0.0036 -0.1133
Y -0.0854 -0.6819 -0.7265
Z -0.0747  0.7314 -0.6778

PART 44
OFFSET  11.8491 -17.4332 -12.1755
X -0.4182 -0.6450 -0.6396
Y -0.0646 -0.6812  0.7292
Z -0.9061  0.3463  0.2431

PART 45
OFFSET -6.0573 -7.9373 -2.8236
X -0.4708  0.4543  0.7563
Y -0.6387 -0.7669  0.0631
Z  0.6087 -0.4533  0.6512

PART 46
OFFSET -0.3637 -13.4318 -11.9699
X -0.9554  0.1450 -0.2572
Y  0.1731 -0.4305 -0.8858
Z -0.2392 -0.8908  0.3862

PART 47
OFFSET  7.7625 -14.6654 -9.7822
X -0.9554  0.1450 -0.2572
Y -0.0699 -0.9574 -0.2802
Z -0.2869 -0.2498  0.9248

PART 48
OFFSET  9.4627 -12.7330 -9.4057
X -0.9558  0.1500 -0.2530
Y  0.2394  0.8965 -0.3727
Z  0.1709 -0.4168 -0.8928

PART 49
OFFSET  9.3618 -13.3263 -7.8738
X -0.9558  0.1500 -0.2530
Y  0.2394  0.8965 -0.3727
Z  0.1709 -0.4168 -0.8928

PART 50
OFFSET  9.1537 -15.0059 -7.6702
X -0.9558  0.1500 -0.2530
Y  0.2394  0.8965 -0.3727
Z  0.1709 -0.4168 -0.8928

PART 51
OFFSET  10.6915 -15.1100 -8.9937
X -0.9749  0.1290 -0.1813
Y -0.0711 -0.9527 -0.2955
Z -0.2108 -0.2752  0.9380

PART 52
OFFSET  11.2852 -14.1356 -9.0120
X -0.8128 -0.5746  0.0964
Y  0.5128 -0.7840 -0.3498
Z  0.2766 -0.2349  0.9318

PART 53
OFFSET  12.9725 -12.8044 -9.2370
X -0.9916  0.1137  0.0614
Y -0.1193 -0.9882 -0.0964
Z  0.0497 -0.1029  0.9934

PART 54
OFFSET  14.5606 -13.0355 -9.4531
X -0.5812  0.7760  0.2448
Y -0.7958 -0.6049  0.0280
Z  0.1699 -0.1786  0.9692

PART 55
OFFSET  15.1949 -13.8562 -9.7627
X -0.7022  0.5629 -0.4360
Y  0.4448 -0.1315 -0.8859
Z -0.5560 -0.8160 -0.1580

PART 56
OFFSET  11.4830 -16.1836 -9.3463
X -0.9126  0.3167  0.2587
Y  0.1196 -0.3983  0.9094
Z  0.3910  0.8609  0.3256

PART 57
OFFSET  13.5756 -16.7209 -9.9917
X -0.4154 -0.6060  0.6783
Y  0.8072 -0.5894 -0.0322
Z  0.4193  0.5342  0.7341

PART 58
OFFSET  14.1639 -15.8629 -10.9520
X  0.6927 -0.7083  0.1361
Y  0.6143  0.4804 -0.6260
Z  0.3780  0.5172  0.7678

PART 59
OFFSET  13.5497 -15.2349 -11.0727
X  0.8950 -0.3953 -0.2066
Y  0.1713  0.7323 -0.6591
Z  0.4119  0.5545  0.7231

PART 60
OFFSET  12.6994 -14.8593 -10.8764
X -0.8517 -0.2375  0.4672
Y -0.3946  0.8773 -0.2732
Z -0.3450 -0.4170 -0.8409

PART 61
OFFSET  11.7152 -15.6173 -8.9790
X -0.9573  0.2889  0.0025
Y -0.0796 -0.2718  0.9591
Z  0.2778  0.9179  0.2832

PART 62
OFFSET  14.1568 -16.5095 -9.0064
X -0.4489 -0.5256  0.7227
Y  0.8261 -0.5524  0.1114
Z  0.3406  0.6471  0.6821

PART 63
OFFSET  14.9210 -15.6147 -10.2368
X  0.7021 -0.6623  0.2617
Y  0.6036  0.3585 -0.7122
Z  0.3779  0.6579  0.6514

PART 64
OFFSET  13.9480 -14.6969 -10.5994
X  0.9319 -0.2685 -0.2439
Y -0.0314  0.6102 -0.7917
Z  0.3614  0.7454  0.5602

PART 65
OFFSET  12.9373 -14.4056 -10.3349
X -0.7278 -0.0919  0.6796
Y -0.5753  0.6212 -0.5322
Z -0.3732 -0.7783 -0.5050

PART 66
OFFSET  6.5809 -13.9152 -8.9955
X -0.9622  0.2291  0.1474
Y -0.0845  0.2634 -0.9610
Z -0.2589 -0.9371 -0.2341

PART 67
OFFSET  14.4656 -14.9963 -7.7158
X -0.6037 -0.4241  0.6751
Y  0.7965 -0.3565  0.4883
Z  0.0336  0.8325  0.5531

PART 68
OFFSET  15.5284 -14.2495 -8.9044
X  0.7954 -0.3123  0.5194
Y  0.6061  0.4193 -0.6759
Z -0.0067  0.8524  0.5228

PART 69
OFFSET  14.5611 -13.8181 -9.5041
X  0.9981 -0.0543 -0.0286
Y  0.0056  0.5447 -0.8386
Z  0.0611  0.8369  0.5440

PART 70
OFFSET  13.4337 -13.7568 -9.4718
X -0.3128 -0.2386  0.9194
Y -0.9495  0.1022 -0.2965
Z -0.0232 -0.9657 -0.2586

PART 71
OFFSET  14.3223 -15.9667 -8.2240
X -0.5515 -0.4668  0.6913
Y  0.8269 -0.4152  0.3793
Z  0.1100  0.7808  0.6150

PART 72
OFFSET  15.3998 -15.0548 -9.5745
X  0.7618 -0.5004  0.4114
Y  0.6068  0.3288 -0.7237
Z  0.2269  0.8009  0.5541

PART 73
OFFSET  14.2871 -14.3239 -10.1755
X  0.9729 -0.0656 -0.2217
Y -0.1597  0.5028 -0.8495
Z  0.1672  0.8619  0.4787

PART 74
OFFSET  13.1839 -14.2553 -9.9284
X -0.6547 -0.3259  0.6820
Y -0.7339  0.4901 -0.4703
Z -0.1809 -0.8084 -0.5601

PART 75
OFFSET  0.0000 -0.0000 -0.0000
X  1.0000 -0.0000  0.0000
Y  0.0000  1.0000  0.0000
Z  0.0000 -0.0000  1.0000

PART 76
OFFSET  0.0000 -0.0000 -0.0000
X  1.0000 -0.0000  0.0000
Y  0.0000  1.0000  0.0000
Z  0.0000 -0.0000  1.0000

PART 77
OFFSET  1.5404 -0.0000  4.1357
X  1.0000 -0.0000  0.0000
Y  0.0000  1.0000  0.0000
Z  0.0000 -0.0000  1.0000


FRAME 1413
PART 0
OFFSET  0.0000 -0.0000 -0.0000
X  1.0000 -0.0000  0.0000
Y  0.0000  1.0000  0.0000
Z  0.0000 -0.0000  1.0000

PART 1
OFFSET -4.6318 -0.0000 -1.3770
X  1.0000 -0.0000  0.0000
Y  0.0000  1.0000  0.0000
Z  0.0000 -0.0000  1.0000

PART 2
OFFSET -6.2831  7.9373 -3.1869
X  0.3601  0.3954 -0.8450
Y  0.5202 -0.8369 -0.1699
Z -0.7744 -0.3784 -0.5071

PART 3
OFFSET -1.9283  12.7190 -13.4062
X  0.8903 -0.1405  0.4332
Y -0.4524 -0.3831  0.8053
Z  0.0528 -0.9129 -0.4047

PART 4
OFFSET  5.6437  11.5239 -9.7212
X  0.8903 -0.1405  0.4332
Y -0.2586 -0.9389  0.2270
Z  0.3749 -0.3141 -0.8722

PART 5
OFFSET  7.3176  12.5510 -9.6037
X  0.8928 -0.1357  0.4295
Y -0.0489  0.9187  0.3918
Z -0.4478 -0.3708  0.8136

PART 6
OFFSET  7.1531  11.1957 -10.5885
X  0.8928 -0.1357  0.4295
Y -0.0489  0.9187  0.3918
Z -0.4478 -0.3708  0.8136

PART 7
OFFSET  6.6420  11.4034 -7.3759
X  0.8928 -0.1357  0.4295
Y -0.0489  0.9187  0.3918
Z -0.4478 -0.3708  0.8136

PART 8
OFFSET  6.4745  10.0060 -7.7125
X  0.8928 -0.1357  0.4295
Y -0.0489  0.9187  0.3918
Z -0.4478 -0.3708  0.8136

PART 9
OFFSET  6.5777  8.8180 -9.1870
X  0.8928 -0.1357  0.4295
Y -0.0489  0.9187  0.3918
Z -0.4478 -0.3708  0.8136

PART 10
OFFSET  8.3729  11.0932 -8.3930
X  0.9553  0.2070  0.2111
Y  0.1237 -0.9284  0.3504
Z  0.2686 -0.3086 -0.9125

PART 11
OFFSET  9.0323  10.1636 -8.3346
X  0.9260 -0.3762  0.0322
Y -0.3696 -0.8857  0.2811
Z -0.0772 -0.2722 -0.9591

PART 12
OFFSET  10.9893  9.2483 -8.2903
X  0.9689  0.2254  0.1024
Y  0.2123 -0.9692  0.1248
Z  0.1274 -0.0992 -0.9869

PART 13
OFFSET  12.5550  9.6589 -8.2430
X  0.6523  0.7461 -0.1336
Y  0.7578 -0.6387  0.1333
Z  0.0141 -0.1882 -0.9820

PART 14
OFFSET  13.2740  10.4462 -8.4301
X  0.6286  0.5400  0.5597
Y -0.6142 -0.0967  0.7832
Z  0.4771 -0.8361  0.2708

PART 15
OFFSET  9.1031  12.2000 -8.7740
X  0.7938  0.6051 -0.0607
Y  0.1823 -0.3320 -0.9255
Z -0.5802  0.7236 -0.3739

PART 16
OFFSET  10.9936  13.4135 -8.9694
X  0.9037 -0.2070 -0.3747
Y -0.3765 -0.8009 -0.4656
Z -0.2037  0.5619 -0.8017

PART 17
OFFSET  12.2731  13.1204 -9.4999
X -0.1774 -0.8192 -0.5454
Y -0.9728  0.0622  0.2229
Z -0.1487  0.5702 -0.8080

PART 18
OFFSET  12.1158  12.3941 -9.9835
X -0.9292 -0.3689 -0.0222
Y -0.3029  0.7260  0.6174
Z -0.2117  0.5804 -0.7863

PART 19
OFFSET  11.2330  12.0437 -10.0046
X  0.9315 -0.2575 -0.2569
Y  0.3425  0.8588  0.3810
Z  0.1225 -0.4429  0.8882

PART 20
OFFSET  9.3579  11.6717 -8.3673
X  0.8727  0.4803  0.0878
Y  0.2433 -0.2717 -0.9311
Z -0.4233  0.8340 -0.3540

PART 21
OFFSET  11.5839  12.9886 -8.1043
X  0.6563 -0.3609 -0.6626
Y -0.6953 -0.6303 -0.3454
Z -0.2930  0.6874 -0.6646

PART 22
OFFSET  12.7013  12.3742 -9.2325
X -0.6236 -0.6615 -0.4167
Y -0.7337  0.3111  0.6040
Z -0.2699  0.6824 -0.6794

PART 23
OFFSET  11.8371  11.4574 -9.8100
X -0.8907  0.0940  0.4449
Y  0.3690  0.7212  0.5863
Z -0.2657  0.6864 -0.6770

PART 24
OFFSET  10.8711  11.5594 -9.3275
X  0.5059 -0.4552 -0.7327
Y  0.8238  0.5068  0.2539
Z  0.2557 -0.7321  0.6314

PART 25
OFFSET  11.6582  10.0918 -7.6749
X  0.9496  0.2885 -0.1228
Y  0.0257  0.3189  0.9474
Z  0.3125 -0.9028  0.2954

PART 26
OFFSET  12.0887  11.3143 -6.9669
X  0.5976 -0.2385 -0.7655
Y -0.7414 -0.5280 -0.4143
Z -0.3054  0.8151 -0.4924

PART 27
OFFSET  13.1409  10.8943 -8.3147
X -0.6423 -0.5004 -0.5805
Y -0.7325  0.1780  0.6571
Z -0.2255  0.8473 -0.4809

PART 28
OFFSET  12.3737  10.2345 -8.9912
X -0.8962 -0.0381  0.4421
Y  0.3404  0.5800  0.7401
Z -0.2846  0.8137 -0.5068

PART 29
OFFSET  11.3615  10.1915 -8.4918
X -0.0956 -0.2823 -0.9546
Y  0.9866  0.1006 -0.1286
Z  0.1323 -0.9540  0.2689

PART 30
OFFSET  11.9008  12.2440 -7.5332
X  0.6127 -0.3514 -0.7079
Y -0.7606 -0.5056 -0.4074
Z -0.2147  0.7880 -0.5771

PART 31
OFFSET  13.0978  11.5575 -8.9161
X -0.7476 -0.5209 -0.4121
Y -0.6156  0.3105  0.7243
Z -0.2493  0.7952 -0.5527

PART 32
OFFSET  12.0059  10.7967 -9.5180
X -0.8431  0.0589  0.5345
Y  0.4700  0.5637  0.6793
Z -0.2613  0.8239 -0.5029

PART 33
OFFSET  11.0488  10.8688 -8.9167
X  0.3630 -0.4578 -0.8116
Y  0.8804  0.4538  0.1378
Z  0.3052 -0.7645  0.5678

PART 34
OFFSET  11.3055  11.6844 -9.4000
X -0.4549  0.7944 -0.4025
Y -0.2686  0.3086  0.9125
Z  0.8491  0.5232  0.0730

PART 35
OFFSET  13.5041 -13.9005 -9.1770
X -0.3371 -0.6683 -0.6631
Y -0.0879 -0.6789  0.7290
Z -0.9374  0.3040  0.1701

PART 36
OFFSET  13.5041 -13.9005 -9.1770
X -0.3371 -0.6683 -0.6631
Y -0.0879 -0.6789  0.7290
Z -0.9374  0.3040  0.1701

PART 37
OFFSET  12.1560 -16.5733 -11.8287
X -0.3371 -0.6683 -0.6631
Y -0.0879 -0.6789  0.7290
Z -0.9374  0.3040  0.1701

PART 38
OFFSET  10.5535 -15.2413 -10.7814
X -0.3371 -0.6683 -0.6631
Y -0.0879 -0.6789  0.7290
Z -0.9374  0.3040  0.1701

PART 39
OFFSET  13.3093 -16.4169 -11.5439
X -0.3371 -0.6683 -0.6631
Y -0.0879 -0.6789  0.7290
Z -0.9374  0.3040  0.1701

PART 40
OFFSET  13.4340 -16.4545 -11.5349
X -0.3371 -0.6683 -0.6631
Y -0.0879 -0.6789  0.7290
Z -0.9374  0.3040  0.1701

PART 41
OFFSET  11.5934  11.6621 -8.9029
X -0.0844  0.7410 -0.6662
Y -0.0851 -0.6715 -0.7361
Z -0.9928 -0.0054  0.1198

PART 42
OFFSET  11.5934  11.6621 -8.9029
X -0.0844  0.7410 -0.6662
Y -0.0851 -0.6715 -0.7361
Z -0.9928 -0.0054  0.1198

PART 43
OFFSET  11.8577  16.9184 -13.7261
X  0.9928  0.0054 -0.1198
Y -0.0851 -0.6715 -0.7361
Z -0.0844  0.7410 -0.6662

PART 44
OFFSET  12.1560 -16.5733 -11.8287
X -0.3371 -0.6683 -0.6631
Y -0.0879 -0.6789  0.7290
Z -0.9374  0.3040  0.1701

PART 45
OFFSET -6.0573 -7.9373 -2.8236
X -0.4690  0.4392  0.7662
Y -0.6122 -0.7870  0.0763
Z  0.6365 -0.4333  0.6380

PART 46
OFFSET -0.3847 -13.2489 -12.0902
X -0.9537  0.0898 -0.2872
Y  0.2228 -0.4309 -0.8745
Z -0.2023 -0.8979  0.3909

PART 47
OFFSET  7.7265 -14.0128 -9.6477
X -0.9537  0.0898 -0.2872
Y -0.0082 -0.9618 -0.2737
Z -0.3008 -0.2586  0.9180

PART 48
OFFSET  9.3077 -11.9865 -9.2470
X -0.9544  0.0949 -0.2830
Y  0.2017  0.9038 -0.3775
Z  0.2200 -0.4173 -0.8817

PART 49
OFFSET  9.1929 -12.5664 -7.7110
X -0.9544  0.0949 -0.2830
Y  0.2017  0.9038 -0.3775
Z  0.2200 -0.4173 -0.8817

PART 50
OFFSET  9.0698 -14.2524 -7.4913
X -0.9544  0.0949 -0.2830
Y  0.2017  0.9038 -0.3775
Z  0.2200 -0.4173 -0.8817

PART 51
OFFSET  10.6502 -14.2881 -8.7673
X -0.9632  0.0810 -0.2561
Y -0.0032 -0.9568 -0.2906
Z -0.2686 -0.2791  0.9219

PART 52
OFFSET  11.1968 -13.2866 -8.7502
X -0.7897 -0.6122  0.0401
Y  0.5745 -0.7608 -0.3020
Z  0.2154 -0.2155  0.9525

PART 53
OFFSET  12.8315 -11.8775 -8.8595
X -0.9977  0.0665 -0.0153
Y -0.0648 -0.9933 -0.0953
Z -0.0215 -0.0941  0.9953

PART 54
OFFSET  14.4407 -12.0336 -8.9520
X -0.6343  0.7488  0.1922
Y -0.7661 -0.6421 -0.0265
Z  0.1036 -0.1641  0.9810

PART 55
OFFSET  15.1348 -12.8250 -9.2043
X -0.6926  0.5258 -0.4937
Y  0.5169 -0.1156 -0.8482
Z -0.5031 -0.8427 -0.1917

PART 56
OFFSET  11.5161 -15.3248 -9.0481
X -0.9436  0.2742  0.1854
Y  0.0685 -0.3863  0.9198
Z  0.3239  0.8806  0.3458

PART 57
OFFSET  13.6751 -15.7653 -9.5272
X -0.4369 -0.6209  0.6508
Y  0.8343 -0.5502  0.0351
Z  0.3363  0.5583  0.7584

PART 58
OFFSET  14.2937 -14.8862 -10.4485
X  0.7130 -0.6734  0.1954
Y  0.6369  0.5053 -0.5823
Z  0.2934  0.5396  0.7892

PART 59
OFFSET  13.6615 -14.2892 -10.6218
X  0.9258 -0.3533 -0.1340
Y  0.1864  0.7355 -0.6514
Z  0.3288  0.5781  0.7468

PART 60
OFFSET  12.7819 -13.9535 -10.4944
X -0.8727 -0.2751  0.4035
Y -0.4136  0.8557 -0.3112
Z -0.2596 -0.4384 -0.8605

PART 61
OFFSET  11.6926 -14.7457 -8.6699
X -0.9673  0.2428 -0.0732
Y -0.1396 -0.2692  0.9529
Z  0.2116  0.9320  0.2943

PART 62
OFFSET  14.1686 -15.5201 -8.5027
X -0.4774 -0.5419  0.6917
Y  0.8404 -0.5114  0.1794
Z  0.2566  0.6669  0.6996

PART 63
OFFSET  14.9814 -14.5976 -9.6803
X  0.7106 -0.6262  0.3208
Y  0.6386  0.3824 -0.6678
Z  0.2955  0.6794  0.6717

PART 64
OFFSET  13.9966 -13.7297 -10.1250
X  0.9595 -0.2251 -0.1696
Y  0.0004  0.6029 -0.7978
Z  0.2819  0.7654  0.5786

PART 65
OFFSET  12.9561 -13.4855 -9.9410
X -0.7725 -0.1223  0.6232
Y -0.5617  0.5895 -0.5805
Z -0.2964 -0.7984 -0.5241

PART 66
OFFSET  6.4999 -13.2916 -9.0935
X -0.9804  0.1836  0.0716
Y -0.0232  0.2530 -0.9672
Z -0.1957 -0.9499 -0.2437

PART 67
OFFSET  14.3060 -13.9857 -7.2075
X -0.6327 -0.4483  0.6314
Y  0.7729 -0.3149  0.5509
Z -0.0481  0.8366  0.5457

PART 68
OFFSET  15.4201 -13.1965 -8.3192
X  0.7673 -0.2706  0.5815
Y  0.6354  0.4436 -0.6320
Z -0.0869  0.8544  0.5122

PART 69
OFFSET  14.4820 -12.8156 -8.9950
X  0.9988 -0.0066  0.0479
Y  0.0439  0.5390 -0.8412
Z -0.0203  0.8423  0.5387

PART 70
OFFSET  13.3538 -12.8082 -9.0491
X -0.3705 -0.2475  0.8953
Y -0.9279  0.0548 -0.3688
Z  0.0423 -0.9673 -0.2500

PART 71
OFFSET  14.2480 -14.9651 -7.7155
X -0.5800 -0.4883  0.6520
Y  0.8142 -0.3727  0.4452
Z  0.0257  0.7891  0.6137

PART 72
OFFSET  15.3812 -14.0112 -8.9892
X  0.7509 -0.4608  0.4731
Y  0.6441  0.3529 -0.6787
Z  0.1458  0.8144  0.5617

PART 73
OFFSET  14.2844 -13.3382 -9.6803
X  0.9890 -0.0203 -0.1464
Y -0.1179  0.4892 -0.8642
Z  0.0892  0.8719  0.4814

PART 74
OFFSET  13.1635 -13.3210 -9.5184
X -0.6888 -0.3526  0.6335
Y -0.7182  0.4514 -0.5296
Z -0.0992 -0.8197 -0.5641

PART 75
OFFSET  0.0000 -0.0000 -0.0000
X  1.0000 -0.0000  0.0000
Y  0.0000  1.0000  0.0000
Z  0.0000 -0.0000  1.0000

PART 76
OFFSET  0.0000 -0.0000 -0.0000
X  1.0000 -0.0000  0.0000
Y  0.0000  1.0000  0.0000
Z  0.0000 -0.0000  1.0000

PART 77
OFFSET  1.5404 -0.0000  4.1357
X  1.0000 -0.0000  0.0000
Y  0.0000  1.0000  0.0000
Z  0.0000 -0.0000  1.0000


FRAME 1414
PART 0
OFFSET  0.0000 -0.0000 -0.0000
X  1.0000 -0.0000  0.0000
Y  0.0000  1.0000  0.0000
Z  0.0000 -0.0000  1.0000

PART 1
OFFSET -4.6318 -0.0000 -1.3770
X  1.0000 -0.0000  0.0000
Y  0.0000  1.0000  0.0000
Z  0.0000 -0.0000  1.0000

PART 2
OFFSET -6.2831  7.9373 -3.1869
X  0.3573  0.3973 -0.8453
Y  0.5271 -0.8329 -0.1687
Z -0.7710 -0.3853 -0.5070

PART 3
OFFSET -1.9624  12.7427 -13.4095
X  0.8928 -0.1313  0.4309
Y -0.4464 -0.3864  0.8071
Z  0.0605 -0.9129 -0.4036

PART 4
OFFSET  5.6314  11.6255 -9.7449
X  0.8928 -0.1313  0.4309
Y -0.2411 -0.9474  0.2107
Z  0.3805 -0.2920 -0.8775

PART 5
OFFSET  7.2957  12.6688 -9.6336
X  0.8953 -0.1265  0.4271
Y -0.0566  0.9188  0.3907
Z -0.4419 -0.3740  0.8154

PART 6
OFFSET  7.1414  11.3107 -10.6161
X  0.8953 -0.1265  0.4271
Y -0.0566  0.9188  0.3907
Z -0.4419 -0.3740  0.8154

PART 7
OFFSET  6.6375  11.5179 -7.4023
X  0.8953 -0.1265  0.4271
Y -0.0566  0.9188  0.3907
Z -0.4419 -0.3740  0.8154

PART 8
OFFSET  6.4825  10.1184 -7.7365
X  0.8953 -0.1265  0.4271
Y -0.0566  0.9188  0.3907
Z -0.4419 -0.3740  0.8154

PART 9
OFFSET  6.5929  8.9295 -9.2098
X  0.8953 -0.1265  0.4271
Y -0.0566  0.9188  0.3907
Z -0.4419 -0.3740  0.8154

PART 10
OFFSET  8.3684  11.2229 -8.4240
X  0.9551  0.2124  0.2067
Y  0.1369 -0.9347  0.3281
Z  0.2629 -0.2851 -0.9217

PART 11
OFFSET  9.0381  10.2994 -8.3928
X  0.9302 -0.3669  0.0150
Y -0.3575 -0.8957  0.2645
Z -0.0836 -0.2514 -0.9643

PART 12
OFFSET  11.0050  9.4043 -8.3878
X  0.9674  0.2334  0.0983
Y  0.2237 -0.9694  0.1009
Z  0.1188 -0.0756 -0.9900

PART 13
OFFSET  12.5666  9.8305 -8.3461
X  0.6431  0.7558 -0.1228
Y  0.7657 -0.6334  0.1116
Z  0.0066 -0.1658 -0.9861

PART 14
OFFSET  13.2754  10.6295 -8.5221
X  0.6283  0.5340  0.5658
Y -0.6055 -0.1209  0.7866
Z  0.4884 -0.8368  0.2473

PART 15
OFFSET  9.0832  12.3458 -8.7867
X  0.7868  0.6148 -0.0545
Y  0.1768 -0.3091 -0.9344
Z -0.5913  0.7256 -0.3519

PART 16
OFFSET  10.9588  13.5836 -8.9725
X  0.9022 -0.1888 -0.3878
Y -0.3726 -0.7942 -0.4801
Z -0.2174  0.5776 -0.7868

PART 17
OFFSET  12.2361  13.3163 -9.5216
X -0.1740 -0.8085 -0.5621
Y -0.9712  0.0467  0.2335
Z -0.1625  0.5866 -0.7934

PART 18
OFFSET  12.0818  12.5994 -10.0200
X -0.9255 -0.3782 -0.0217
Y -0.3045  0.7086  0.6365
Z -0.2254  0.5957 -0.7710

PART 19
OFFSET  11.2026  12.2401 -10.0406
X  0.9316 -0.2417 -0.2715
Y  0.3371  0.8536  0.3971
Z  0.1358 -0.4614  0.8767

PART 20
OFFSET  9.3475  11.8112 -8.3945
X  0.8684  0.4875  0.0904
Y  0.2370 -0.2481 -0.9393
Z -0.4355  0.8371 -0.3310

PART 21
OFFSET  11.5620  13.1456 -8.1229
X  0.6536 -0.3388 -0.6768
Y -0.6919 -0.6298 -0.3529
Z -0.3067  0.6990 -0.6460

PART 22
OFFSET  12.6747  12.5689 -9.2752
X -0.6206 -0.6586 -0.4256
Y -0.7310  0.2896  0.6178
Z -0.2836  0.6946 -0.6612

PART 23
OFFSET  11.8146  11.6561 -9.8651
X -0.8872  0.0744  0.4553
Y  0.3671  0.7117  0.5990
Z -0.2794  0.6985 -0.6587

PART 24
OFFSET  10.8524  11.7368 -9.3713
X  0.5035 -0.4331 -0.7476
Y  0.8209  0.5097  0.2575
Z  0.2695 -0.7433  0.6122

PART 25
OFFSET  11.6709  10.2409 -7.7598
X  0.9452  0.3014 -0.1253
Y  0.0315  0.2978  0.9541
Z  0.3249 -0.9058  0.2720

PART 26
OFFSET  12.0954  11.4517 -7.0285
X  0.5926 -0.2148 -0.7763
Y -0.7398 -0.5264 -0.4191
Z -0.3187  0.8226 -0.4709

PART 27
OFFSET  13.1388  11.0735 -8.3953
X -0.6426 -0.4941 -0.5856
Y -0.7279  0.1553  0.6679
Z -0.2390  0.8554 -0.4594

PART 28
OFFSET  12.3720  10.4209 -9.0793
X -0.8914 -0.0576  0.4496
Y  0.3415  0.5668  0.7498
Z -0.2980  0.8219 -0.4855

PART 29
OFFSET  11.3652  10.3558 -8.5715
X -0.1019 -0.2617 -0.9597
Y  0.9842  0.1140 -0.1356
Z  0.1449 -0.9584  0.2460

PART 30
OFFSET  11.8922  12.3919 -7.5718
X  0.6095 -0.3288 -0.7214
Y -0.7591 -0.5044 -0.4115
Z -0.2286  0.7984 -0.5570

PART 31
OFFSET  13.0829  11.7496 -8.9811
X -0.7460 -0.5195 -0.4167
Y -0.6118  0.2874  0.7369
Z -0.2630  0.8047 -0.5322

PART 32
OFFSET  11.9932  10.9908 -9.5898
X -0.8385  0.0378  0.5437
Y  0.4706  0.5532  0.6874
Z -0.2748  0.8322 -0.4816

PART 33
OFFSET  11.0413  11.0391 -8.9779
X  0.3599 -0.4355 -0.8251
Y  0.8769  0.4600  0.1397
Z  0.3187 -0.7738  0.5474

PART 34
OFFSET  11.2847  11.8681 -9.4450
X -0.4671  0.7983 -0.3802
Y -0.2629  0.2851  0.9217
Z  0.8442  0.5305  0.0767

PART 35
OFFSET  13.4687 -12.5919 -8.5473
X -0.2153 -0.6818 -0.6992
Y -0.1220 -0.6916  0.7119
Z -0.9689  0.2386  0.0657

PART 36
OFFSET  13.4687 -12.5919 -8.5473
X -0.2153 -0.6818 -0.6992
Y -0.1220 -0.6916  0.7119
Z -0.9689  0.2386  0.0657

PART 37
OFFSET  12.6076 -15.3183 -11.3434
X -0.2153 -0.6818 -0.6992
Y -0.1220 -0.6916  0.7119
Z -0.9689  0.2386  0.0657

PART 38
OFFSET  10.8121 -14.1087 -10.4760
X -0.2153 -0.6818 -0.6992
Y -0.1220 -0.6916  0.7119
Z -0.9689  0.2386  0.0657

PART 39
OFFSET  13.7089 -15.0882 -10.9312
X -0.2153 -0.6818 -0.6992
Y -0.1220 -0.6916  0.7119
Z -0.9689  0.2386  0.0657

PART 40
OFFSET  13.8341 -15.1175 -10.9085
X -0.2153 -0.6818 -0.6992
Y -0.1220 -0.6916  0.7119
Z -0.9689  0.2386  0.0657

PART 41
OFFSET  11.5776  11.8377 -8.9514
X -0.0986  0.7549 -0.6484
Y -0.0852 -0.6556 -0.7503
Z -0.9915 -0.0188  0.1290

PART 42
OFFSET  11.5776  11.8377 -8.9514
X -0.0986  0.7549 -0.6484
Y -0.0852 -0.6556 -0.7503
Z -0.9915 -0.0188  0.1290

PART 43
OFFSET  11.7398  17.2038 -13.6567
X  0.9915  0.0188 -0.1290
Y -0.0852 -0.6556 -0.7503
Z -0.0986  0.7549 -0.6484

PART 44
OFFSET  12.6076 -15.3183 -11.3434
X -0.2153 -0.6818 -0.6992
Y -0.1220 -0.6916  0.7119
Z -0.9689  0.2386  0.0657

PART 45
OFFSET -6.0573 -7.9373 -2.8236
X -0.4737  0.4180  0.7752
Y -0.5718 -0.8154  0.0903
Z  0.6699 -0.4005  0.6252

PART 46
OFFSET -0.3290 -12.9921 -12.1989
X -0.9462  0.0157 -0.3231
Y  0.2864 -0.4237 -0.8593
Z -0.1504 -0.9057  0.3964

PART 47
OFFSET  7.7190 -13.1261 -9.4506
X -0.9462  0.0157 -0.3231
Y  0.0781 -0.9581 -0.2755
Z -0.3139 -0.2859  0.9054

PART 48
OFFSET  9.1313 -10.9839 -9.0223
X -0.9475  0.0208 -0.3191
Y  0.1490  0.9116 -0.3831
Z  0.2829 -0.4105 -0.8669

PART 49
OFFSET  9.0017 -11.5523 -7.4831
X -0.9475  0.0208 -0.3191
Y  0.1490  0.9116 -0.3831
Z  0.2829 -0.4105 -0.8669

PART 50
OFFSET  8.9943 -13.2400 -7.2433
X -0.9475  0.0208 -0.3191
Y  0.1490  0.9116 -0.3831
Z  0.2829 -0.4105 -0.8669

PART 51
OFFSET  10.6198 -13.1743 -8.4600
X -0.9321  0.0192 -0.3616
Y  0.0940 -0.9515 -0.2929
Z -0.3497 -0.3070  0.8851

PART 52
OFFSET  11.0920 -12.1387 -8.3781
X -0.7459 -0.6641 -0.0507
Y  0.6547 -0.7171 -0.2391
Z  0.1225 -0.2115  0.9697

PART 53
OFFSET  12.6294 -10.6222 -8.2989
X -0.9920 -0.0003 -0.1262
Y  0.0137 -0.9943 -0.1059
Z -0.1254 -0.1068  0.9863

PART 54
OFFSET  14.2457 -10.6691 -8.2120
X -0.7010  0.7024  0.1232
Y -0.7131 -0.6916 -0.1143
Z  0.0049 -0.1680  0.9858

PART 55
OFFSET  15.0157 -11.4093 -8.3884
X -0.6676  0.4839 -0.5658
Y  0.6145 -0.0710 -0.7858
Z -0.4204 -0.8722 -0.2499

PART 56
OFFSET  11.5799 -14.1474 -8.6465
X -0.9748  0.2083  0.0802
Y -0.0080 -0.3914  0.9202
Z  0.2230  0.8963  0.3832

PART 57
OFFSET  13.8035 -14.4369 -8.8836
X -0.4633 -0.6562  0.5956
Y  0.8606 -0.4935  0.1258
Z  0.2114  0.5708  0.7934

PART 58
OFFSET  14.4596 -13.5078 -9.7268
X  0.7309 -0.6264  0.2710
Y  0.6618  0.5535 -0.5056
Z  0.1667  0.5489  0.8191

PART 59
OFFSET  13.8115 -12.9525 -9.9671
X  0.9568 -0.2890 -0.0314
Y  0.2072  0.7537 -0.6237
Z  0.2039  0.5903  0.7811

PART 60
OFFSET  12.9025 -12.6779 -9.9373
X -0.8914 -0.3375  0.3026
Y -0.4335  0.8296 -0.3520
Z -0.1322 -0.4449 -0.8858

PART 61
OFFSET  11.6736 -13.5622 -8.2487
X -0.9674  0.1783 -0.1796
Y -0.2260 -0.2889  0.9303
Z  0.1140  0.9406  0.3198

PART 62
OFFSET  14.1626 -14.1710 -7.8095
X -0.5134 -0.5805  0.6320
Y  0.8480 -0.4560  0.2699
Z  0.1315  0.6745  0.7264

PART 63
OFFSET  15.0366 -13.1826 -8.8855
X  0.7114 -0.5809  0.3956
Y  0.6813  0.4320 -0.5909
Z  0.1724  0.6899  0.7031

PART 64
OFFSET  14.0507 -12.3775 -9.4338
X  0.9854 -0.1584 -0.0625
Y  0.0481  0.6107 -0.7904
Z  0.1634  0.7758  0.6094

PART 65
OFFSET  12.9820 -12.2057 -9.3660
X -0.8268 -0.1809  0.5327
Y -0.5325  0.5572 -0.6372
Z -0.1815 -0.8104 -0.5570

PART 66
OFFSET  6.4734 -12.4542 -9.2430
X -0.9925  0.1168 -0.0375
Y  0.0672  0.2619 -0.9627
Z -0.1026 -0.9580 -0.2678

PART 67
OFFSET  14.0510 -12.6457 -6.5011
X -0.6670 -0.4968  0.5552
Y  0.7265 -0.2687  0.6324
Z -0.1650  0.8252  0.5402

PART 68
OFFSET  15.2254 -11.7710 -7.4785
X  0.7145 -0.2252  0.6623
Y  0.6701  0.4923 -0.5555
Z -0.2010  0.8408  0.5027

PART 69
OFFSET  14.3446 -11.4461 -8.2532
X  0.9855  0.0598  0.1590
Y  0.1003  0.5503 -0.8289
Z -0.1370  0.8328  0.5364

PART 70
OFFSET  13.2315 -11.5136 -8.4327
X -0.4499 -0.2820  0.8474
Y -0.8828 -0.0033 -0.4698
Z  0.1352 -0.9594 -0.2475

PART 71
OFFSET  14.1163 -13.6209 -7.0162
X -0.6144 -0.5335  0.5814
Y  0.7831 -0.3224  0.5317
Z -0.0962  0.7819  0.6159

PART 72
OFFSET  15.3165 -12.5787 -8.1519
X  0.7233 -0.4149  0.5520
Y  0.6900  0.4030 -0.6012
Z  0.0270  0.8158  0.5777

PART 73
OFFSET  14.2601 -11.9728 -8.9583
X  0.9982  0.0476 -0.0353
Y -0.0541  0.4901 -0.8700
Z -0.0241  0.8704  0.4918

PART 74
OFFSET  13.1296 -12.0325 -8.9223
X -0.7293 -0.4052  0.5513
Y -0.6839  0.4083 -0.6046
Z  0.0198 -0.8180 -0.5749

PART 75
OFFSET  0.0000 -0.0000 -0.0000
X  1.0000 -0.0000  0.0000
Y  0.0000  1.0000  0.0000
Z  0.0000 -0.0000  1.0000

PART 76
OFFSET  0.0000 -0.0000 -0.0000
X  1.0000 -0.0000  0.0000
Y  0.0000  1.0000  0.0000
Z  0.0000 -0.0000  1.0000

PART 77
OFFSET  1.5404 -0.0000  4.1357
X  1.0000 -0.0000  0.0000
Y  0.0000  1.0000  0.0000
Z  0.0000 -0.0000  1.0000


FRAME 1415
PART 0
OFFSET  0.0000 -0.0000 -0.0000
X  1.0000 -0.0000  0.0000
Y  0.0000  1.0000  0.0000
Z  0.0000 -0.0000  1.0000

PART 1
OFFSET -4.6318 -0.0000 -1.3770
X  1.0000 -0.0000  0.0000
Y  0.0000  1.0000  0.0000
Z  0.0000 -0.0000  1.0000

PART 2
OFFSET -6.2831  7.9373 -3.1869
X  0.3543  0.3997 -0.8454
Y  0.5354 -0.8279 -0.1670
Z -0.7667 -0.3935 -0.5073

PART 3
OFFSET -1.9985  12.7707 -13.4115
X  0.8958 -0.1200  0.4279
