// Export filename: `C:\projects\cod\t5\xanim_export\t5_viewmodels\ballistic_knife\b_knife_melee_stick.XANIM_EXPORT`
// Source filename: `D:\projects\devanim\t5\animation_assets\viewmodels\ballistic_knife/ViewModel_ballistic_knife_animated2.fbx`
// Export time: Mon Sep 06 22:08:08 2010

ANIMATION
VERSION 3

NUMPARTS 78
PART 0 "tag_ads"
PART 1 "tag_torso"
PART 2 "J_Shoulder_LE"
PART 3 "J_Elbow_LE"
PART 4 "J_WristTwist_LE"
PART 5 "J_Sleave_Reshape_Bottom_LE_1"
PART 6 "J_Sleave_Reshape_Bottom_LE_2"
PART 7 "J_Sleave_Reshape_Top_LE_1"
PART 8 "J_Sleave_Reshape_Top_LE_2"
PART 9 "J_Sleave_Reshape_Top_LE_3"
PART 10 "J_Wrist_LE"
PART 11 "J_Thumb_LE_0"
PART 12 "J_Thumb_LE_1"
PART 13 "J_Thumb_LE_2"
PART 14 "J_Thumb_LE_3"
PART 15 "J_PinkyPalm_LE"
PART 16 "J_Pinky_LE_0"
PART 17 "J_Pinky_LE_1"
PART 18 "J_Pinky_LE_2"
PART 19 "J_Pinky_LE_3"
PART 20 "J_RingPalm_LE"
PART 21 "J_Ring_LE_0"
PART 22 "J_Ring_LE_1"
PART 23 "J_Ring_LE_2"
PART 24 "J_Ring_LE_3"
PART 25 "J_Webbing_LE"
PART 26 "J_Index_LE_0"
PART 27 "J_Index_LE_1"
PART 28 "J_Index_LE_2"
PART 29 "J_Index_LE_3"
PART 30 "J_Mid_LE_0"
PART 31 "J_Mid_LE_1"
PART 32 "J_Mid_LE_2"
PART 33 "J_Mid_LE_3"
PART 34 "tag_knife_attach"
PART 35 "tag_weapon"
PART 36 "J_Gun"
PART 37 "tag_blade"
PART 38 "TAG_BOLT"
PART 39 "tag_pin"
PART 40 "tag_ring"
PART 41 "tag_origin"
PART 42 "origin_animate_jnt"
PART 43 "TAG_KNIFE_FX"
PART 44 "tag_clip"
PART 45 "J_Shoulder_RI"
PART 46 "J_Elbow_RI"
PART 47 "J_WristTwist_RI"
PART 48 "J_Sleave_Reshape_Top_RI_3"
PART 49 "J_Sleave_Reshape_Top_RI_2"
PART 50 "J_Sleave_Reshape_Top_RI_1"
PART 51 "J_Wrist_RI"
PART 52 "J_Thumb_RI_0"
PART 53 "J_Thumb_RI_1"
PART 54 "J_Thumb_RI_2"
PART 55 "J_Thumb_RI_3"
PART 56 "J_PinkyPalm_RI"
PART 57 "J_Pinky_RI_0"
PART 58 "J_Pinky_RI_1"
PART 59 "J_Pinky_RI_2"
PART 60 "J_Pinky_RI_3"
PART 61 "J_RingPalm_RI"
PART 62 "J_Ring_RI_0"
PART 63 "J_Ring_RI_1"
PART 64 "J_Ring_RI_2"
PART 65 "J_Ring_RI_3"
PART 66 "J_Webbing_RI"
PART 67 "J_Index_RI_0"
PART 68 "J_Index_RI_1"
PART 69 "J_Index_RI_2"
PART 70 "J_Index_RI_3"
PART 71 "J_Mid_RI_0"
PART 72 "J_Mid_RI_1"
PART 73 "J_Mid_RI_2"
PART 74 "J_Mid_RI_3"
PART 75 "tag_cambone"
PART 76 "tag_camera"
PART 77 "tag_gasmask"

FRAMERATE 30
NUMFRAMES 41

FRAME 2050
PART 0
OFFSET  0.0000 -0.0000 -0.0000
X  1.0000 -0.0000  0.0000
Y  0.0000  1.0000  0.0000
Z  0.0000 -0.0000  1.0000

PART 1
OFFSET -4.6318 -0.0000 -1.3770
X  1.0000 -0.0000  0.0000
Y  0.0000  1.0000  0.0000
Z  0.0000 -0.0000  1.0000

PART 2
OFFSET -6.2831  7.9373 -3.1869
X  0.7039  0.2647  0.6592
Y  0.0697 -0.9493  0.3067
Z  0.7069 -0.1699 -0.6866

PART 3
OFFSET  2.2294  11.1381  4.7852
X -0.7120 -0.3872  0.5858
Y -0.5625 -0.1849 -0.8059
Z  0.4203 -0.9033 -0.0862

PART 4
OFFSET -3.8266  7.8448  9.7674
X -0.7120 -0.3872  0.5858
Y -0.5744 -0.1587 -0.8031
Z  0.4039 -0.9082 -0.1094

PART 5
OFFSET -4.6040  8.3092  11.5140
X -0.7098 -0.3836  0.5908
Y -0.4102  0.9069  0.0961
Z -0.5727 -0.1741 -0.8011

PART 6
OFFSET -3.5354  7.0245  11.3104
X -0.7098 -0.3836  0.5908
Y -0.4102  0.9069  0.0961
Z -0.5727 -0.1741 -0.8011

PART 7
OFFSET -6.3597  7.5367  9.7655
X -0.7098 -0.3836  0.5908
Y -0.4102  0.9069  0.0961
Z -0.5727 -0.1741 -0.8011

PART 8
OFFSET -5.8910  6.2446  9.3127
X -0.7098 -0.3836  0.5908
Y -0.4102  0.9069  0.0961
Z -0.5727 -0.1741 -0.8011

PART 9
OFFSET -4.4733  5.0122  9.5726
X -0.7098 -0.3836  0.5908
Y -0.4102  0.9069  0.0961
Z -0.5727 -0.1741 -0.8011

PART 10
OFFSET -6.0093  6.6578  11.5632
X  0.3897  0.0474  0.9197
Y -0.8497 -0.3667  0.3789
Z  0.3553 -0.9291 -0.1026

PART 11
OFFSET -6.5081  5.9437  12.3004
X  0.0324 -0.4473  0.8938
Y -0.9586 -0.2669 -0.0988
Z  0.2828 -0.8536 -0.4374

PART 12
OFFSET -6.5181  4.9043  14.1949
X  0.4673 -0.0236  0.8838
Y -0.7269 -0.5794  0.3688
Z  0.5033 -0.8147 -0.2879

PART 13
OFFSET -5.6641  4.8095  15.5675
X  0.8755  0.2150  0.4328
Y -0.2826 -0.4989  0.8193
Z  0.3921 -0.8396 -0.3760

PART 14
OFFSET -4.7042  4.9951  16.0323
X  0.3362  0.5952  0.7299
Y -0.7188  0.6629 -0.2095
Z -0.6085 -0.4542  0.6507

PART 15
OFFSET -4.6980  6.9028  11.9150
X  0.7803  0.1430  0.6088
Y  0.3132 -0.9320 -0.1825
Z  0.5413  0.3331 -0.7720

PART 16
OFFSET -2.9852  7.0614  13.3730
X  0.3725 -0.6307  0.6807
Y -0.4938 -0.7558 -0.4301
Z  0.7858 -0.1759 -0.5930

PART 17
OFFSET -2.4578  6.1684  14.3368
X -0.3924 -0.8753 -0.2825
Y -0.4257  0.4451 -0.7878
Z  0.8153 -0.1889 -0.5473

PART 18
OFFSET -2.8057  5.3923  14.0864
X -0.6052 -0.0192 -0.7959
Y  0.1087  0.9884 -0.1065
Z  0.7886 -0.1509 -0.5960

PART 19
OFFSET -3.3806  5.3740  13.3303
X  0.2806 -0.5839  0.7618
Y  0.5711  0.7394  0.3564
Z -0.7714  0.3350  0.5410

PART 20
OFFSET -5.2266  6.7992  12.3835
X  0.6339  0.1521  0.7583
Y  0.3842 -0.9129 -0.1380
Z  0.6713  0.3788 -0.6371

PART 21
OFFSET -3.5609  7.2742  14.3221
X  0.3213 -0.8770  0.3574
Y -0.5446 -0.4798 -0.6879
Z  0.7747  0.0264 -0.6318

PART 22
OFFSET -3.0139  5.7812  14.9305
X -0.5038 -0.5696 -0.6494
Y -0.3555  0.8219 -0.4451
Z  0.7873  0.0066 -0.6166

PART 23
OFFSET -3.7121  4.9917  14.0305
X -0.4915  0.6067 -0.6248
Y  0.3653  0.7949  0.4844
Z  0.7906  0.0098 -0.6123

PART 24
OFFSET -4.2452  5.6497  13.3529
X  0.2329 -0.9506  0.2051
Y  0.5467  0.3024  0.7808
Z -0.8043 -0.0697  0.5901

PART 25
OFFSET -5.9668  5.7236  14.9450
X  0.6297 -0.1428  0.7636
Y -0.2596  0.8877  0.3802
Z -0.7321 -0.4377  0.5220

PART 26
OFFSET -5.2639  6.9111  15.4709
X  0.4485 -0.8594  0.2456
Y -0.4464 -0.4534 -0.7715
Z  0.7743  0.2364 -0.5870

PART 27
OFFSET -4.4743  5.3980  15.9032
X -0.2998 -0.5818 -0.7561
Y -0.4849  0.7754 -0.4044
Z  0.8216  0.2453 -0.5146

PART 28
OFFSET -4.8887  4.6758  15.0154
X -0.5923  0.5219 -0.6138
Y  0.1647  0.8242  0.5418
Z  0.7887  0.2198 -0.5742

PART 29
OFFSET -5.5578  5.2653  14.3220
X  0.2660 -0.8521 -0.4508
Y  0.5034 -0.2760  0.8188
Z -0.8221 -0.4447  0.3556

PART 30
OFFSET -4.3200  7.1373  14.9434
X  0.3371 -0.8931  0.2980
Y -0.4400 -0.4293 -0.7887
Z  0.8323  0.1347 -0.5377

PART 31
OFFSET -3.6614  5.3926  15.5256
X -0.4444 -0.4458 -0.7771
Y -0.3781  0.8797 -0.2884
Z  0.8121  0.1657 -0.5595

PART 32
OFFSET -4.3105  4.7415  14.3906
X -0.5494  0.6378 -0.5399
Y  0.2321  0.7371  0.6346
Z  0.8027  0.2233 -0.5530

PART 33
OFFSET -4.9272  5.4650  13.7748
X  0.2217 -0.9741  0.0440
Y  0.5896  0.1698  0.7896
Z -0.7767 -0.1491  0.6120

PART 34
OFFSET -3.9536  5.5680  13.6962
X  0.6559  0.3260 -0.6808
Y -0.3553  0.9291  0.1026
Z  0.6660  0.1745  0.7253

PART 35
OFFSET -4.1782 -8.1897  13.5255
X  0.8866  0.1503 -0.4374
Y  0.1269 -0.9885 -0.0825
Z -0.4447  0.0177 -0.8955

PART 36
OFFSET -4.1782 -8.1897  13.5255
X  0.8866  0.1503 -0.4374
Y  0.1269 -0.9885 -0.0825
Z -0.4447  0.0177 -0.8955

PART 37
OFFSET -0.6325 -7.5886  11.7764
X  0.8866  0.1503 -0.4374
Y  0.1269 -0.9885 -0.0825
Z -0.4447  0.0177 -0.8955

PART 38
OFFSET -2.4859 -7.7087  10.3659
X  0.8866  0.1503 -0.4374
Y  0.1269 -0.9885 -0.0825
Z -0.4447  0.0177 -0.8955

PART 39
OFFSET -0.7992 -7.7086  12.9569
X  0.8866  0.1503 -0.4374
Y  0.1269 -0.9885 -0.0825
Z -0.4447  0.0177 -0.8955

PART 40
OFFSET -0.7604 -7.7351  13.0787
X  0.8866  0.1503 -0.4374
Y  0.1269 -0.9885 -0.0825
Z -0.4447  0.0177 -0.8955

PART 41
OFFSET -4.1344  5.8444  14.1665
X  0.8920  0.0073 -0.4521
Y -0.1438 -0.9433 -0.2990
Z -0.4286  0.3317 -0.8404

PART 42
OFFSET -4.1344  5.8444  14.1665
X  0.8920  0.0073 -0.4521
Y -0.1438 -0.9433 -0.2990
Z -0.4286  0.3317 -0.8404

PART 43
OFFSET  2.5582  5.6093  11.6936
X  0.4286 -0.3317  0.8404
Y -0.1438 -0.9433 -0.2990
Z  0.8920  0.0073 -0.4521

PART 44
OFFSET -0.6325 -7.5886  11.7764
X  0.8866  0.1503 -0.4374
Y  0.1269 -0.9885 -0.0825
Z -0.4447  0.0177 -0.8955

PART 45
OFFSET -6.0573 -7.9373 -2.8236
X -0.7945  0.3632 -0.4866
Y -0.1267 -0.8829 -0.4522
Z -0.5939 -0.2976  0.7475

PART 46
OFFSET  3.5514 -12.3303  3.0616
X  0.6873 -0.3048 -0.6593
Y  0.5984 -0.2770  0.7518
Z -0.4117 -0.9113 -0.0080

PART 47
OFFSET -2.2945 -9.7381  8.6694
X  0.6873 -0.3048 -0.6593
Y  0.5331 -0.4049  0.7429
Z -0.4934 -0.8621 -0.1158

PART 48
OFFSET -2.9899 -7.2508  8.9803
X  0.6849 -0.3006 -0.6638
Y  0.4011  0.9160 -0.0010
Z  0.6083 -0.2656  0.7479

PART 49
OFFSET -4.3943 -7.8668  8.3829
X  0.6849 -0.3006 -0.6638
Y  0.4011  0.9160 -0.0010
Z  0.6083 -0.2656  0.7479

PART 50
OFFSET -4.8267 -9.4581  8.8150
X  0.6849 -0.3006 -0.6638
Y  0.4011  0.9160 -0.0010
Z  0.6083 -0.2656  0.7479

PART 51
OFFSET -4.4016 -8.8037  10.6907
X -0.0225  0.2371 -0.9712
Y  0.9444 -0.3137 -0.0985
Z -0.3280 -0.9194 -0.2168

PART 52
OFFSET -5.1681 -8.2301  11.3116
X  0.3911 -0.4009 -0.8285
Y  0.8530 -0.1801  0.4898
Z -0.3456 -0.8983  0.2715

PART 53
OFFSET -6.0779 -7.2971  13.0354
X -0.1520  0.0312 -0.9879
Y  0.8560 -0.4955 -0.1473
Z -0.4941 -0.8680  0.0486

PART 54
OFFSET -5.7262 -7.2798  14.6160
X -0.7870  0.2618 -0.5586
Y  0.4559 -0.3632 -0.8125
Z -0.4156 -0.8942  0.1665

PART 55
OFFSET -4.8638 -7.5158  15.2263
X -0.2200  0.6928 -0.6868
Y  0.6337  0.6367  0.4393
Z  0.7416 -0.3386 -0.5791

PART 56
OFFSET -3.3050 -9.1544  11.4509
X -0.4299 -0.0121 -0.9028
Y -0.2035 -0.9729  0.1100
Z -0.8796  0.2310  0.4158

PART 57
OFFSET -2.4422 -8.9743  13.5264
X  0.0870 -0.8981 -0.4312
Y  0.5169 -0.3293  0.7902
Z -0.8516 -0.2916  0.4355

PART 58
OFFSET -2.5654 -7.7028  14.1368
X  0.5127 -0.5336  0.6727
Y -0.0107  0.7794  0.6264
Z -0.8585 -0.3284  0.3938

PART 59
OFFSET -3.0200 -7.2297  13.5404
X  0.4630 -0.0758  0.8831
Y -0.2067  0.9596  0.1907
Z -0.8619 -0.2708  0.4287

PART 60
OFFSET -3.4599 -7.1577  12.7014
X -0.0998 -0.5053 -0.8572
Y -0.5629  0.7390 -0.3701
Z  0.8205  0.4456 -0.3582

PART 61
OFFSET -3.9735 -9.1265  11.6997
X -0.2591  0.1806 -0.9488
Y -0.3400 -0.9365 -0.0855
Z -0.9040  0.3004  0.3041

PART 62
OFFSET -3.1741 -9.6606  14.1151
X -0.0050 -0.8868 -0.4622
Y  0.4036 -0.4247  0.8104
Z -0.9149 -0.1825  0.3600

PART 63
OFFSET -3.1656 -8.1509  14.9020
X  0.4024 -0.6090  0.6836
Y  0.1383  0.7785  0.6122
Z -0.9050 -0.1518  0.3975

PART 64
OFFSET -3.7233 -7.3069  13.9546
X  0.3826  0.0278  0.9235
Y -0.0351  0.9993 -0.0156
Z -0.9233 -0.0264  0.3833

PART 65
OFFSET -4.1383 -7.3370  12.9531
X -0.3388 -0.5949 -0.7289
Y -0.2083  0.8029 -0.5585
Z  0.9175 -0.0374 -0.3960

PART 66
OFFSET -5.4698 -8.0446  6.6155
X -0.2951  0.0281 -0.9551
Y  0.3440  0.9357 -0.0788
Z  0.8914 -0.3518 -0.2857

PART 67
OFFSET -5.1480 -9.8325  14.4688
X -0.0633 -0.7866 -0.6142
Y  0.0242 -0.6164  0.7870
Z -0.9977  0.0350  0.0581

PART 68
OFFSET -5.0364 -8.4475  15.5501
X -0.0299 -0.6160  0.7872
Y  0.0678  0.7845  0.6164
Z -0.9972  0.0718  0.0183

PART 69
OFFSET -5.0607 -7.6943  14.5943
X  0.0847 -0.0233  0.9961
Y  0.0464  0.9987  0.0195
Z -0.9953  0.0445  0.0857

PART 70
OFFSET -5.1564 -7.6679  13.4691
X -0.3494 -0.8815 -0.3177
Y  0.0670  0.3148 -0.9468
Z  0.9346 -0.3521 -0.0510

PART 71
OFFSET -4.0670 -9.9826  14.2973
X -0.0369 -0.8255 -0.5632
Y  0.1361 -0.5625  0.8155
Z -0.9900 -0.0465  0.1331

PART 72
OFFSET -3.9949 -8.3700  15.3976
X  0.1851 -0.6373  0.7481
Y  0.1692  0.7705  0.6145
Z -0.9680  0.0129  0.2504

PART 73
OFFSET -4.2652 -7.4392  14.3049
X  0.2058  0.1274  0.9703
Y  0.0828  0.9857 -0.1469
Z -0.9751  0.1106  0.1923

PART 74
OFFSET -4.4913 -7.5835  13.2045
X -0.1484 -0.7343 -0.6624
Y -0.1417  0.6787 -0.7206
Z  0.9787 -0.0131 -0.2047

PART 75
OFFSET  0.0000 -0.0000 -0.0000
X  1.0000 -0.0000  0.0000
Y  0.0000  1.0000  0.0000
Z  0.0000 -0.0000  1.0000

PART 76
OFFSET  0.0000 -0.0000 -0.0000
X  0.9816 -0.0000  0.1908
Y  0.0100  0.9986 -0.0514
Z -0.1905  0.0523  0.9803

PART 77
OFFSET  0.7241  0.2164  4.3481
X  0.9816 -0.0000  0.1908
Y  0.0100  0.9986 -0.0514
Z -0.1905  0.0523  0.9803


FRAME 2051
PART 0
OFFSET  0.0000 -0.0000 -0.0000
X  1.0000 -0.0000  0.0000
Y  0.0000  1.0000  0.0000
Z  0.0000 -0.0000  1.0000

PART 1
OFFSET -4.6318 -0.0000 -1.3770
X  1.0000 -0.0000  0.0000
Y  0.0000  1.0000  0.0000
Z  0.0000 -0.0000  1.0000

PART 2
OFFSET -5.8935  7.9373 -3.1869
X  0.8240  0.2897  0.4870
Y  0.1583 -0.9429  0.2931
Z  0.5441 -0.1644 -0.8228

PART 3
OFFSET  4.0714  11.4405  2.7030
X -0.6885 -0.4276  0.5857
Y -0.5958 -0.1270 -0.7931
Z  0.4135 -0.8950 -0.1673

PART 4
OFFSET -1.7849  7.8038  7.6849
X -0.6885 -0.4276  0.5857
Y -0.6011 -0.1154 -0.7908
Z  0.4057 -0.8966 -0.1775

PART 5
OFFSET -2.4883  8.1433  9.4906
X -0.6861 -0.4244  0.5909
Y -0.4030  0.8979  0.1770
Z -0.6057 -0.1167 -0.7871

PART 6
OFFSET -1.4332  6.8760  9.1525
X -0.6861 -0.4244  0.5909
Y -0.4030  0.8979  0.1770
Z -0.6057 -0.1167 -0.7871

PART 7
OFFSET -4.3169  7.4974  7.7658
X -0.6861 -0.4244  0.5909
Y -0.4030  0.8979  0.1770
Z -0.6057 -0.1167 -0.7871

PART 8
OFFSET -3.8715  6.2405  7.2035
X -0.6861 -0.4244  0.5909
Y -0.4030  0.8979  0.1770
Z -0.6057 -0.1167 -0.7871

PART 9
OFFSET -2.4483  4.9924  7.3166
X -0.6861 -0.4244  0.5909
Y -0.4030  0.8979  0.1770
Z -0.6057 -0.1167 -0.7871

PART 10
OFFSET -3.8958  6.4929  9.4806
X  0.3984 -0.0132  0.9171
Y -0.8475 -0.3877  0.3626
Z  0.3508 -0.9217 -0.1656

PART 11
OFFSET -4.3904  5.7344  10.1750
X  0.0391 -0.5040  0.8628
Y -0.9605 -0.2570 -0.1067
Z  0.2755 -0.8246 -0.4942

PART 12
OFFSET -4.3866  4.5752  11.9987
X  0.4754 -0.0819  0.8760
Y -0.7256 -0.5996  0.3377
Z  0.4976 -0.7961 -0.3445

PART 13
OFFSET -3.5202  4.3896  13.3541
X  0.8802  0.1840  0.4374
Y -0.2768 -0.5497  0.7882
Z  0.3854 -0.8149 -0.4330

PART 14
OFFSET -2.5554  4.5418  13.8207
X  0.3452  0.5459  0.7634
Y -0.7182  0.6772 -0.1596
Z -0.6041 -0.4932  0.6259

PART 15
OFFSET -2.5803  6.7107  9.8350
X  0.7865  0.1011  0.6093
Y  0.3080 -0.9193 -0.2451
Z  0.5353  0.3804 -0.7541

PART 16
OFFSET -0.8534  6.7697  11.2838
X  0.3765 -0.6744  0.6351
Y -0.5006 -0.7250 -0.4731
Z  0.7795 -0.1398 -0.6105

PART 17
OFFSET -0.3204  5.8148  12.1830
X -0.3983 -0.8541 -0.3345
Y -0.4313  0.4962 -0.7535
Z  0.8095 -0.1558 -0.5660

PART 18
OFFSET -0.6735  5.0576  11.8864
X -0.6126  0.0340 -0.7896
Y  0.1114  0.9928 -0.0437
Z  0.7825 -0.1147 -0.6120

PART 19
OFFSET -1.2555  5.0898  11.1362
X  0.2855 -0.6327  0.7199
Y  0.5772  0.7132  0.3978
Z -0.7651  0.3019  0.5688

PART 20
OFFSET -3.1049  6.5788  10.3007
X  0.6415  0.1010  0.7605
Y  0.3795 -0.9033 -0.2001
Z  0.6667  0.4169 -0.6178

PART 21
OFFSET -1.4195  6.9227  12.2500
X  0.3213 -0.8992  0.2971
Y -0.5528 -0.4328 -0.7121
Z  0.7689  0.0646 -0.6361

PART 22
OFFSET -0.8724  5.3919  12.7558
X -0.5120 -0.5250 -0.6799
Y -0.3566  0.8500 -0.3879
Z  0.7815  0.0439 -0.6223

PART 23
OFFSET -1.5820  4.6643  11.8135
X -0.4950  0.6472 -0.5798
Y  0.3728  0.7609  0.5311
Z  0.7849  0.0468 -0.6179

PART 24
OFFSET -2.1188  5.3662  11.1848
X  0.2312 -0.9626  0.1412
Y  0.5550  0.2498  0.7934
Z -0.7990 -0.1051  0.5920

PART 25
OFFSET -3.8253  5.3427  12.7947
X  0.6363 -0.1937  0.7468
Y -0.2528  0.8622  0.4390
Z -0.7289 -0.4681  0.4996

PART 26
OFFSET -3.1131  6.4918  13.3892
X  0.4475 -0.8748  0.1854
Y -0.4552 -0.4014 -0.7948
Z  0.7697  0.2713 -0.5779

PART 27
OFFSET -2.3251  4.9515  13.7157
X -0.3090 -0.5310 -0.7890
Y -0.4857  0.8014 -0.3490
Z  0.8177  0.2754 -0.5055

PART 28
OFFSET -2.7505  4.2893  12.7872
X -0.5961  0.5622 -0.5733
Y  0.1728  0.7871  0.5921
Z  0.7841  0.2539 -0.5663

PART 29
OFFSET -3.4237  4.9243  12.1396
X  0.2586 -0.8221 -0.5072
Y  0.5100 -0.3297  0.7945
Z -0.8204 -0.4641  0.3340

PART 30
OFFSET -2.1732  6.7485  12.8684
X  0.3365 -0.9114  0.2367
Y -0.4490 -0.3762 -0.8105
Z  0.8278  0.1665 -0.5358

PART 31
OFFSET -1.5158  4.9679  13.3308
X -0.4533 -0.3934 -0.7999
Y -0.3775  0.8976 -0.2275
Z  0.8075  0.1988 -0.5554

PART 32
OFFSET -2.1779  4.3933  12.1624
X -0.5520  0.6729 -0.4924
Y  0.2407  0.6940  0.6785
Z  0.7984  0.2560 -0.5451

PART 33
OFFSET -2.7976  5.1568  11.6004
X  0.2184 -0.9756 -0.0210
Y  0.5976  0.1168  0.7933
Z -0.7715 -0.1858  0.6085

PART 34
OFFSET -1.8244  5.2617  11.5193
X  0.6508  0.3671 -0.6646
Y -0.3508  0.9217  0.1656
Z  0.6733  0.1254  0.7286

PART 35
OFFSET -4.1782 -8.1897  13.5255
X  0.8866  0.1503 -0.4374
Y  0.1269 -0.9885 -0.0825
Z -0.4447  0.0177 -0.8955

PART 36
OFFSET -4.1782 -8.1897  13.5255
X  0.8866  0.1503 -0.4374
Y  0.1269 -0.9885 -0.0825
Z -0.4447  0.0177 -0.8955

PART 37
OFFSET -0.6325 -7.5886  11.7764
X  0.8866  0.1503 -0.4374
Y  0.1269 -0.9885 -0.0825
Z -0.4447  0.0177 -0.8955

PART 38
OFFSET -2.4859 -7.7087  10.3659
X  0.8866  0.1503 -0.4374
Y  0.1269 -0.9885 -0.0825
Z -0.4447  0.0177 -0.8955

PART 39
OFFSET -0.7992 -7.7086  12.9569
X  0.8866  0.1503 -0.4374
Y  0.1269 -0.9885 -0.0825
Z -0.4447  0.0177 -0.8955

PART 40
OFFSET -0.7604 -7.7351  13.0787
X  0.8866  0.1503 -0.4374
Y  0.1269 -0.9885 -0.0825
Z -0.4447  0.0177 -0.8955

PART 41
OFFSET -1.9998  5.5077  12.0083
X  0.8877  0.0336 -0.4591
Y -0.1501 -0.9217 -0.3577
Z -0.4352  0.3865 -0.8132

PART 42
OFFSET -1.9998  5.5077  12.0083
X  0.8877  0.0336 -0.4591
Y -0.1501 -0.9217 -0.3577
Z -0.4352  0.3865 -0.8132

PART 43
OFFSET  4.6687  5.4114  9.4618
X  0.4352 -0.3865  0.8132
Y -0.1501 -0.9217 -0.3577
Z  0.8877  0.0336 -0.4591

PART 44
OFFSET -0.6325 -7.5886  11.7764
X  0.8866  0.1503 -0.4374
Y  0.1269 -0.9885 -0.0825
Z -0.4447  0.0177 -0.8955

PART 45
OFFSET -6.0573 -7.9373 -2.8236
X -0.7945  0.3632 -0.4866
Y -0.1267 -0.8829 -0.4522
Z -0.5939 -0.2976  0.7475

PART 46
OFFSET  3.5514 -12.3303  3.0616
X  0.6873 -0.3048 -0.6593
Y  0.5984 -0.2770  0.7518
Z -0.4117 -0.9113 -0.0080

PART 47
OFFSET -2.2945 -9.7381  8.6694
X  0.6873 -0.3048 -0.6593
Y  0.5331 -0.4049  0.7429
Z -0.4934 -0.8621 -0.1158

PART 48
OFFSET -2.9899 -7.2508  8.9803
X  0.6849 -0.3006 -0.6638
Y  0.4011  0.9160 -0.0010
Z  0.6083 -0.2656  0.7479

PART 49
OFFSET -4.3943 -7.8668  8.3829
X  0.6849 -0.3006 -0.6638
Y  0.4011  0.9160 -0.0010
Z  0.6083 -0.2656  0.7479

PART 50
OFFSET -4.8267 -9.4581  8.8150
X  0.6849 -0.3006 -0.6638
Y  0.4011  0.9160 -0.0010
Z  0.6083 -0.2656  0.7479

PART 51
OFFSET -4.4016 -8.8037  10.6907
X -0.0225  0.2371 -0.9712
Y  0.9444 -0.3137 -0.0985
Z -0.3280 -0.9194 -0.2168

PART 52
OFFSET -5.1681 -8.2301  11.3116
X  0.3911 -0.4009 -0.8285
Y  0.8530 -0.1801  0.4898
Z -0.3456 -0.8983  0.2715

PART 53
OFFSET -6.0779 -7.2971  13.0354
X -0.1520  0.0312 -0.9879
Y  0.8560 -0.4955 -0.1473
Z -0.4941 -0.8680  0.0486

PART 54
OFFSET -5.7262 -7.2798  14.6160
X -0.7870  0.2618 -0.5586
Y  0.4559 -0.3632 -0.8125
Z -0.4156 -0.8942  0.1665

PART 55
OFFSET -4.8638 -7.5158  15.2263
X -0.2200  0.6928 -0.6868
Y  0.6337  0.6367  0.4393
Z  0.7416 -0.3386 -0.5791

PART 56
OFFSET -3.3050 -9.1544  11.4509
X -0.4299 -0.0121 -0.9028
Y -0.2035 -0.9729  0.1100
Z -0.8796  0.2310  0.4158

PART 57
OFFSET -2.4422 -8.9743  13.5264
X  0.0870 -0.8981 -0.4312
Y  0.5169 -0.3293  0.7902
Z -0.8516 -0.2916  0.4355

PART 58
OFFSET -2.5654 -7.7028  14.1368
X  0.5127 -0.5336  0.6727
Y -0.0107  0.7794  0.6264
Z -0.8585 -0.3284  0.3938

PART 59
OFFSET -3.0200 -7.2297  13.5404
X  0.4630 -0.0758  0.8831
Y -0.2067  0.9596  0.1907
Z -0.8619 -0.2708  0.4287

PART 60
OFFSET -3.4599 -7.1577  12.7014
X -0.0998 -0.5053 -0.8572
Y -0.5629  0.7390 -0.3701
Z  0.8205  0.4456 -0.3582

PART 61
OFFSET -3.9735 -9.1265  11.6997
X -0.2591  0.1806 -0.9488
Y -0.3400 -0.9365 -0.0855
Z -0.9040  0.3004  0.3041

PART 62
OFFSET -3.1741 -9.6606  14.1151
X -0.0050 -0.8868 -0.4622
Y  0.4036 -0.4247  0.8104
Z -0.9149 -0.1825  0.3600

PART 63
OFFSET -3.1656 -8.1509  14.9020
X  0.4024 -0.6090  0.6836
Y  0.1383  0.7785  0.6122
Z -0.9050 -0.1518  0.3975

PART 64
OFFSET -3.7233 -7.3069  13.9546
X  0.3826  0.0278  0.9235
Y -0.0351  0.9993 -0.0156
Z -0.9233 -0.0264  0.3833

PART 65
OFFSET -4.1383 -7.3370  12.9531
X -0.3388 -0.5949 -0.7289
Y -0.2083  0.8029 -0.5585
Z  0.9175 -0.0374 -0.3960

PART 66
OFFSET -5.4698 -8.0446  6.6155
X -0.2951  0.0281 -0.9551
Y  0.3440  0.9357 -0.0788
Z  0.8914 -0.3518 -0.2857

PART 67
OFFSET -5.1480 -9.8325  14.4688
X -0.0633 -0.7866 -0.6142
Y  0.0242 -0.6164  0.7870
Z -0.9977  0.0350  0.0581

PART 68
OFFSET -5.0364 -8.4475  15.5501
X -0.0299 -0.6160  0.7872
Y  0.0678  0.7845  0.6164
Z -0.9972  0.0718  0.0183

PART 69
OFFSET -5.0607 -7.6943  14.5943
X  0.0847 -0.0233  0.9961
Y  0.0464  0.9987  0.0195
Z -0.9953  0.0445  0.0857

PART 70
OFFSET -5.1564 -7.6679  13.4691
X -0.3494 -0.8815 -0.3177
Y  0.0670  0.3148 -0.9468
Z  0.9346 -0.3521 -0.0510

PART 71
OFFSET -4.0670 -9.9826  14.2973
X -0.0369 -0.8255 -0.5632
Y  0.1361 -0.5625  0.8155
Z -0.9900 -0.0465  0.1331

PART 72
OFFSET -3.9949 -8.3700  15.3976
X  0.1851 -0.6373  0.7481
Y  0.1692  0.7705  0.6145
Z -0.9680  0.0129  0.2504

PART 73
OFFSET -4.2652 -7.4392  14.3049
X  0.2058  0.1274  0.9703
Y  0.0828  0.9857 -0.1469
Z -0.9751  0.1106  0.1923

PART 74
OFFSET -4.4913 -7.5835  13.2045
X -0.1484 -0.7343 -0.6624
Y -0.1417  0.6787 -0.7206
Z  0.9787 -0.0131 -0.2047

PART 75
OFFSET  0.0000 -0.0000 -0.0000
X  1.0000 -0.0000  0.0000
Y  0.0000  1.0000  0.0000
Z  0.0000 -0.0000  1.0000

PART 76
OFFSET  0.0000 -0.0000 -0.0000
X  0.9837  0.0000  0.1796
Y  0.0080  0.9990 -0.0438
Z -0.1794  0.0445  0.9828

PART 77
OFFSET  0.7733  0.1841  4.3411
X  0.9837  0.0000  0.1796
Y  0.0080  0.9990 -0.0438
Z -0.1794  0.0445  0.9828


FRAME 2052
PART 0
OFFSET  0.0000 -0.0000 -0.0000
X  1.0000 -0.0000  0.0000
Y  0.0000  1.0000  0.0000
Z  0.0000 -0.0000  1.0000

PART 1
OFFSET -4.6318 -0.0000 -1.3770
X  1.0000 -0.0000  0.0000
Y  0.0000  1.0000  0.0000
Z  0.0000 -0.0000  1.0000

PART 2
OFFSET -4.9642  7.9373 -3.1869
X  0.9461  0.3151  0.0748
Y  0.3002 -0.9400  0.1624
Z  0.1215 -0.1312 -0.9839

PART 3
OFFSET  6.4781  11.7476 -2.2828
X -0.4726 -0.4786  0.7400
Y -0.8210 -0.0659 -0.5671
Z  0.3202 -0.8756 -0.3618

PART 4
OFFSET  2.4580  7.6772  4.0111
X -0.4726 -0.4786  0.7400
Y -0.7849 -0.1532 -0.6004
Z  0.4007 -0.8646 -0.3032

PART 5
OFFSET  2.3779  7.8635  5.9681
X -0.4686 -0.4758  0.7443
Y -0.3070  0.8778  0.3678
Z -0.8283 -0.0562 -0.5574

PART 6
OFFSET  3.2434  6.6352  5.2094
X -0.4686 -0.4758  0.7443
Y -0.3070  0.8778  0.3678
Z -0.8283 -0.0562 -0.5574

PART 7
OFFSET  0.0802  7.3482  4.8766
X -0.4686 -0.4758  0.7443
Y -0.3070  0.8778  0.3678
Z -0.8283 -0.0562 -0.5574

PART 8
OFFSET  0.2967  6.1444  4.1031
X -0.4686 -0.4758  0.7443
Y -0.3070  0.8778  0.3678
Z -0.8283 -0.0562 -0.5574

PART 9
OFFSET  1.6559  4.9008  3.6535
X -0.4686 -0.4758  0.7443
Y -0.3070  0.8778  0.3678
Z -0.8283 -0.0562 -0.5574

PART 10
OFFSET  1.0091  6.2100  6.2797
X  0.4205 -0.1121  0.9003
Y -0.8363 -0.4327  0.3367
Z  0.3518 -0.8945 -0.2757

PART 11
OFFSET  0.5356  5.3747  6.8964
X  0.0627 -0.5968  0.7999
Y -0.9614 -0.2513 -0.1122
Z  0.2680 -0.7620 -0.5895

PART 12
OFFSET  0.5898  4.0194  8.5786
X  0.4969 -0.1753  0.8499
Y -0.7139 -0.6395  0.2854
Z  0.4935 -0.7486 -0.4428

PART 13
OFFSET  1.4898  3.6908  9.8841
X  0.8895  0.1412  0.4345
Y -0.2546 -0.6365  0.7281
Z  0.3793 -0.7583 -0.5302

PART 14
OFFSET  2.4648  3.7979  10.3421
X  0.3605  0.4602  0.8114
Y -0.7256  0.6849 -0.0660
Z -0.5861 -0.5649  0.5808

PART 15
OFFSET  2.3315  6.3976  6.6253
X  0.8004  0.0389  0.5982
Y  0.3071 -0.8836 -0.3534
Z  0.5148  0.4666 -0.7192

PART 16
OFFSET  4.0925  6.3087  8.0308
X  0.3955 -0.7380  0.5468
Y -0.5078 -0.6717 -0.5393
Z  0.7653 -0.0644 -0.6404

PART 17
OFFSET  4.6524  5.2639  8.8049
X -0.4015 -0.8147 -0.4184
Y -0.4522  0.5736 -0.6830
Z  0.7964 -0.0851 -0.5987

PART 18
OFFSET  4.2964  4.5416  8.4340
X -0.6317  0.1169 -0.7663
Y  0.1048  0.9924  0.0650
Z  0.7681 -0.0393 -0.6391

PART 19
OFFSET  3.6963  4.6526  7.7059
X  0.3063 -0.7067  0.6378
Y  0.5827  0.6690  0.4614
Z -0.7528  0.2303  0.6167

PART 20
OFFSET  1.8191  6.2103  7.0856
X  0.6591  0.0208  0.7517
Y  0.3795 -0.8722 -0.3086
Z  0.6493  0.4887 -0.5828

PART 21
OFFSET  3.5492  6.3484  9.0210
X  0.3334 -0.9240  0.1872
Y -0.5674 -0.3552 -0.7429
Z  0.7529  0.1414 -0.6427

PART 22
OFFSET  4.1168  4.7752  9.3397
X -0.5253 -0.4501 -0.7221
Y -0.3705  0.8850 -0.2820
Z  0.7660  0.1194 -0.6317

PART 23
OFFSET  3.3887  4.1515  8.3389
X -0.5125  0.7037 -0.4921
Y  0.3813  0.6999  0.6039
Z  0.7694  0.1218 -0.6270

PART 24
OFFSET  2.8329  4.9147  7.8052
X  0.2399 -0.9704  0.0273
Y  0.5727  0.1642  0.8032
Z -0.7839 -0.1770  0.5951

PART 25
OFFSET  1.1660  4.6979  9.4420
X  0.6552 -0.2706  0.7053
Y -0.2468  0.8057  0.5384
Z -0.7140 -0.5268  0.4612

PART 26
OFFSET  1.8861  5.7792  10.1443
X  0.4567 -0.8864  0.0760
Y -0.4721 -0.3139 -0.8238
Z  0.7540  0.3403 -0.5618

PART 27
OFFSET  2.6902  4.2186  10.2781
X -0.3251 -0.4421 -0.8360
Y -0.4984  0.8313 -0.2458
Z  0.8037  0.3368 -0.4906

PART 28
OFFSET  2.2461  3.6607  9.2916
X -0.6129  0.6177 -0.4928
Y  0.1828  0.7175  0.6721
Z  0.7688  0.3219 -0.5526

PART 29
OFFSET  1.5539  4.3584  8.7351
X  0.2508 -0.7583 -0.6018
Y  0.5309 -0.4121  0.7405
Z -0.8095 -0.5052  0.2992

PART 30
OFFSET  2.8116  6.1001  9.6336
X  0.3472 -0.9294  0.1254
Y -0.4663 -0.2871 -0.8367
Z  0.8136  0.2320 -0.5331

PART 31
OFFSET  3.4898  4.2845  9.8786
X -0.4703 -0.3054 -0.8280
Y -0.3878  0.9143 -0.1169
Z  0.7927  0.2661 -0.5484

PART 32
OFFSET  2.8029  3.8384  8.6692
X -0.5674  0.7191 -0.4011
Y  0.2533  0.6159  0.7460
Z  0.7835  0.3217 -0.5316

PART 33
OFFSET  2.1656  4.6548  8.2107
X  0.2232 -0.9654 -0.1349
Y  0.6159  0.0324  0.7871
Z -0.7555 -0.2588  0.6018

PART 34
OFFSET  3.1359  4.7760  8.1190
X  0.6325  0.4443 -0.6345
Y -0.3518  0.8945  0.2757
Z  0.6901  0.0488  0.7221

PART 35
OFFSET -0.9826 -7.4876  11.4097
X  0.9004  0.0934 -0.4249
Y  0.1116 -0.9936  0.0182
Z -0.4205 -0.0638 -0.9051

PART 36
OFFSET -0.9826 -7.4876  11.4097
X  0.9004  0.0934 -0.4249
Y  0.1116 -0.9936  0.0182
Z -0.4205 -0.0638 -0.9051

PART 37
OFFSET  2.6182 -7.1142  9.7104
X  0.9004  0.0934 -0.4249
Y  0.1116 -0.9936  0.0182
Z -0.4205 -0.0638 -0.9051

PART 38
OFFSET  0.8010 -7.3448  8.2670
X  0.9004  0.0934 -0.4249
Y  0.1116 -0.9936  0.0182
Z -0.4205 -0.0638 -0.9051

PART 39
OFFSET  2.4182 -7.1150  10.8919
X  0.9004  0.0934 -0.4249
Y  0.1116 -0.9936  0.0182
Z -0.4205 -0.0638 -0.9051

PART 40
OFFSET  2.4533 -7.1300  11.0167
X  0.9004  0.0934 -0.4249
Y  0.1116 -0.9936  0.0182
Z -0.4205 -0.0638 -0.9051

PART 41
OFFSET  2.9710  4.9645  8.6365
X  0.8762  0.0919 -0.4732
Y -0.1537 -0.8772 -0.4549
Z -0.4568  0.4712 -0.7545

PART 42
OFFSET  2.9710  4.9645  8.6365
X  0.8762  0.0919 -0.4732
Y -0.1537 -0.8772 -0.4549
Z -0.4568  0.4712 -0.7545

PART 43
OFFSET  9.5764  5.2075  5.9396
X  0.4568 -0.4712  0.7545
Y -0.1537 -0.8772 -0.4549
Z  0.8762  0.0919 -0.4732

PART 44
OFFSET  2.6182 -7.1142  9.7104
X  0.9004  0.0934 -0.4249
Y  0.1116 -0.9936  0.0182
Z -0.4205 -0.0638 -0.9051

PART 45
OFFSET -5.5533 -8.5064 -2.8236
X -0.9103  0.3355 -0.2426
Y -0.2389 -0.9042 -0.3539
Z -0.3381 -0.2642  0.9033

PART 46
OFFSET  5.4555 -12.5636  0.1102
X  0.5701 -0.3621 -0.7375
Y  0.7295 -0.1898  0.6571
Z -0.3779 -0.9126  0.1559

PART 47
OFFSET  0.6063 -9.4840  6.3826
X  0.5701 -0.3621 -0.7375
Y  0.6372 -0.3717  0.6751
Z -0.5185 -0.8549  0.0188

PART 48
OFFSET -0.1015 -6.9874  6.5636
X  0.5668 -0.3584 -0.7418
Y  0.3658  0.9163 -0.1633
Z  0.7382 -0.1788  0.6504

PART 49
OFFSET -1.5690 -7.6805  6.2897
X  0.5668 -0.3584 -0.7418
Y  0.3658  0.9163 -0.1633
Z  0.7382 -0.1788  0.6504

PART 50
OFFSET -1.8686 -9.2243  6.9477
X  0.5668 -0.3584 -0.7418
Y  0.3658  0.9163 -0.1633
Z  0.7382 -0.1788  0.6504

PART 51
OFFSET -1.1415 -8.3739  8.6434
X  0.0074  0.1407 -0.9900
Y  0.9410 -0.3359 -0.0407
Z -0.3383 -0.9313 -0.1349

PART 52
OFFSET -1.9140 -7.7307  9.1835
X  0.4058 -0.4862 -0.7739
Y  0.8365 -0.1437  0.5288
Z -0.3684 -0.8620  0.3483

PART 53
OFFSET -2.8526 -6.6193  10.7814
X -0.1252 -0.0638 -0.9901
Y  0.8508 -0.5203 -0.0740
Z -0.5104 -0.8516  0.1194

PART 54
OFFSET -2.5426 -6.4519  12.3620
X -0.7672  0.2173 -0.6035
Y  0.4708 -0.4481 -0.7599
Z -0.4355 -0.8672  0.2415

PART 55
OFFSET -1.7011 -6.6396  13.0164
X -0.1896  0.6251 -0.7572
Y  0.6330  0.6673  0.3924
Z  0.7506 -0.4049 -0.5221

PART 56
OFFSET -0.0718 -8.6645  9.4648
X -0.4060 -0.0944 -0.9090
Y -0.2234 -0.9542  0.1989
Z -0.8861  0.2839  0.3663

PART 57
OFFSET  0.7388 -8.2940  11.5361
X  0.0826 -0.9373 -0.3386
Y  0.4899 -0.2576  0.8328
Z -0.8678 -0.2347  0.4379

PART 58
OFFSET  0.6217 -6.9670  12.0155
X  0.4852 -0.4724  0.7358
Y -0.0136  0.8373  0.5466
Z -0.8743 -0.2752  0.3998

PART 59
OFFSET  0.1915 -6.5481  11.3631
X  0.4381  0.0045  0.8989
Y -0.1948  0.9767  0.0900
Z -0.8776 -0.2145  0.4288

PART 60
OFFSET -0.2246 -6.5524  10.5091
X -0.0859 -0.5856 -0.8061
Y -0.5398  0.7073 -0.4563
Z  0.8374  0.3959 -0.3769

PART 61
OFFSET -0.7460 -8.6022  9.6908
X -0.2307  0.0903 -0.9688
Y -0.3540 -0.9352 -0.0029
Z -0.9063  0.3423  0.2477

PART 62
OFFSET -0.0204 -8.9081  12.1684
X -0.0083 -0.9277 -0.3731
Y  0.3745 -0.3489  0.8591
Z -0.9272 -0.1326  0.3503

PART 63
OFFSET -0.0063 -7.3286  12.8037
X  0.3734 -0.5447  0.7509
Y  0.1357  0.8328  0.5366
Z -0.9177 -0.0985  0.3849

PART 64
OFFSET -0.5238 -6.5737  11.7630
X  0.3584  0.1128  0.9267
Y -0.0171  0.9933 -0.1143
Z -0.9334  0.0251  0.3580

PART 65
OFFSET -0.9125 -6.6960  10.7579
X -0.3298 -0.6586 -0.6764
Y -0.1793  0.7471 -0.6400
Z  0.9269 -0.0898 -0.3645

PART 66
OFFSET -2.0879 -8.0034  4.4852
X -0.2691 -0.0616 -0.9611
Y  0.3623  0.9182 -0.1603
Z  0.8923 -0.3914 -0.2248

PART 67
OFFSET -2.0057 -9.0150  12.4817
X -0.0609 -0.8422 -0.5357
Y -0.0075 -0.5363  0.8440
Z -0.9981  0.0554  0.0263

PART 68
OFFSET -1.8985 -7.5322  13.4250
X -0.0616 -0.5351  0.8426
Y  0.0652  0.8402  0.5383
Z -0.9960  0.0881 -0.0168

PART 69
OFFSET -1.8842 -6.8764  12.3996
X  0.0579  0.0735  0.9956
Y  0.0634  0.9950 -0.0771
Z -0.9963  0.0676  0.0529

PART 70
OFFSET -1.9496 -6.9594  11.2751
X -0.3563 -0.9031 -0.2396
Y  0.0975  0.2191 -0.9708
Z  0.9293 -0.3693  0.0100

PART 71
OFFSET -0.9233 -9.1974  12.3561
X -0.0365 -0.8762 -0.4805
Y  0.1045 -0.4816  0.8702
Z -0.9939 -0.0185  0.1092

PART 72
OFFSET -0.8521 -7.4856  13.2948
X  0.1540 -0.5633  0.8118
Y  0.1664  0.8246  0.5407
Z -0.9740  0.0518  0.2207

PART 73
OFFSET -1.0769 -6.6628  12.1091
X  0.1823  0.2191  0.9585
Y  0.1039  0.9651 -0.2403
Z -0.9777  0.1434  0.1531

PART 74
OFFSET -1.2764 -6.9113  11.0223
X -0.1436 -0.7936 -0.5913
Y -0.1106  0.6066 -0.7873
Z  0.9834 -0.0477 -0.1749

PART 75
OFFSET  0.0000 -0.0000 -0.0000
X  1.0000 -0.0000  0.0000
Y  0.0000  1.0000  0.0000
Z  0.0000 -0.0000  1.0000

PART 76
OFFSET  0.0000 -0.0000 -0.0000
X  0.9886 -0.0000  0.1504
Y  0.0037  0.9997 -0.0243
Z -0.1503  0.0246  0.9883

PART 77
OFFSET  0.9012  0.1016  4.3191
X  0.9886 -0.0000  0.1504
Y  0.0037  0.9997 -0.0243
Z -0.1503  0.0246  0.9883


FRAME 2053
PART 0
OFFSET  0.0000 -0.0000 -0.0000
X  1.0000 -0.0000  0.0000
Y  0.0000  1.0000  0.0000
Z  0.0000 -0.0000  1.0000

PART 1
OFFSET -4.6318 -0.0000 -1.3770
X  1.0000 -0.0000  0.0000
Y  0.0000  1.0000  0.0000
Z  0.0000 -0.0000  1.0000

PART 2
OFFSET -3.8551  7.9373 -3.1869
X  0.8849  0.3198 -0.3387
Y  0.3283 -0.9440 -0.0337
Z -0.3305 -0.0814 -0.9403

PART 3
OFFSET  6.8462  11.8053 -7.2834
X  0.0001 -0.5116  0.8592
Y -0.9935 -0.0980 -0.0582
Z  0.1139 -0.8536 -0.5083

PART 4
OFFSET  6.8475  7.4536  0.0245
X  0.0001 -0.5116  0.8592
Y -0.9245 -0.3276 -0.1949
Z  0.3812 -0.7943 -0.4730

PART 5
OFFSET  7.7948  7.6079  1.7419
X  0.0058 -0.5087  0.8609
Y -0.0997  0.8564  0.5067
Z -0.9950 -0.0887 -0.0458

PART 6
OFFSET  8.1783  6.4344  0.5977
X  0.0058 -0.5087  0.8609
Y -0.0997  0.8564  0.5067
Z -0.9950 -0.0887 -0.0458

PART 7
OFFSET  5.2846  6.9963  1.9891
X  0.0058 -0.5087  0.8609
Y -0.0997  0.8564  0.5067
Z -0.9950 -0.0887 -0.0458

PART 8
OFFSET  5.1065  5.8157  1.1714
X  0.0058 -0.5087  0.8609
Y -0.0997  0.8564  0.5067
Z -0.9950 -0.0887 -0.0458

PART 9
OFFSET  6.0726  4.6467  0.0328
X  0.0058 -0.5087  0.8609
Y -0.0997  0.8564  0.5067
Z -0.9950 -0.0887 -0.0458

PART 10
OFFSET  6.8479  5.8852  2.6585
X  0.4410 -0.2283  0.8680
Y -0.8249 -0.4841  0.2918
Z  0.3536 -0.8447 -0.4018

PART 11
OFFSET  6.3954  4.9685  3.1656
X  0.0854 -0.6990  0.7100
Y -0.9613 -0.2450 -0.1256
Z  0.2618 -0.6718 -0.6929

PART 12
OFFSET  6.4982  3.3982  4.6466
X  0.5168 -0.2831  0.8079
Y -0.7018 -0.6806  0.2104
Z  0.4903 -0.6758 -0.5504

PART 13
OFFSET  7.4292  2.9061  5.8767
X  0.8975  0.0913  0.4314
Y -0.2331 -0.7323  0.6399
Z  0.3743 -0.6749 -0.6359

PART 14
OFFSET  8.4130  2.9615  6.3251
X  0.3740  0.3500  0.8588
Y -0.7329  0.6790  0.0424
Z -0.5683 -0.6453  0.5105

PART 15
OFFSET  8.1759  6.0396  2.9994
X  0.8129 -0.0333  0.5815
Y  0.3071 -0.8239 -0.4764
Z  0.4949  0.5658 -0.6595

PART 16
OFFSET  9.9678  5.7814  4.3436
X  0.4138 -0.8007  0.4333
Y -0.5136 -0.5983 -0.6151
Z  0.7517  0.0320 -0.6587

PART 17
OFFSET  10.5536  4.6479  4.9570
X -0.4034 -0.7550 -0.5169
Y -0.4720  0.6557 -0.5894
Z  0.7839  0.0062 -0.6208

PART 18
OFFSET  10.1960  3.9784  4.4987
X -0.6493  0.2123 -0.7303
Y  0.0975  0.9755  0.1970
Z  0.7543  0.0567 -0.6541

PART 19
OFFSET  9.5791  4.1802  3.8049
X  0.3263 -0.7830  0.5295
Y  0.5867  0.6070  0.5360
Z -0.7411  0.1357  0.6575

PART 20
OFFSET  7.6753  5.7856  3.4403
X  0.6751 -0.0737  0.7340
Y  0.3803 -0.8178 -0.4319
Z  0.6321  0.5708 -0.5241

PART 21
OFFSET  9.4459  5.6801  5.3409
X  0.3455 -0.9369  0.0531
Y -0.5804 -0.2578 -0.7725
Z  0.7375  0.2361 -0.6328

PART 22
OFFSET  10.0341  4.0849  5.4313
X -0.5370 -0.3541 -0.7657
Y -0.3843  0.9107 -0.1516
Z  0.7510  0.2129 -0.6251

PART 23
OFFSET  9.2898  3.5942  4.3701
X -0.5292  0.7580 -0.3814
Y  0.3882  0.6159  0.6855
Z  0.7545  0.2147 -0.6202

PART 24
OFFSET  8.7159  4.4163  3.9565
X  0.2489 -0.9623 -0.1096
Y  0.5886  0.0604  0.8062
Z -0.7692 -0.2652  0.5814

PART 25
OFFSET  7.0870  3.9600  5.5822
X  0.6728 -0.3561  0.6485
Y -0.2421  0.7223  0.6478
Z -0.6991 -0.5928  0.3998

PART 26
OFFSET  7.8127  4.9444  6.4101
X  0.4660 -0.8831 -0.0544
Y -0.4872 -0.2047 -0.8490
Z  0.7386  0.4222 -0.5256

PART 27
OFFSET  8.6332  3.3896  6.3143
X -0.3393 -0.3284 -0.8815
Y -0.5110  0.8511 -0.1204
Z  0.7898  0.4096 -0.4566

PART 28
OFFSET  8.1727  2.9655  5.2704
X -0.6289  0.6717 -0.3917
Y  0.1911  0.6218  0.7595
Z  0.7537  0.4028 -0.5193

PART 29
OFFSET  7.4624  3.7241  4.8280
X  0.2442 -0.6667 -0.7042
Y  0.5505 -0.5025  0.6667
Z -0.7983 -0.5505  0.2443

PART 30
OFFSET  8.7240  5.3424  5.9289
X  0.3580 -0.9337 -0.0091
Y -0.4819 -0.1764 -0.8583
Z  0.7998  0.3116 -0.5131

PART 31
OFFSET  9.4233  3.5184  5.9112
X -0.4855 -0.1957 -0.8520
Y -0.3983  0.9171  0.0163
Z  0.7782  0.3473 -0.5232

PART 32
OFFSET  8.7141  3.2325  4.6666
X -0.5823  0.7602 -0.2880
Y  0.2640  0.5119  0.8174
Z  0.7689  0.4000 -0.4988

PART 33
OFFSET  8.0599  4.0960  4.3363
X  0.2287 -0.9355 -0.2694
Y  0.6326 -0.0675  0.7715
Z -0.7399 -0.3469  0.5764

PART 34
OFFSET  9.0269  4.2398  4.2423
X  0.6146  0.5336 -0.5810
Y -0.3536  0.8447  0.4018
Z  0.7052 -0.0415  0.7078

PART 35
OFFSET  3.9287 -6.4523  8.2848
X  0.9135  0.0082 -0.4069
Y  0.0816 -0.9832  0.1633
Z -0.3987 -0.1823 -0.8988

PART 36
OFFSET  3.9287 -6.4523  8.2848
X  0.9135  0.0082 -0.4069
Y  0.0816 -0.9832  0.1633
Z -0.3987 -0.1823 -0.8988

PART 37
OFFSET  7.5817 -6.4194  6.6577
X  0.9135  0.0082 -0.4069
Y  0.0816 -0.9832  0.1633
Z -0.3987 -0.1823 -0.8988

PART 38
OFFSET  5.7963 -6.8081  5.2085
X  0.9135  0.0082 -0.4069
Y  0.0816 -0.9832  0.1633
Z -0.3987 -0.1823 -0.8988

PART 39
OFFSET  7.3513 -6.2454  7.8207
X  0.9135  0.0082 -0.4069
Y  0.0816 -0.9832  0.1633
Z -0.3987 -0.1823 -0.8988

PART 40
OFFSET  7.3827 -6.2432  7.9474
X  0.9135  0.0082 -0.4069
Y  0.0816 -0.9832  0.1633
Z -0.3987 -0.1823 -0.8988

PART 41
OFFSET  8.8717  4.3545  4.7838
X  0.8648  0.1654 -0.4741
Y -0.1558 -0.8091 -0.5666
Z -0.4773  0.5638 -0.6740

PART 42
OFFSET  8.8717  4.3545  4.7838
X  0.8648  0.1654 -0.4741
Y -0.1558 -0.8091 -0.5666
Z -0.4773  0.5638 -0.6740

PART 43
OFFSET  15.4143  5.0380  2.0108
X  0.4773 -0.5638  0.6740
Y -0.1558 -0.8091 -0.5666
Z  0.8648  0.1654 -0.4741

PART 44
OFFSET  7.5817 -6.4194  6.6577
X  0.9135  0.0082 -0.4069
Y  0.0816 -0.9832  0.1633
Z -0.3987 -0.1823 -0.8988

PART 45
OFFSET -4.3539 -9.8636 -2.8236
X -0.9642  0.2422  0.1078
Y -0.2544 -0.9597 -0.1194
Z  0.0745 -0.1425  0.9870

PART 46
OFFSET  7.3073 -12.7926 -4.1272
X  0.3018 -0.4382 -0.8467
Y  0.9361 -0.0323  0.3504
Z -0.1809 -0.8983  0.4004

PART 47
OFFSET  4.7403 -9.0657  3.0743
X  0.3018 -0.4382 -0.8467
Y  0.8020 -0.3635  0.4740
Z -0.5155 -0.8221  0.2417

PART 48
OFFSET  3.8485 -6.6250  3.1953
X  0.2967 -0.4355 -0.8499
Y  0.1665  0.8999 -0.4030
Z  0.9403 -0.0220  0.3396

PART 49
OFFSET  2.4783 -7.4487  3.5863
X  0.2967 -0.4355 -0.8499
Y  0.1665  0.8999 -0.4030
Z  0.9403 -0.0220  0.3396

PART 50
OFFSET  2.6295 -8.8821  4.4966
X  0.2967 -0.4355 -0.8499
Y  0.1665  0.8999 -0.4030
Z  0.9403 -0.0220  0.3396

PART 51
OFFSET  3.8150 -7.7223  5.6701
X  0.0371 -0.0031 -0.9993
Y  0.9314 -0.3623  0.0357
Z -0.3622 -0.9320 -0.0105

PART 52
OFFSET  3.0482 -6.9886  6.0894
X  0.4110 -0.6025 -0.6841
Y  0.8179 -0.0877  0.5686
Z -0.4026 -0.7933  0.4567

PART 53
OFFSET  2.1021 -5.6355  7.4836
X -0.1014 -0.2021 -0.9741
Y  0.8366 -0.5472  0.0264
Z -0.5384 -0.8122  0.2246

PART 54
OFFSET  2.3760 -5.2509  9.0326
X -0.7446  0.1480 -0.6509
Y  0.4768 -0.5645 -0.6738
Z -0.4672 -0.8120  0.3498

PART 55
OFFSET  3.1945 -5.3642  9.7319
X -0.1513  0.5145 -0.8440
Y  0.6421  0.7003  0.3118
Z  0.7515 -0.4948 -0.4364

PART 56
OFFSET  4.8541 -7.9193  6.5560
X -0.3850 -0.2135 -0.8979
Y -0.2567 -0.9097  0.3264
Z -0.8865  0.3562  0.2954

PART 57
OFFSET  5.6215 -7.2761  8.5764
X  0.0635 -0.9780 -0.1986
Y  0.4604 -0.1479  0.8753
Z -0.8854 -0.1470  0.4409

PART 58
OFFSET  5.5316 -5.8914  8.8576
X  0.4518 -0.3742  0.8098
Y -0.0029  0.9072  0.4207
Z -0.8921 -0.1924  0.4088

PART 59
OFFSET  5.1310 -5.5597  8.1396
X  0.4147  0.1223  0.9017
Y -0.1679  0.9842 -0.0563
Z -0.8943 -0.1281  0.4287

PART 60
OFFSET  4.7371 -5.6759  7.2829
X -0.0824 -0.6929 -0.7163
Y -0.5066  0.6481 -0.5686
Z  0.8582  0.3161 -0.4044

PART 61
OFFSET  4.1764 -7.8080  6.7506
X -0.2028 -0.0439 -0.9782
Y -0.3814 -0.9166  0.1202
Z -0.9019  0.3975  0.1692

PART 62
OFFSET  4.8284 -7.7734  9.2670
X -0.0262 -0.9712 -0.2369
Y  0.3417 -0.2314  0.9109
Z -0.9395 -0.0571  0.3379

PART 63
OFFSET  4.8730 -6.1199  9.6703
X  0.3375 -0.4406  0.8318
Y  0.1465  0.8975  0.4160
Z -0.9298 -0.0186  0.3675

PART 64
OFFSET  4.4052 -5.5092  8.5175
X  0.3376  0.2354  0.9114
Y  0.0154  0.9667 -0.2554
Z -0.9412  0.1002  0.3227

PART 65
OFFSET  4.0390 -5.7646  7.5291
X -0.3317 -0.7402 -0.5849
Y -0.1405  0.6518 -0.7452
Z  0.9329 -0.1650 -0.3202

PART 66
OFFSET  2.9876 -7.9286  1.4752
X -0.2459 -0.1921 -0.9501
Y  0.3934  0.8760 -0.2789
Z  0.8858 -0.4424 -0.1399

PART 67
OFFSET  2.8334 -7.7832  9.5331
X -0.0720 -0.9085 -0.4115
Y -0.0452 -0.4092  0.9113
Z -0.9964  0.0842 -0.0116

PART 68
OFFSET  2.9601 -6.1836  10.2576
X -0.0991 -0.4068  0.9081
Y  0.0762  0.9068  0.4145
Z -0.9921  0.1103 -0.0589

PART 69
OFFSET  3.0204 -5.6823  9.1501
X  0.0343  0.2142  0.9762
Y  0.0948  0.9717 -0.2165
Z -0.9949  0.1000  0.0130

PART 70
OFFSET  2.9816 -5.9243  8.0474
X -0.3766 -0.9187 -0.1187
Y  0.1290  0.0748 -0.9888
Z  0.9173 -0.3877  0.0903

PART 71
OFFSET  3.9127 -8.0094  9.4671
X -0.0501 -0.9349 -0.3513
Y  0.0677 -0.3541  0.9327
Z -0.9964  0.0229  0.0810

PART 72
OFFSET  4.0105 -6.1830  10.1534
X  0.1162 -0.4447  0.8881
Y  0.1768  0.8892  0.4221
Z -0.9774  0.1080  0.1819

PART 73
OFFSET  3.8408 -5.5335  8.8562
X  0.1639  0.3497  0.9224
Y  0.1387  0.9176 -0.3725
Z -0.9767  0.1890  0.1019

PART 74
OFFSET  3.6622 -5.9303  7.8105
X -0.1518 -0.8663 -0.4759
Y -0.0722  0.4899 -0.8688
Z  0.9858 -0.0976 -0.1369

PART 75
OFFSET  0.0000 -0.0000 -0.0000
X  1.0000 -0.0000  0.0000
Y  0.0000  1.0000  0.0000
Z  0.0000 -0.0000  1.0000

PART 76
OFFSET  0.0000 -0.0000 -0.0000
X  0.9940 -0.0000  0.1096
Y -0.0002  1.0000  0.0021
Z -0.1096 -0.0021  0.9940

PART 77
OFFSET  1.0780 -0.0088  4.2796
X  0.9940 -0.0000  0.1096
Y -0.0002  1.0000  0.0021
Z -0.1096 -0.0021  0.9940


FRAME 2054
PART 0
OFFSET  0.0000 -0.0000 -0.0000
X  1.0000 -0.0000  0.0000
Y  0.0000  1.0000  0.0000
Z  0.0000 -0.0000  1.0000

PART 1
OFFSET -4.6318 -0.0000 -1.3770
X  1.0000 -0.0000  0.0000
Y  0.0000  1.0000  0.0000
Z  0.0000 -0.0000  1.0000

PART 2
OFFSET -2.9259  7.9373 -3.1869
X  0.8080  0.2783 -0.5193
Y  0.2600 -0.9594 -0.1095
Z -0.5287 -0.0465 -0.8476

PART 3
OFFSET  6.8464  11.3026 -9.4669
X  0.4250 -0.4933  0.7590
Y -0.9040 -0.1889  0.3834
Z -0.0458 -0.8491 -0.5263

PART 4
OFFSET  10.4610  7.1068 -3.0115
X  0.4250 -0.4933  0.7590
Y -0.8439 -0.5192  0.1351
Z  0.3274 -0.6979 -0.6370

PART 5
OFFSET  12.0504  7.3786 -1.8843
X  0.4305 -0.4898  0.7581
Y  0.0576  0.8531  0.5185
Z -0.9008 -0.1796  0.3954

PART 6
OFFSET  11.9936  6.2235 -3.1075
X  0.4305 -0.4898  0.7581
Y  0.0576  0.8531  0.5185
