// Export filename: `C:\projects\cod\t5\xanim_export\t5_viewmodels\ballistic_knife\b_knife_melee_swipe.XANIM_EXPORT`
// Source filename: `D:\projects\devanim\t5\animation_assets\viewmodels\ballistic_knife/ViewModel_ballistic_knife_animated2.fbx`
// Export time: Mon Sep 06 22:08:06 2010

ANIMATION
VERSION 3

NUMPARTS 78
PART 0 "tag_ads"
PART 1 "tag_torso"
PART 2 "J_Shoulder_LE"
PART 3 "J_Elbow_LE"
PART 4 "J_WristTwist_LE"
PART 5 "J_Sleave_Reshape_Bottom_LE_1"
PART 6 "J_Sleave_Reshape_Bottom_LE_2"
PART 7 "J_Sleave_Reshape_Top_LE_1"
PART 8 "J_Sleave_Reshape_Top_LE_2"
PART 9 "J_Sleave_Reshape_Top_LE_3"
PART 10 "J_Wrist_LE"
PART 11 "J_Thumb_LE_0"
PART 12 "J_Thumb_LE_1"
PART 13 "J_Thumb_LE_2"
PART 14 "J_Thumb_LE_3"
PART 15 "J_PinkyPalm_LE"
PART 16 "J_Pinky_LE_0"
PART 17 "J_Pinky_LE_1"
PART 18 "J_Pinky_LE_2"
PART 19 "J_Pinky_LE_3"
PART 20 "J_RingPalm_LE"
PART 21 "J_Ring_LE_0"
PART 22 "J_Ring_LE_1"
PART 23 "J_Ring_LE_2"
PART 24 "J_Ring_LE_3"
PART 25 "J_Webbing_LE"
PART 26 "J_Index_LE_0"
PART 27 "J_Index_LE_1"
PART 28 "J_Index_LE_2"
PART 29 "J_Index_LE_3"
PART 30 "J_Mid_LE_0"
PART 31 "J_Mid_LE_1"
PART 32 "J_Mid_LE_2"
PART 33 "J_Mid_LE_3"
PART 34 "tag_knife_attach"
PART 35 "tag_weapon"
PART 36 "J_Gun"
PART 37 "tag_blade"
PART 38 "TAG_BOLT"
PART 39 "tag_pin"
PART 40 "tag_ring"
PART 41 "tag_origin"
PART 42 "origin_animate_jnt"
PART 43 "TAG_KNIFE_FX"
PART 44 "tag_clip"
PART 45 "J_Shoulder_RI"
PART 46 "J_Elbow_RI"
PART 47 "J_WristTwist_RI"
PART 48 "J_Sleave_Reshape_Top_RI_3"
PART 49 "J_Sleave_Reshape_Top_RI_2"
PART 50 "J_Sleave_Reshape_Top_RI_1"
PART 51 "J_Wrist_RI"
PART 52 "J_Thumb_RI_0"
PART 53 "J_Thumb_RI_1"
PART 54 "J_Thumb_RI_2"
PART 55 "J_Thumb_RI_3"
PART 56 "J_PinkyPalm_RI"
PART 57 "J_Pinky_RI_0"
PART 58 "J_Pinky_RI_1"
PART 59 "J_Pinky_RI_2"
PART 60 "J_Pinky_RI_3"
PART 61 "J_RingPalm_RI"
PART 62 "J_Ring_RI_0"
PART 63 "J_Ring_RI_1"
PART 64 "J_Ring_RI_2"
PART 65 "J_Ring_RI_3"
PART 66 "J_Webbing_RI"
PART 67 "J_Index_RI_0"
PART 68 "J_Index_RI_1"
PART 69 "J_Index_RI_2"
PART 70 "J_Index_RI_3"
PART 71 "J_Mid_RI_0"
PART 72 "J_Mid_RI_1"
PART 73 "J_Mid_RI_2"
PART 74 "J_Mid_RI_3"
PART 75 "tag_cambone"
PART 76 "tag_camera"
PART 77 "tag_gasmask"

FRAMERATE 30
NUMFRAMES 26

FRAME 2000
PART 0
OFFSET  0.0000 -0.0000 -0.0000
X  1.0000 -0.0000  0.0000
Y  0.0000  1.0000  0.0000
Z  0.0000 -0.0000  1.0000

PART 1
OFFSET -4.6318 -0.0000 -1.3770
X  1.0000 -0.0000  0.0000
Y  0.0000  1.0000  0.0000
Z  0.0000 -0.0000  1.0000

PART 2
OFFSET -6.2831  7.9373 -3.1869
X  0.8234  0.3425 -0.4524
Y  0.2348 -0.9315 -0.2780
Z -0.5166  0.1227 -0.8474

PART 3
OFFSET  3.6748  12.0800 -8.6586
X  0.7098 -0.5050  0.4911
Y -0.7018 -0.4462  0.5554
Z -0.0614 -0.7388 -0.6711

PART 4
OFFSET  9.7116  7.7846 -4.4814
X  0.7098 -0.5050  0.4911
Y -0.3956 -0.8626 -0.3153
Z  0.5829  0.0295 -0.8120

PART 5
OFFSET  11.4992  8.2129 -3.7801
X  0.7141 -0.5003  0.4896
Y  0.0694  0.7466  0.6616
Z -0.6966 -0.4385  0.5679

PART 6
OFFSET  11.2677  7.2930 -5.1708
X  0.7141 -0.5003  0.4896
Y  0.0694  0.7466  0.6616
Z -0.6966 -0.4385  0.5679

PART 7
OFFSET  10.0829  6.7332 -2.1861
X  0.7141 -0.5003  0.4896
Y  0.0694  0.7466  0.6616
Z -0.6966 -0.4385  0.5679

PART 8
OFFSET  9.6881  5.5946 -2.9872
X  0.7141 -0.5003  0.4896
Y  0.0694  0.7466  0.6616
Z -0.6966 -0.4385  0.5679

PART 9
OFFSET  9.8616  4.8879 -4.7384
X  0.7141 -0.5003  0.4896
Y  0.0694  0.7466  0.6616
Z -0.6966 -0.4385  0.5679

PART 10
OFFSET  11.8875  6.2363 -2.9758
X  0.7094 -0.6221  0.3314
Y -0.5154 -0.7785 -0.3580
Z  0.4807  0.0832 -0.8729

PART 11
OFFSET  11.9065  5.2393 -3.5307
X  0.4934 -0.8481 -0.1933
Y -0.8291 -0.3913 -0.3994
Z  0.2631  0.3573 -0.8962

PART 12
OFFSET  12.9031  3.3901 -4.0375
X  0.7793 -0.5685  0.2636
Y -0.3632 -0.7526 -0.5492
Z  0.5106  0.3323 -0.7930

PART 13
OFFSET  14.2401  2.5545 -3.6680
X  0.9033  0.0522  0.4258
Y  0.1958 -0.9334 -0.3008
Z  0.3818  0.3551 -0.8533

PART 14
OFFSET  15.2377  2.6114 -3.2517
X  0.4619 -0.3819  0.8005
Y -0.8702 -0.0205  0.4923
Z -0.1716 -0.9240 -0.3418

PART 15
OFFSET  13.1368  6.5604 -2.4884
X  0.9070 -0.1574  0.3907
Y  0.4116  0.1337 -0.9015
Z  0.0897  0.9784  0.1861

PART 16
OFFSET  15.2120  6.0806 -1.7483
X  0.7486 -0.5417 -0.3823
Y -0.4432  0.0199 -0.8962
Z  0.4931  0.8404 -0.2251

PART 17
OFFSET  16.2720  5.3137 -2.2895
X -0.2665 -0.0852 -0.9601
Y -0.7978  0.5784  0.1701
Z  0.5408  0.8113 -0.2221

PART 18
OFFSET  16.0357  5.2381 -3.1407
X -0.8560  0.4219 -0.2989
Y -0.1686  0.3187  0.9328
Z  0.4888  0.8488 -0.2016

PART 19
OFFSET  15.2225  5.6390 -3.4246
X  0.6898 -0.6455 -0.3278
Y  0.4853  0.0763  0.8710
Z -0.5372 -0.7599  0.3659

PART 20
OFFSET  12.8832  5.8946 -2.5316
X  0.8363 -0.3524  0.4200
Y  0.4882  0.1300 -0.8630
Z  0.2495  0.9268  0.2808

PART 21
OFFSET  15.0419  5.0293 -1.3698
X  0.6265 -0.3255 -0.7081
Y -0.6551  0.2722 -0.7048
Z  0.4222  0.9055 -0.0427

PART 22
OFFSET  16.1086  4.4750 -2.5754
X -0.5832  0.2408 -0.7758
Y -0.6803  0.3772  0.6285
Z  0.4439  0.8943 -0.0562

PART 23
OFFSET  15.3002  4.8087 -3.6506
X -0.8257  0.4350  0.3590
Y  0.3429 -0.1182  0.9319
Z  0.4478  0.8926 -0.0516

PART 24
OFFSET  14.4047  5.2805 -3.2612
X  0.5027 -0.2450 -0.8290
Y  0.7346 -0.3844  0.5591
Z -0.4557 -0.8901 -0.0132

PART 25
OFFSET  13.5136  3.1272 -2.9906
X  0.9008 -0.4116  0.1383
Y -0.2736 -0.2907  0.9169
Z -0.3372 -0.8638 -0.3745

PART 26
OFFSET  14.0843  3.1944 -1.6302
X  0.6896 -0.1674 -0.7046
Y -0.6082  0.3942 -0.6890
Z  0.3931  0.9036  0.1700

PART 27
OFFSET  15.2984  2.8996 -2.8707
X -0.4434  0.4235 -0.7899
Y -0.7678  0.2752  0.5786
Z  0.4624  0.8631  0.2031

PART 28
OFFSET  14.7312  3.3620 -3.8434
X -0.8915  0.3650  0.2682
Y  0.1822 -0.2532  0.9501
Z  0.4147  0.8959  0.1592

PART 29
OFFSET  13.7242  3.7743 -3.5404
X  0.2424  0.3617 -0.9002
Y  0.8414 -0.5404  0.0094
Z -0.4831 -0.7597 -0.4353

PART 30
OFFSET  14.6540  4.1202 -1.4337
X  0.6199 -0.2694 -0.7370
Y -0.6150  0.4165 -0.6696
Z  0.4873  0.8683  0.0925

PART 31
OFFSET  15.8651  3.5940 -2.8734
X -0.6104  0.4014 -0.6829
Y -0.6493  0.2401  0.7216
Z  0.4536  0.8839  0.1140

PART 32
OFFSET  14.9735  4.1803 -3.8708
X -0.8493  0.3402  0.4037
Y  0.2992 -0.3198  0.8990
Z  0.4350  0.8843  0.1698

PART 33
OFFSET  14.0145  4.5721 -3.4131
X  0.4323 -0.1132 -0.8946
Y  0.8059 -0.3965  0.4396
Z -0.4045 -0.9110 -0.0802

PART 34
OFFSET  14.8211  5.0962 -3.2147
X  0.2299  0.9487  0.2170
Y -0.4807 -0.0832  0.8729
Z  0.8462 -0.3050  0.4369

PART 35
OFFSET  13.4483 -3.7816 -3.7782
X  0.5915 -0.8021  0.0819
Y -0.2130 -0.0575  0.9754
Z -0.7777 -0.5944 -0.2049

PART 36
OFFSET  13.4483 -3.7816 -3.7782
X  0.5915 -0.8021  0.0819
Y -0.2130 -0.0575  0.9754
Z -0.7777 -0.5944 -0.2049

PART 37
OFFSET  15.8138 -6.9893 -3.4507
X  0.5915 -0.8021  0.0819
Y -0.2130 -0.0575  0.9754
Z -0.7777 -0.5944 -0.2049

PART 38
OFFSET  13.5744 -7.3910 -3.9634
X  0.5915 -0.8021  0.0819
Y -0.2130 -0.0575  0.9754
Z -0.7777 -0.5944 -0.2049

PART 39
OFFSET  16.1763 -5.8566 -3.3047
X  0.5915 -0.8021  0.0819
Y -0.2130 -0.0575  0.9754
Z -0.7777 -0.5944 -0.2049

PART 40
OFFSET  16.2569 -5.7641 -3.2600
X  0.5915 -0.8021  0.0819
Y -0.2130 -0.0575  0.9754
Z -0.7777 -0.5944 -0.2049

PART 41
OFFSET  14.7910  4.6524 -2.8504
X  0.6035  0.7973 -0.0001
Y -0.0380  0.0287 -0.9989
Z -0.7964  0.6028  0.0476

PART 42
OFFSET  14.7910  4.6524 -2.8504
X  0.6035  0.7973 -0.0001
Y -0.0380  0.0287 -0.9989
Z -0.7964  0.6028  0.0476

PART 43
OFFSET  19.7592  9.7786 -2.8909
X  0.7964 -0.6028 -0.0476
Y -0.0380  0.0287 -0.9989
Z  0.6035  0.7973 -0.0001

PART 44
OFFSET  15.8138 -6.9893 -3.4507
X  0.5915 -0.8021  0.0819
Y -0.2130 -0.0575  0.9754
Z -0.7777 -0.5944 -0.2049

PART 45
OFFSET -6.0573 -7.9373 -2.8236
X -0.8071  0.4529  0.3788
Y -0.2258 -0.8296  0.5107
Z  0.5456  0.3266  0.7718

PART 46
OFFSET  3.7033 -13.4149 -7.4049
X -0.6992 -0.6277 -0.3421
Y  0.7100 -0.5536 -0.4352
Z  0.0838 -0.5472  0.8328

PART 47
OFFSET  9.6504 -8.0758 -4.4949
X -0.6992 -0.6277 -0.3421
Y  0.4653 -0.7629  0.4488
Z -0.5428  0.1546  0.8255

PART 48
OFFSET  9.8733 -5.6039 -5.2740
X -0.7037 -0.6229 -0.3418
Y -0.0920  0.5569 -0.8255
Z  0.7045 -0.5494 -0.4492

PART 49
OFFSET  9.4430 -5.3698 -3.7027
X -0.7037 -0.6229 -0.3418
Y -0.0920  0.5569 -0.8255
Z  0.7045 -0.5494 -0.4492

PART 50
OFFSET  10.0068 -6.4785 -2.5370
X -0.7037 -0.6229 -0.3418
Y -0.0920  0.5569 -0.8255
Z  0.7045 -0.5494 -0.4492

PART 51
OFFSET  11.7939 -6.1513 -3.4461
X -0.3934 -0.8697 -0.2982
Y  0.6619 -0.4930  0.5646
Z -0.6380  0.0248  0.7696

PART 52
OFFSET  11.5941 -5.2945 -4.1728
X -0.1619 -0.8834  0.4398
Y  0.8909  0.0608  0.4502
Z -0.4244  0.4647  0.7771

PART 53
OFFSET  11.8783 -3.4202 -5.2100
X -0.5690 -0.8104 -0.1398
Y  0.5132 -0.4828  0.7096
Z -0.6426  0.3320  0.6906

PART 54
OFFSET  12.8993 -2.1779 -5.0193
X -0.8432 -0.1580 -0.5139
Y -0.0892 -0.9015  0.4236
Z -0.5302  0.4030  0.7460

PART 55
OFFSET  13.8369 -2.0102 -4.5049
X -0.3003 -0.5613 -0.7712
Y  0.9163  0.0549 -0.3967
Z  0.2650 -0.8258  0.4978

PART 56
OFFSET  12.9646 -5.9484 -2.7447
X -0.7770 -0.6054 -0.1726
Y -0.3995  0.2623  0.8784
Z -0.4865  0.7515 -0.4457

PART 57
OFFSET  14.6885 -4.5109 -2.5295
X -0.3795 -0.3556  0.8541
Y  0.7016  0.4913  0.5162
Z -0.6032  0.7951  0.0631

PART 58
OFFSET  15.2257 -4.0074 -3.7387
X  0.5861  0.4040  0.7023
Y  0.4988  0.5032 -0.7057
Z -0.6385  0.7639  0.0934

PART 59
OFFSET  14.7061 -4.3656 -4.3614
X  0.7708  0.5794  0.2648
Y  0.1867  0.1919 -0.9635
Z -0.6090  0.7921  0.0398

PART 60
OFFSET  13.9738 -4.9160 -4.6130
X -0.6187 -0.6782  0.3965
Y -0.4320 -0.1278 -0.8927
Z  0.6561 -0.7237 -0.2139

PART 61
OFFSET  12.5221 -5.4260 -2.9469
X -0.5989 -0.7381 -0.3108
Y -0.5932  0.1481  0.7913
Z -0.5381  0.6583 -0.5265

PART 62
OFFSET  14.1432 -3.6049 -2.0446
X -0.4680 -0.3422  0.8148
Y  0.5880  0.5677  0.5762
Z -0.6598  0.7487 -0.0645

PART 63
OFFSET  14.9399 -3.0222 -3.4318
X  0.4765  0.4694  0.7434
Y  0.6178  0.4229 -0.6630
Z -0.6255  0.7752 -0.0885

PART 64
OFFSET  14.2795 -3.6727 -4.4621
X  0.7510  0.6441  0.1454
Y  0.2488 -0.0721 -0.9659
Z -0.6116  0.7615 -0.2144

PART 65
OFFSET  13.4650 -4.3712 -4.6198
X -0.7875 -0.4491  0.4220
Y -0.2005 -0.4609 -0.8645
Z  0.5827 -0.7655  0.2729

PART 66
OFFSET  9.2548 -9.3406 -4.7520
X -0.6756 -0.7160 -0.1757
Y  0.5215 -0.2956 -0.8004
Z  0.5211 -0.6324  0.5732

PART 67
OFFSET  12.5906 -2.3816 -2.4241
X -0.5578 -0.4581  0.6921
Y  0.2026  0.7335  0.6488
Z -0.8049  0.5021 -0.3163

PART 68
OFFSET  13.5726 -1.5751 -3.6427
X  0.1572  0.7582  0.6328
Y  0.5620  0.4582 -0.6886
Z -0.8121  0.4638 -0.3541

PART 69
OFFSET  13.3322 -2.4687 -4.4334
X  0.5183  0.8477  0.1135
Y  0.3333 -0.0779 -0.9396
Z -0.7876  0.5248 -0.3229

PART 70
OFFSET  12.7469 -3.4261 -4.5617
X -0.6911 -0.0580  0.7204
Y -0.2847 -0.8944 -0.3450
Z  0.6643 -0.4435  0.6016

PART 71
OFFSET  13.3812 -3.0137 -1.9814
X -0.5234 -0.4220  0.7403
Y  0.3253  0.7040  0.6313
Z -0.7876  0.5712 -0.2312

PART 72
OFFSET  14.4036 -2.1893 -3.4275
X  0.3146  0.6274  0.7123
Y  0.6426  0.4115 -0.6463
Z -0.6986  0.6610 -0.2738

PART 73
OFFSET  13.9442 -3.1058 -4.4680
X  0.6517  0.7585  0.0026
Y  0.2845 -0.2412 -0.9278
Z -0.7031  0.6054 -0.3730

PART 74
OFFSET  13.2113 -3.9693 -4.4689
X -0.6365 -0.4662  0.6144
Y -0.2536 -0.6258 -0.7376
Z  0.7284 -0.6253  0.2801

PART 75
OFFSET  0.0000 -0.0000 -0.0000
X  1.0000 -0.0000  0.0000
Y  0.0000  1.0000  0.0000
Z  0.0000 -0.0000  1.0000

PART 76
OFFSET -0.0000 -0.0000 -0.0000
X  0.9939 -0.1045 -0.0349
Y  0.1051  0.9943  0.0174
Z  0.0329 -0.0210  0.9992

PART 77
OFFSET  1.6670 -0.2478  4.0788
X  0.9939 -0.1045 -0.0349
Y  0.1051  0.9943  0.0174
Z  0.0329 -0.0210  0.9992


FRAME 2001
PART 0
OFFSET  0.0000 -0.0000 -0.0000
X  1.0000 -0.0000  0.0000
Y  0.0000  1.0000  0.0000
Z  0.0000 -0.0000  1.0000

PART 1
OFFSET -4.6318 -0.0000 -1.3770
X  1.0000 -0.0000  0.0000
Y  0.0000  1.0000  0.0000
Z  0.0000 -0.0000  1.0000

PART 2
OFFSET -6.2831  7.9373 -3.1869
X  0.5925  0.5182 -0.6168
Y  0.3368 -0.8549 -0.3947
Z -0.7318  0.0262 -0.6810

PART 3
OFFSET  0.8828  14.2043 -10.6458
X  0.7263 -0.5158  0.4543
Y -0.6823 -0.4609  0.5674
Z -0.0833 -0.7221 -0.6867

PART 4
OFFSET  7.0602  9.8170 -6.7814
X  0.7263 -0.5158  0.4543
Y -0.5371 -0.8384 -0.0933
Z  0.4291 -0.1762 -0.8859

PART 5
OFFSET  8.8700  10.2308 -6.1302
X  0.7306 -0.5111  0.4528
Y  0.0910  0.7301  0.6772
Z -0.6767 -0.4535  0.5799

PART 6
OFFSET  8.5927  9.3452 -7.5346
X  0.7306 -0.5111  0.4528
Y  0.0910  0.7301  0.6772
Z -0.6767 -0.4535  0.5799

PART 7
OFFSET  7.5094  8.7098 -4.5266
X  0.7306 -0.5111  0.4528
Y  0.0910  0.7301  0.6772
Z -0.6767 -0.4535  0.5799

PART 8
OFFSET  7.0888  7.5907 -5.3420
X  0.7306 -0.5111  0.4528
Y  0.0910  0.7301  0.6772
Z -0.6767 -0.4535  0.5799

PART 9
OFFSET  7.2039  6.9277 -7.1150
X  0.7306 -0.5111  0.4528
Y  0.0910  0.7301  0.6772
Z -0.6767 -0.4535  0.5799

PART 10
OFFSET  9.2867  8.2356 -5.3885
X  0.9361 -0.1691  0.3085
Y -0.1900 -0.9810  0.0388
Z  0.2961 -0.0949 -0.9504

PART 11
OFFSET  9.6460  7.1738 -5.6026
X  0.7705 -0.6355 -0.0494
Y -0.6373 -0.7699 -0.0349
Z -0.0159  0.0583 -0.9982

PART 12
OFFSET  11.2442  5.7288 -5.7681
X  0.9692 -0.1248  0.2121
Y -0.0859 -0.9792 -0.1838
Z  0.2306  0.1599 -0.9598

PART 13
OFFSET  12.8398  5.6036 -5.5223
X  0.8465  0.5131  0.1421
Y  0.5234 -0.8509 -0.0455
Z  0.0975  0.1129 -0.9888

PART 14
OFFSET  13.7686  6.1492 -5.4146
X  0.6701  0.1309  0.7307
Y -0.7195 -0.1275  0.6827
Z  0.1825 -0.9832  0.0088

PART 15
OFFSET  10.3422  9.1237 -5.3611
X  0.9315  0.3206  0.1720
Y  0.2094 -0.0857 -0.9741
Z -0.2975  0.9433 -0.1470

PART 16
OFFSET  12.5041  9.6961 -5.0727
X  0.8531 -0.3564 -0.3810
Y -0.5163 -0.4724 -0.7144
Z  0.0746  0.8062 -0.5870

PART 17
OFFSET  13.7119  9.1915 -5.6120
X -0.3211 -0.5270 -0.7869
Y -0.9381  0.2911  0.1878
Z  0.1301  0.7985 -0.5878

PART 18
OFFSET  13.4272  8.7243 -6.3097
X -0.9827 -0.0408 -0.1805
Y -0.1713  0.5697  0.8038
Z  0.0701  0.8208 -0.5668

PART 19
OFFSET  12.4936  8.6856 -6.4813
X  0.8490 -0.4452 -0.2845
Y  0.5119  0.5600  0.6514
Z -0.1306 -0.6987  0.7034

PART 20
OFFSET  10.3804  8.4478 -5.1348
X  0.9510  0.1398  0.2759
Y  0.2849 -0.0483 -0.9573
Z -0.1205  0.9890 -0.0858

PART 21
OFFSET  12.8262  8.8761 -4.3647
X  0.6152 -0.3350 -0.7137
Y -0.7884 -0.2549 -0.5599
Z  0.0057  0.9071 -0.4209

PART 22
OFFSET  13.8735  8.3058 -5.5798
X -0.7190 -0.2843 -0.6342
Y -0.6944  0.3310  0.6389
Z  0.0283  0.8998 -0.4355

PART 23
OFFSET  12.8770  7.9117 -6.4587
X -0.8820  0.2295  0.4116
Y  0.4701  0.3672  0.8026
Z  0.0331  0.9014 -0.4317

PART 24
OFFSET  11.9205  8.1607 -6.0123
X  0.4557 -0.3535 -0.8170
Y  0.8888  0.1302  0.4394
Z -0.0490 -0.9263  0.3735

PART 25
OFFSET  12.0294  6.1057 -4.8854
X  0.9998  0.0042  0.0185
Y -0.0185  0.0033  0.9998
Z  0.0041 -1.0000  0.0034

PART 26
OFFSET  12.6809  6.8720 -3.8040
X  0.6078 -0.1760 -0.7743
Y -0.7941 -0.1279 -0.5942
Z  0.0056  0.9760 -0.2175

PART 27
OFFSET  13.7510  6.5621 -5.1674
X -0.6692 -0.0848 -0.7383
Y -0.7378  0.1946  0.6464
Z  0.0889  0.9772 -0.1928

PART 28
OFFSET  12.9321  6.3996 -6.0532
X -0.9237  0.1125  0.3663
Y  0.3823  0.2032  0.9014
Z  0.0270  0.9727 -0.2307

PART 29
OFFSET  11.8888  6.5267 -5.6394
X -0.0368  0.0535 -0.9979
Y  0.9834 -0.1756 -0.0457
Z -0.1777 -0.9830 -0.0462

PART 30
OFFSET  12.8403  7.9373 -4.0495
X  0.5827 -0.2998 -0.7554
Y -0.8070 -0.1037 -0.5814
Z  0.0959  0.9484 -0.3023

PART 31
OFFSET  13.9786  7.3517 -5.5252
X -0.7983 -0.1202 -0.5902
Y -0.5991  0.2588  0.7577
Z  0.0617  0.9584 -0.2785

PART 32
OFFSET  12.8127  7.1762 -6.3873
X -0.8591  0.1568  0.4873
Y  0.5093  0.1663  0.8444
Z  0.0514  0.9735 -0.2227

PART 33
OFFSET  11.8397  7.3605 -5.8376
X  0.3302 -0.2886 -0.8987
Y  0.9439  0.0988  0.3150
Z -0.0021 -0.9523  0.3051

PART 34
OFFSET  12.3782  8.1611 -6.0215
X -0.1548  0.9771 -0.1458
Y -0.2961  0.0949  0.9504
Z  0.9426  0.1903  0.2746

PART 35
OFFSET  14.6026 -5.5446 -3.7724
X  0.3999 -0.9164  0.0156
Y -0.1839 -0.0635  0.9809
Z -0.8979 -0.3951 -0.1940

PART 36
OFFSET  14.6026 -5.5446 -3.7724
X  0.3999 -0.9164  0.0156
Y -0.1839 -0.0635  0.9809
Z -0.8979 -0.3951 -0.1940

PART 37
OFFSET  16.2018 -9.2095 -3.7099
X  0.3999 -0.9164  0.0156
Y -0.1839 -0.0635  0.9809
Z -0.8979 -0.3951 -0.1940

PART 38
OFFSET  13.9118 -9.0763 -4.1307
X  0.3999 -0.9164  0.0156
Y -0.1839 -0.0635  0.9809
Z -0.8979 -0.3951 -0.1940

PART 39
OFFSET  16.8135 -8.1951 -3.5295
X  0.3999 -0.9164  0.0156
Y -0.1839 -0.0635  0.9809
Z -0.8979 -0.3951 -0.1940

PART 40
OFFSET  16.9144 -8.1254 -3.4845
X  0.3999 -0.9164  0.0156
Y -0.1839 -0.0635  0.9809
Z -0.8979 -0.3951 -0.1940

PART 41
OFFSET  12.5764  7.9065 -5.5457
X  0.2191  0.8918 -0.3959
Y -0.1657 -0.3659 -0.9158
Z -0.9615  0.2663  0.0676

PART 42
OFFSET  12.5764  7.9065 -5.5457
X  0.2191  0.8918 -0.3959
Y -0.1657 -0.3659 -0.9158
Z -0.9615  0.2663  0.0676

PART 43
OFFSET  14.9641  13.9946 -8.4087
X  0.9615 -0.2663 -0.0676
Y -0.1657 -0.3659 -0.9158
Z  0.2191  0.8918 -0.3959

PART 44
OFFSET  16.2018 -9.2095 -3.7099
X  0.3999 -0.9164  0.0156
Y -0.1839 -0.0635  0.9809
Z -0.8979 -0.3951 -0.1940

PART 45
OFFSET -5.3561 -7.9373 -2.8236
X -0.7656  0.5130  0.3882
Y -0.2896 -0.8137  0.5040
Z  0.5744  0.2734  0.7716

PART 46
OFFSET  3.9033 -14.1410 -7.5184
X -0.7407 -0.5735 -0.3499
Y  0.6704 -0.5972 -0.4403
Z  0.0436 -0.5607  0.8269

PART 47
OFFSET  10.2033 -9.2628 -4.5427
X -0.7407 -0.5735 -0.3499
Y  0.4043 -0.7965  0.4496
Z -0.5365  0.1916  0.8218

PART 48
OFFSET  10.6001 -6.8042 -5.2944
X -0.7448 -0.5684 -0.3495
Y -0.0511  0.5708 -0.8195
Z  0.6653 -0.5925 -0.4542

PART 49
OFFSET  10.1840 -6.5576 -3.7212
X -0.7448 -0.5684 -0.3495
Y -0.0511  0.5708 -0.8195
Z  0.6653 -0.5925 -0.4542

PART 50
OFFSET  10.6666 -7.7156 -2.5670
X -0.7448 -0.5684 -0.3495
Y -0.0511  0.5708 -0.8195
Z  0.6653 -0.5925 -0.4542

PART 51
OFFSET  12.4740 -7.5044 -3.4701
X -0.5887 -0.7429 -0.3186
Y  0.5556 -0.6581  0.5081
Z -0.5872  0.1221  0.8002

PART 52
OFFSET  12.4438 -6.5853 -4.1457
X -0.3387 -0.8489  0.4058
Y  0.8981 -0.1631  0.4085
Z -0.2805  0.5028  0.8176

PART 53
OFFSET  13.1008 -4.7651 -5.1076
X -0.7405 -0.6553 -0.1493
Y  0.4184 -0.6234  0.6605
Z -0.5259  0.4267  0.7358

PART 54
OFFSET  14.3801 -3.7923 -4.9095
X -0.8757  0.0616 -0.4788
Y -0.2726 -0.8817  0.3851
Z -0.3985  0.4678  0.7889

PART 55
OFFSET  15.3500 -3.8653 -4.4343
X -0.4467 -0.4367 -0.7809
Y  0.8900 -0.1270 -0.4380
Z  0.0921 -0.8906  0.4454

PART 56
OFFSET  13.6857 -7.6052 -2.8181
X -0.8985 -0.4078 -0.1624
Y -0.2977  0.2945  0.9081
Z -0.3225  0.8643 -0.3861

PART 57
OFFSET  15.6941 -6.5992 -2.6209
X -0.4172 -0.3102  0.8542
Y  0.8123  0.2941  0.5036
Z -0.4074  0.9040  0.1293

PART 58
OFFSET  16.2848 -6.1600 -3.8303
X  0.6873  0.2243  0.6909
Y  0.5720  0.4191 -0.7051
Z -0.4477  0.8798  0.1598

PART 59
OFFSET  15.6754 -6.3588 -4.4428
X  0.8902  0.3787  0.2534
Y  0.1888  0.1996 -0.9615
Z -0.4147  0.9038  0.1062

PART 60
OFFSET  14.8297 -6.7186 -4.6836
X -0.7394 -0.5456  0.3944
Y -0.4827  0.0212 -0.8755
Z  0.4694 -0.8378 -0.2790

PART 61
OFFSET  13.3640 -6.9873 -2.9740
X -0.7598 -0.5687 -0.3151
Y -0.5151  0.2310  0.8254
Z -0.3966  0.7895 -0.4685

PART 62
OFFSET  15.3836 -5.6236 -2.0685
X -0.5019 -0.2754  0.8199
Y  0.7210  0.3903  0.5725
Z -0.4777  0.8785  0.0026

PART 63
OFFSET  16.2381 -5.1548 -3.4645
X  0.5968  0.3098  0.7402
Y  0.6715  0.3122 -0.6720
Z -0.4393  0.8981 -0.0218

PART 64
OFFSET  15.4110 -5.5842 -4.4903
X  0.8808  0.4528  0.1383
Y  0.1902 -0.0711 -0.9792
Z -0.4335  0.8888 -0.1487

PART 65
OFFSET  14.4557 -6.0752 -4.6403
X -0.8517 -0.2866  0.4387
Y -0.3305 -0.3558 -0.8741
Z  0.4067 -0.8895  0.2083

PART 66
OFFSET  9.2394 -9.9745 -4.7970
X -0.8246 -0.5378 -0.1756
Y  0.4120 -0.3583 -0.8377
Z  0.3876 -0.7631  0.5171

PART 67
OFFSET  14.1306 -4.0678 -2.3145
X -0.6198 -0.3614  0.6966
Y  0.3855  0.6330  0.6714
Z -0.6835  0.6847 -0.2530

PART 68
OFFSET  15.2219 -3.4315 -3.5409
X  0.3461  0.6679  0.6588
Y  0.6241  0.3604 -0.6933
Z -0.7005  0.6511 -0.2921

PART 69
OFFSET  14.7586 -4.2040 -4.3596
X  0.6985  0.7042  0.1273
Y  0.2722 -0.0969 -0.9574
Z -0.6619  0.7033 -0.2594

PART 70
OFFSET  13.9696 -4.9994 -4.5034
X -0.6592  0.0561  0.7498
Y -0.4900 -0.7884 -0.3718
Z  0.5703 -0.6126  0.5472

PART 71
OFFSET  14.7759 -4.8830 -1.9408
X -0.5765 -0.3365  0.7446
Y  0.4977  0.5780  0.6466
Z -0.6480  0.7434 -0.1657

PART 72
OFFSET  15.9020 -4.2255 -3.3954
X  0.4732  0.5013  0.7244
Y  0.6938  0.2947 -0.6571
Z -0.5429  0.8135 -0.2084

PART 73
OFFSET  15.2110 -4.9578 -4.4535
X  0.8043  0.5941  0.0060
Y  0.1886 -0.2458 -0.9508
Z -0.5634  0.7659 -0.3098

PART 74
OFFSET  14.3041 -5.6362 -4.4587
X -0.7012 -0.3475  0.6225
Y -0.4144 -0.5118 -0.7525
Z  0.5802 -0.7856  0.2149

PART 75
OFFSET  0.0000 -0.0000 -0.0000
X  1.0000 -0.0000  0.0000
Y  0.0000  1.0000  0.0000
Z  0.0000 -0.0000  1.0000

PART 76
OFFSET -0.0000 -0.0000 -0.0000
X  0.9960 -0.0841 -0.0309
Y  0.0843  0.9964  0.0062
Z  0.0303 -0.0088  0.9995

PART 77
OFFSET  1.6595 -0.1659  4.0861
X  0.9960 -0.0841 -0.0309
Y  0.0843  0.9964  0.0062
Z  0.0303 -0.0088  0.9995


FRAME 2002
PART 0
OFFSET  0.0000 -0.0000 -0.0000
X  1.0000 -0.0000  0.0000
Y  0.0000  1.0000  0.0000
Z  0.0000 -0.0000  1.0000

PART 1
OFFSET -4.6318 -0.0000 -1.3770
X  1.0000 -0.0000  0.0000
Y  0.0000  1.0000  0.0000
Z  0.0000 -0.0000  1.0000

PART 2
OFFSET -6.2831  7.9373 -3.1869
X  0.2994  0.6669 -0.6824
Y  0.3635 -0.7410 -0.5646
Z -0.8822 -0.0790 -0.4642

PART 3
OFFSET -2.6623  16.0021 -11.4398
X  0.8079 -0.4984  0.3145
Y -0.5732 -0.5406  0.6158
Z -0.1370 -0.6778 -0.7224

PART 4
OFFSET  4.2092  11.7629 -8.7652
X  0.8079 -0.4984  0.3145
Y -0.5408 -0.8390  0.0597
Z  0.2341 -0.2183 -0.9474

PART 5
OFFSET  6.0659  12.2454 -8.3286
X  0.8117 -0.4933  0.3128
Y  0.1429  0.6869  0.7126
Z -0.5664 -0.5337  0.6280

PART 6
OFFSET  5.6482  11.4411 -9.7472
X  0.8117 -0.4933  0.3128
Y  0.1429  0.6869  0.7126
Z -0.5664 -0.5337  0.6280

PART 7
OFFSET  5.0194  10.5362 -6.6795
X  0.8117 -0.4933  0.3128
Y  0.1429  0.6869  0.7126
Z -0.5664 -0.5337  0.6280

PART 8
OFFSET  4.5525  9.4504 -7.5146
X  0.8117 -0.4933  0.3128
Y  0.1429  0.6869  0.7126
Z -0.5664 -0.5337  0.6280

PART 9
OFFSET  4.4610  8.9178 -9.3323
X  0.8117 -0.4933  0.3128
Y  0.1429  0.6869  0.7126
Z -0.5664 -0.5337  0.6280

PART 10
OFFSET  6.6860  10.2349 -7.8012
X  0.9259  0.3257  0.1912
Y  0.2439 -0.9022  0.3559
Z  0.2884 -0.2829 -0.9148

PART 11
OFFSET  7.4563  9.3946 -7.7474
X  0.9658 -0.2585  0.0178
Y -0.2521 -0.9215  0.2956
Z -0.0600 -0.2900 -0.9552

PART 12
OFFSET  9.5120  8.7286 -7.7326
X  0.9352  0.3445  0.0820
Y  0.3328 -0.9341  0.1290
Z  0.1210 -0.0934 -0.9882

PART 13
OFFSET  11.0154  9.3300 -7.7186
X  0.5525  0.8195 -0.1523
Y  0.8333 -0.5387  0.1243
Z  0.0198 -0.1955 -0.9805

PART 14
OFFSET  11.6280  10.1981 -7.9261
X  0.5669  0.6195  0.5430
Y -0.5834 -0.1635  0.7955
Z  0.5816 -0.7678  0.2688

PART 15
OFFSET  7.2667  11.4193 -8.2054
X  0.7117  0.6979 -0.0809
Y  0.2055 -0.3169 -0.9259
Z -0.6718  0.6423 -0.3689

PART 16
OFFSET  8.9887  12.8549 -8.4470
X  0.9156 -0.0978 -0.3901
Y -0.2827 -0.8462 -0.4516
Z -0.2859  0.5238 -0.8024

PART 17
OFFSET  10.2850  12.7165 -8.9992
X -0.0843 -0.8406 -0.5350
Y -0.9689 -0.0561  0.2409
Z -0.2325  0.5387 -0.8098

PART 18
OFFSET  10.2102  11.9711 -9.4736
X -0.8767 -0.4811 -0.0014
Y -0.3794  0.6896  0.6169
Z -0.2958  0.5413 -0.7871

PART 19
OFFSET  9.3773  11.5141 -9.4749
X  0.9515 -0.1432 -0.2724
Y  0.2403  0.8986  0.3671
Z  0.1922 -0.4148  0.8894

PART 20
OFFSET  7.5921  10.9309 -7.7991
X  0.8080  0.5853  0.0671
Y  0.2584 -0.2496 -0.9332
Z -0.5295  0.7714 -0.3529

PART 21
OFFSET  9.6424  12.5155 -7.5897
X  0.6840 -0.2841 -0.6719
Y -0.6180 -0.7151 -0.3267
Z -0.3876  0.6387 -0.6647

PART 22
OFFSET  10.8069  12.0318 -8.7336
X -0.5442 -0.7379 -0.3991
Y -0.7557  0.2246  0.6152
Z -0.3643  0.6364 -0.6799

PART 23
OFFSET  10.0526  11.0091 -9.2868
X -0.8874 -0.0120  0.4609
Y  0.2873  0.7675  0.5731
Z -0.3606  0.6410 -0.6776

PART 24
OFFSET  9.0902  10.9961 -8.7869
X  0.5452 -0.3971 -0.7383
Y  0.7592  0.6074  0.2339
Z  0.3555 -0.6881  0.6326

PART 25
OFFSET  10.0822  9.6549 -7.1372
X  0.9042  0.4023 -0.1433
Y  0.0029  0.3298  0.9440
Z  0.4270 -0.8540  0.2971

PART 26
OFFSET  10.3707  10.9288 -6.4479
X  0.6088 -0.1711 -0.7747
Y -0.6776 -0.6200 -0.3956
Z -0.4126  0.7658 -0.4933

PART 27
OFFSET  11.4426  10.6276 -7.8119
X -0.5857 -0.5822 -0.5639
Y -0.7371  0.0932  0.6694
Z -0.3371  0.8077 -0.4837

PART 28
OFFSET  10.7510  9.8708 -8.4680
X -0.8766 -0.1437  0.4593
Y  0.2792  0.6255  0.7285
Z -0.3920  0.7669 -0.5082

PART 29
OFFSET  9.7609  9.7084 -7.9492
X -0.0770 -0.3022 -0.9501
Y  0.9641  0.2203 -0.1482
Z  0.2541 -0.9274  0.2744

PART 30
OFFSET  10.0591  11.8220 -7.0185
X  0.6388 -0.2806 -0.7164
Y -0.6993 -0.6000 -0.3885
Z -0.3208  0.7492 -0.5795

PART 31
OFFSET  11.3070  11.2738 -8.4180
X -0.6846 -0.6137 -0.3934
Y -0.6363  0.2398  0.7332
Z -0.3556  0.7523 -0.5546

PART 32
OFFSET  10.3071  10.3775 -8.9926
X -0.8342 -0.0400  0.5499
Y  0.4087  0.6247  0.6654
Z -0.3702  0.7799 -0.5048

PART 33
OFFSET  9.3593  10.3373 -8.3738
X  0.4023 -0.4182 -0.8144
Y  0.8198  0.5606  0.1172
Z  0.4075 -0.7148  0.5683

PART 34
OFFSET  9.5044  11.1731 -8.8687
X -0.5568  0.7277 -0.4005
Y -0.2884  0.2829  0.9148
Z  0.7790  0.6249  0.0524

PART 35
OFFSET  15.9943 -6.0153 -3.6896
X  0.2068 -0.9743 -0.0893
Y -0.1393 -0.1197  0.9830
Z -0.9684 -0.1908 -0.1604

PART 36
OFFSET  15.9943 -6.0153 -3.6896
X  0.2068 -0.9743 -0.0893
Y -0.1393 -0.1197  0.9830
Z -0.9684 -0.1908 -0.1604

PART 37
OFFSET  16.8211 -9.9116 -4.0468
X  0.2068 -0.9743 -0.0893
Y -0.1393 -0.1197  0.9830
Z -0.9684 -0.1908 -0.1604

PART 38
OFFSET  14.5858 -9.2919 -4.2880
X  0.2068 -0.9743 -0.0893
Y -0.1393 -0.1197  0.9830
Z -0.9684 -0.1908 -0.1604

PART 39
OFFSET  17.6341 -9.0590 -3.8278
X  0.2068 -0.9743 -0.0893
Y -0.1393 -0.1197  0.9830
Z -0.9684 -0.1908 -0.1604

PART 40
OFFSET  17.7492 -9.0150 -3.7847
X  0.2068 -0.9743 -0.0893
Y -0.1393 -0.1197  0.9830
Z -0.9684 -0.1908 -0.1604

PART 41
OFFSET  9.8017  11.1918 -8.3771
X -0.1873  0.7177 -0.6707
Y -0.0145 -0.6847 -0.7287
Z -0.9822 -0.1267  0.1387

PART 42
OFFSET  9.8017  11.1918 -8.3771
X -0.1873  0.7177 -0.6707
Y -0.0145 -0.6847 -0.7287
Z -0.9822 -0.1267  0.1387

PART 43
OFFSET  9.3276  16.3883 -13.2488
X  0.9822  0.1267 -0.1387
Y -0.0145 -0.6847 -0.7287
Z -0.1873  0.7177 -0.6707

PART 44
OFFSET  16.8211 -9.9116 -4.0468
X  0.2068 -0.9743 -0.0893
Y -0.1393 -0.1197  0.9830
Z -0.9684 -0.1908 -0.1604

PART 45
OFFSET -3.8132 -7.9373 -2.8236
X -0.7490  0.5609  0.3526
Y -0.3026 -0.7631  0.5710
Z  0.5894  0.3210  0.7413

PART 46
OFFSET  5.2455 -14.7208 -7.0880
X -0.7163 -0.6207 -0.3190
Y  0.6967 -0.6098 -0.3779
Z  0.0401 -0.4929  0.8692

PART 47
OFFSET  11.3376 -9.4417 -4.3750
X -0.7163 -0.6207 -0.3190
Y  0.4656 -0.7655  0.4440
Z -0.5198  0.1695  0.8373

PART 48
OFFSET  11.6833 -7.0387 -5.3094
X -0.7205 -0.6157 -0.3191
Y -0.0480  0.5034 -0.8627
Z  0.6918 -0.6063 -0.3923

PART 49
OFFSET  11.2244 -6.6824 -3.7696
X -0.7205 -0.6157 -0.3191
Y -0.0480  0.5034 -0.8627
Z  0.6918 -0.6063 -0.3923

PART 50
OFFSET  11.7121 -7.7320 -2.5180
X -0.7205 -0.6157 -0.3191
Y -0.0480  0.5034 -0.8627
Z  0.6918 -0.6063 -0.3923

PART 51
OFFSET  13.5334 -7.5389 -3.3971
X -0.7431 -0.5790 -0.3355
Y  0.4380 -0.7999  0.4103
Z -0.5059  0.1579  0.8480

PART 52
OFFSET  13.6527 -6.5714 -3.9903
X -0.4806 -0.8007  0.3576
Y  0.8675 -0.3745  0.3274
Z -0.1282  0.4675  0.8746

PART 53
OFFSET  14.6105 -4.8321 -4.8433
X -0.8646 -0.4798 -0.1490
Y  0.3192 -0.7536  0.5746
Z -0.3880  0.4493  0.8048

PART 54
OFFSET  16.0688 -4.1528 -4.6586
X -0.8700  0.2777 -0.4074
Y -0.4237 -0.8437  0.3296
Z -0.2522  0.4593  0.8517

PART 55
OFFSET  17.0283 -4.4598 -4.2627
X -0.5676 -0.2639 -0.7799
Y  0.8207 -0.2568 -0.5104
Z -0.0656 -0.9297  0.3623

PART 56
OFFSET  14.7334 -7.9374 -2.8452
X -0.9699 -0.2061 -0.1300
Y -0.1822  0.2591  0.9485
Z -0.1618  0.9436 -0.2888

PART 57
OFFSET  16.9114 -7.3687 -2.7116
X -0.4241 -0.3025  0.8536
Y  0.8812  0.0794  0.4660
Z -0.2087  0.9498  0.2329

PART 58
OFFSET  17.5118 -6.9404 -3.9201
X  0.7551  0.0179  0.6554
Y  0.6056  0.3641 -0.7076
Z -0.2513  0.9312  0.2641

PART 59
OFFSET  16.8423 -6.9563 -4.5011
X  0.9608  0.1706  0.2187
Y  0.1726  0.2496 -0.9528
Z -0.2171  0.9532  0.2104

PART 60
OFFSET  15.9296 -7.1184 -4.7089
X -0.8118 -0.4250  0.4004
Y -0.5154  0.1991 -0.8335
Z  0.2745 -0.8830 -0.3807

PART 61
OFFSET  14.5351 -7.2564 -2.9257
X -0.8751 -0.3757 -0.3051
Y -0.4121  0.2477  0.8768
Z -0.2538  0.8930 -0.3715

PART 62
OFFSET  16.8349 -6.4085 -2.0592
X -0.5017 -0.2486  0.8285
Y  0.8151  0.1847  0.5490
Z -0.2895  0.9508  0.1100

PART 63
OFFSET  17.6891 -5.9853 -3.4698
X  0.6865  0.1145  0.7181
Y  0.6831  0.2371 -0.6908
Z -0.2493  0.9647  0.0846

PART 64
OFFSET  16.7377 -6.1439 -4.4650
X  0.9604  0.2557  0.1111
Y  0.1183 -0.0131 -0.9929
Z -0.2524  0.9667 -0.0428

PART 65
OFFSET  15.6962 -6.4213 -4.5855
X -0.8668 -0.1545  0.4741
Y -0.4427 -0.1988 -0.8743
Z  0.2293 -0.9678  0.1039

PART 66
OFFSET  9.7991 -9.1875 -4.6859
X -0.9246 -0.3461 -0.1592
Y  0.2849 -0.3505 -0.8922
Z  0.2530 -0.8702  0.4227

PART 67
OFFSET  15.9106 -4.6208 -2.0841
X -0.6412 -0.2976  0.7073
Y  0.5414  0.4778  0.6918
Z -0.5439  0.8265 -0.1452

PART 68
OFFSET  17.0394 -4.0968 -3.3295
X  0.5093  0.5209  0.6850
Y  0.6453  0.2955 -0.7045
Z -0.5694  0.8008 -0.1856

PART 69
OFFSET  16.3857 -4.6815 -4.1736
X  0.8322  0.5380  0.1342
Y  0.1944 -0.0565 -0.9793
Z -0.5193  0.8411 -0.1516

PART 70
OFFSET  15.4457 -5.2891 -4.3251
X -0.5925  0.1125  0.7977
Y -0.6587 -0.6377 -0.3993
Z  0.4638 -0.7620  0.4519

PART 71
OFFSET  16.3972 -5.5787 -1.8269
X -0.5911 -0.2865  0.7540
Y  0.6387  0.4046  0.6545
Z -0.4925  0.8685 -0.0562

PART 72
OFFSET  17.5520 -5.0191 -3.2999
X  0.6035  0.3271  0.7272
Y  0.7022  0.2143 -0.6790
Z -0.3779  0.9204 -0.1004

PART 73
OFFSET  16.6707 -5.4969 -4.3621
X  0.9069  0.4213 -0.0032
Y  0.0830 -0.1860 -0.9790
Z -0.4131  0.8876 -0.2036

PART 74
OFFSET  15.6465 -5.9805 -4.3577
X -0.7220 -0.2610  0.6408
Y -0.5496 -0.3462 -0.7603
Z  0.4203 -0.9011  0.1065

PART 75
OFFSET  0.0000 -0.0000 -0.0000
X  1.0000 -0.0000  0.0000
Y  0.0000  1.0000  0.0000
Z  0.0000 -0.0000  1.0000

PART 76
OFFSET -0.0000 -0.0000 -0.0000
X  0.9990 -0.0384 -0.0214
Y  0.0380  0.9991 -0.0183
Z  0.0221  0.0175  0.9996

PART 77
OFFSET  1.6302  0.0132  4.1012
X  0.9990 -0.0384 -0.0214
Y  0.0380  0.9991 -0.0183
Z  0.0221  0.0175  0.9996


FRAME 2003
PART 0
OFFSET  0.0000 -0.0000 -0.0000
X  1.0000 -0.0000  0.0000
Y  0.0000  1.0000  0.0000
Z  0.0000 -0.0000  1.0000

PART 1
OFFSET -4.6318 -0.0000 -1.3770
X  1.0000 -0.0000  0.0000
Y  0.0000  1.0000  0.0000
Z  0.0000 -0.0000  1.0000

PART 2
OFFSET -6.2831  7.9373 -3.1869
X  0.2618  0.5559 -0.7890
Y  0.5575 -0.7544 -0.3466
Z -0.7878 -0.3491 -0.5074

PART 3
OFFSET -3.1174  14.6603 -12.7285
X  0.8084 -0.2743  0.5208
Y -0.5834 -0.4908  0.6471
Z  0.0781 -0.8270 -0.5568

PART 4
OFFSET  3.7585  12.3272 -8.2990
X  0.8084 -0.2743  0.5208
Y -0.4037 -0.9022  0.1515
Z  0.4283 -0.3327 -0.8401

PART 5
OFFSET  5.4339  13.2039 -7.7557
X  0.8117 -0.2691  0.5184
Y -0.0720  0.8347  0.5460
Z -0.5797 -0.4804  0.6581

PART 6
OFFSET  5.3679  12.0612 -8.9900
X  0.8117 -0.2691  0.5184
Y -0.0720  0.8347  0.5460
Z -0.5797 -0.4804  0.6581

PART 7
OFFSET  4.3854  11.7223 -5.9005
X  0.8117 -0.2691  0.5184
Y -0.0720  0.8347  0.5460
Z -0.5797 -0.4804  0.6581

PART 8
OFFSET  4.2168  10.4221 -6.5129
X  0.8117 -0.2691  0.5184
Y -0.0720  0.8347  0.5460
Z -0.5797 -0.4804  0.6581

PART 9
OFFSET  4.4957  9.5138 -8.1541
X  0.8117 -0.2691  0.5184
Y -0.0720  0.8347  0.5460
Z -0.5797 -0.4804  0.6581

PART 10
OFFSET  6.2369  11.4862 -6.7024
X  0.8734  0.4659  0.1420
Y  0.3778 -0.8320  0.4064
Z  0.3075 -0.3013 -0.9026

PART 11
OFFSET  7.1205  10.7692 -6.6170
X  0.9931 -0.1173  0.0059
Y -0.1115 -0.9254  0.3623
Z -0.0370 -0.3604 -0.9321

PART 12
OFFSET  9.2503  10.4037 -6.6200
X  0.8776  0.4783  0.0316
Y  0.4657 -0.8665  0.1796
Z  0.1133 -0.1429 -0.9832

PART 13
OFFSET  10.6521  11.2114 -6.6898
X  0.4262  0.8771 -0.2216
Y  0.9042 -0.4055  0.1342
Z  0.0279 -0.2576 -0.9658

PART 14
OFFSET  11.1297  12.1412 -6.9714
X  0.4831  0.7293  0.4845
Y -0.5379 -0.1894  0.8215
Z  0.6909 -0.6574  0.3008

PART 15
OFFSET  6.6336  12.7104 -7.1999
X  0.6025  0.7844 -0.1472
Y  0.2301 -0.3474 -0.9090
Z -0.7642  0.5139 -0.3898

PART 16
OFFSET  8.1269  14.3554 -7.5854
X  0.9121  0.0063 -0.4099
Y -0.1676 -0.9067 -0.3870
Z -0.3741  0.4217 -0.8260

PART 17
OFFSET  9.4183  14.3643 -8.1657
X  0.0262 -0.8788 -0.4764
Y -0.9459 -0.1761  0.2727
Z -0.3235  0.4435 -0.8359

PART 18
OFFSET  9.4415  13.5852 -8.5881
X -0.7985 -0.5993  0.0560
Y -0.4618  0.6696  0.5817
Z -0.3861  0.4386 -0.8115

PART 19
OFFSET  8.6829  13.0158 -8.5350
X  0.9565 -0.0254 -0.2906
Y  0.1164  0.9466  0.3006
Z  0.2675 -0.3213  0.9084

PART 20
OFFSET  7.0338  12.3021 -6.7725
X  0.7170  0.6971  0.0049
Y  0.2726 -0.2740 -0.9223
Z -0.6416  0.6626 -0.3865

PART 21
OFFSET  8.8397  14.1716 -6.7277
X  0.7040 -0.2298 -0.6720
Y -0.5156 -0.8161 -0.2610
Z -0.4884  0.5302 -0.6930

PART 22
OFFSET  10.0382  13.7803 -7.8718
X -0.4408 -0.8332 -0.3339
Y -0.7675  0.1570  0.6215
Z -0.4654  0.5302 -0.7087

PART 23
OFFSET  9.4272  12.6256 -8.3346
X -0.8670 -0.1058  0.4869
Y  0.1858  0.8379  0.5131
Z -0.4623  0.5354 -0.7069

PART 24
OFFSET  8.4869  12.5108 -7.8066
X  0.5815 -0.3656 -0.7268
Y  0.6689  0.7234  0.1713
Z  0.4631 -0.5857  0.6652

PART 25
OFFSET  9.6938  11.4400 -6.1032
X  0.8342  0.5155 -0.1960
Y -0.0254  0.3909  0.9201
Z  0.5509 -0.7625  0.3392

PART 26
OFFSET  9.8106  12.7862 -5.5072
X  0.6113 -0.1359 -0.7796
Y -0.5896 -0.7353 -0.3341
Z -0.5279  0.6639 -0.5297

PART 27
OFFSET  10.8869  12.5469 -6.8799
X -0.5075 -0.6966 -0.5072
Y -0.7292  0.0336  0.6835
Z -0.4591  0.7167 -0.5250

PART 28
OFFSET  10.2979  11.6565 -7.4646
X -0.8375 -0.2345  0.4936
Y  0.2013  0.7073  0.6777
Z -0.5080  0.6669 -0.5451

PART 29
OFFSET  9.3519  11.3916 -6.9071
X -0.0520 -0.3745 -0.9258
Y  0.9194  0.3439 -0.1908
Z  0.3898 -0.8611  0.3265

PART 30
OFFSET  9.3628  13.5850 -6.1251
X  0.6579 -0.2358 -0.7153
Y -0.6138 -0.7182 -0.3277
Z -0.4365  0.6546 -0.6173

PART 31
OFFSET  10.6480  13.1243 -7.5225
X -0.5974 -0.7300 -0.3321
Y -0.6492  0.1970  0.7347
Z -0.4708  0.6545 -0.5916

PART 32
OFFSET  9.7755  12.0581 -8.0076
X -0.8087 -0.1199  0.5759
Y  0.3282  0.7204  0.6109
Z -0.4882  0.6831 -0.5432

PART 33
OFFSET  8.8559  11.9266 -7.3596
X  0.4416 -0.4119 -0.7971
Y  0.7332  0.6777  0.0560
Z  0.5171 -0.6092  0.6013

PART 34
OFFSET  8.8697  12.7386 -7.9120
X -0.6633  0.6123 -0.4303
Y -0.3075  0.3013  0.9026
Z  0.6823  0.7310 -0.0116

PART 35
OFFSET  15.3931  1.1819 -3.4261
X  0.4808 -0.8625 -0.1579
Y -0.0087 -0.1847  0.9828
Z -0.8768 -0.4712 -0.0963

PART 36
OFFSET  15.3931  1.1819 -3.4261
X  0.4808 -0.8625 -0.1579
Y -0.0087 -0.1847  0.9828
Z -0.8768 -0.4712 -0.0963

PART 37
OFFSET  17.3160 -2.2672 -4.0575
X  0.4808 -0.8625 -0.1579
Y -0.0087 -0.1847  0.9828
Z -0.8768 -0.4712 -0.0963

PART 38
OFFSET  14.9856 -2.3489 -4.0934
X  0.4808 -0.8625 -0.1579
Y -0.0087 -0.1847  0.9828
Z -0.8768 -0.4712 -0.0963

PART 39
OFFSET  17.8517 -1.2147 -3.8549
X  0.4808 -0.8625 -0.1579
Y -0.0087 -0.1847  0.9828
Z -0.8768 -0.4712 -0.0963

PART 40
OFFSET  17.9517 -1.1391 -3.8183
X  0.4808 -0.8625 -0.1579
Y -0.0087 -0.1847  0.9828
Z -0.8768 -0.4712 -0.0963

PART 41
OFFSET  9.1711  12.8330 -7.4316
X -0.3017  0.6362 -0.7101
Y  0.0691 -0.7283 -0.6818
Z -0.9509 -0.2547  0.1757

PART 42
OFFSET  9.1711  12.8330 -7.4316
X -0.3017  0.6362 -0.7101
Y  0.0691 -0.7283 -0.6818
Z -0.9509 -0.2547  0.1757

PART 43
OFFSET  7.8593  17.5631 -12.6150
X  0.9509  0.2547 -0.1757
Y  0.0691 -0.7283 -0.6818
Z -0.3017  0.6362 -0.7101

PART 44
OFFSET  17.3160 -2.2672 -4.0575
X  0.4808 -0.8625 -0.1579
Y -0.0087 -0.1847  0.9828
Z -0.8768 -0.4712 -0.0963

PART 45
OFFSET -2.2704 -7.9373 -2.8236
X -0.9331  0.2857  0.2186
Y -0.0528 -0.7098  0.7024
Z  0.3558  0.6438  0.6774

PART 46
OFFSET  9.0141 -11.3920 -5.4668
X -0.3911 -0.8959 -0.2106
Y  0.9103 -0.3427 -0.2323
Z  0.1359 -0.2825  0.9496

PART 47
OFFSET  12.3404 -3.7716 -3.6759
X -0.3911 -0.8959 -0.2106
Y  0.7947 -0.4441  0.4137
Z -0.4642 -0.0056  0.8857

PART 48
OFFSET  11.8414 -1.6218 -5.0530
X -0.3969 -0.8931 -0.2118
Y -0.1479  0.2899 -0.9456
Z  0.9059 -0.3439 -0.2472

PART 49
OFFSET  11.1285 -1.2178 -3.6256
X -0.3969 -0.8931 -0.2118
Y -0.1479  0.2899 -0.9456
Z  0.9059 -0.3439 -0.2472

PART 50
OFFSET  11.8486 -1.7636 -2.1801
X -0.3969 -0.8931 -0.2118
Y -0.1479  0.2899 -0.9456
Z  0.9059 -0.3439 -0.2472

PART 51
OFFSET  13.5393 -1.0249 -3.0305
X -0.5619 -0.7674 -0.3090
Y  0.6927 -0.6406  0.3314
Z -0.4523 -0.0278  0.8915

PART 52
OFFSET  13.3093 -0.0501 -3.5773
X -0.1842 -0.9189  0.3489
Y  0.9655 -0.1027  0.2393
Z -0.1841  0.3810  0.9061

PART 53
OFFSET  13.6208  1.9218 -4.4046
X -0.6904 -0.7152 -0.1086
Y  0.5806 -0.6374  0.5066
Z -0.4315  0.2867  0.8553

PART 54
OFFSET  14.8183  3.0063 -4.2948
X -0.9460  0.0121 -0.3241
Y -0.1197 -0.9417  0.3144
Z -0.3014  0.3362  0.8923

PART 55
OFFSET  15.8571  2.9938 -3.9906
X -0.5294 -0.4011 -0.7476
Y  0.8110  0.0195 -0.5847
Z  0.2491 -0.9158  0.3150

PART 56
OFFSET  14.8479 -1.0559 -2.5943
X -0.8708 -0.4870 -0.0667
Y -0.1662  0.1639  0.9724
Z -0.4626  0.8579 -0.2237

PART 57
OFFSET  16.7575  0.1432 -2.5962
X -0.2359 -0.4416  0.8657
Y  0.8546  0.3298  0.4011
Z -0.4626  0.8344  0.2996

PART 58
OFFSET  17.0914  0.7684 -3.8217
X  0.7702  0.2274  0.5959
Y  0.4027  0.5512 -0.7308
Z -0.4946  0.8028  0.3329

PART 59
OFFSET  16.4085  0.5668 -4.3501
X  0.8807  0.4479  0.1538
Y  0.0040  0.3177 -0.9482
Z -0.4736  0.8357  0.2780

PART 60
OFFSET  15.5718  0.1413 -4.4962
X -0.6077 -0.6629  0.4374
Y -0.6236  0.0572 -0.7797
Z  0.4918 -0.7465 -0.4482

PART 61
OFFSET  14.4479 -0.4653 -2.6221
X -0.7455 -0.6147 -0.2576
Y -0.3875  0.0853  0.9179
Z -0.5423  0.7841 -0.3018

PART 62
OFFSET  16.4548  1.0155 -1.8885
X -0.3280 -0.4131  0.8496
Y  0.7677  0.4075  0.4946
Z -0.5505  0.8144  0.1835

PART 63
OFFSET  17.0132  1.7189 -3.3349
X  0.6816  0.2967  0.6688
Y  0.5159  0.4533 -0.7269
Z -0.5188  0.8405  0.1559

PART 64
OFFSET  16.0686  1.3076 -4.2618
X  0.8452  0.5320  0.0513
Y  0.0277  0.0522 -0.9983
Z -0.5337  0.8451  0.0294

PART 65
OFFSET  15.1519  0.7307 -4.3175
X -0.7346 -0.4241  0.5296
Y -0.4388 -0.2985 -0.8476
Z  0.5175 -0.8550  0.0332

PART 66
OFFSET  10.3728 -3.6918 -4.1188
X -0.7884 -0.6058 -0.1069
Y  0.2962 -0.2214 -0.9291
Z  0.5392 -0.7642  0.3540

PART 67
OFFSET  15.0382  2.4380 -1.7452
X -0.4565 -0.4986  0.7369
Y  0.4324  0.5994  0.6735
Z -0.7776  0.6261 -0.0580

PART 68
OFFSET  15.8419  3.3159 -3.0426
X  0.3884  0.6309  0.6716
Y  0.4613  0.4978 -0.7344
Z -0.7977  0.5951 -0.0977

PART 69
OFFSET  15.3212  2.5850 -3.8650
X  0.6408  0.7612  0.0995
Y  0.1142  0.0336 -0.9929
Z -0.7591  0.6476 -0.0654

PART 70
OFFSET  14.5974  1.7253 -3.9773
X -0.5253 -0.0959  0.8455
Y -0.4698 -0.7958 -0.3822
Z  0.7095 -0.5979  0.3729

PART 71
OFFSET  15.8108  1.6661 -1.5785
X -0.4082 -0.4742  0.7801
Y  0.5436  0.5603  0.6250
Z -0.7334  0.6791  0.0290

PART 72
OFFSET  16.6082  2.5924 -3.1024
X  0.5398  0.4737  0.6959
Y  0.5420  0.4370 -0.7179
Z -0.6441  0.7646 -0.0209

PART 73
OFFSET  15.8198  1.9005 -4.1189
X  0.7345  0.6768 -0.0493
Y  0.0473 -0.1236 -0.9912
Z -0.6769  0.7257 -0.1228

PART 74
OFFSET  14.9927  1.1288 -4.0628
X -0.5502 -0.4864  0.6788
Y -0.4859 -0.4746 -0.7339
Z  0.6791 -0.7336  0.0248

PART 75
OFFSET  0.0000 -0.0000 -0.0000
X  1.0000 -0.0000  0.0000
Y  0.0000  1.0000  0.0000
Z  0.0000 -0.0000  1.0000

PART 76
OFFSET -0.0000 -0.0000 -0.0000
X  0.9999  0.0092 -0.0099
Y -0.0096  0.9991 -0.0424
Z  0.0095  0.0425  0.9991

PART 77
OFFSET  1.5795  0.1899  4.1166
X  0.9999  0.0092 -0.0099
Y -0.0096  0.9991 -0.0424
Z  0.0095  0.0425  0.9991


FRAME 2004
PART 0
OFFSET  0.0000 -0.0000 -0.0000
X  1.0000 -0.0000  0.0000
Y  0.0000  1.0000  0.0000
Z  0.0000 -0.0000  1.0000

PART 1
OFFSET -4.6318 -0.0000 -1.3770
X  1.0000 -0.0000  0.0000
Y  0.0000  1.0000  0.0000
Z  0.0000 -0.0000  1.0000

PART 2
OFFSET -6.2831  7.9373 -3.1869
X  0.2293  0.8174 -0.5285
Y  0.6330 -0.5377 -0.5570
Z -0.7395 -0.2068 -0.6407

PART 3
OFFSET -3.5100  17.8227 -9.5784
X  0.8035 -0.3948  0.4455
Y -0.5712 -0.7221  0.3902
Z  0.1676 -0.5680 -0.8058

PART 4
OFFSET  3.3244  14.4646 -5.7894
X  0.8035 -0.3948  0.4455
Y -0.4810 -0.8715  0.0953
Z  0.3506 -0.2909 -0.8902

PART 5
OFFSET  4.8997  15.1852 -4.8567
X  0.8065 -0.3889  0.4454
Y -0.1617  0.5794  0.7988
