// Export filename: `C:\projects\cod\t5\xanim_export\t5_viewmodels\ballistic_knife\b_knife_d2p_in.XANIM_EXPORT`
// Source filename: `D:\projects\devanim\t5\animation_assets\viewmodels\ballistic_knife/ViewModel_ballistic_knife_animated2.fbx`
// Export time: Mon Sep 06 22:07:48 2010

ANIMATION
VERSION 3

NUMPARTS 78
PART 0 "tag_ads"
PART 1 "tag_torso"
PART 2 "J_Shoulder_LE"
PART 3 "J_Elbow_LE"
PART 4 "J_WristTwist_LE"
PART 5 "J_Sleave_Reshape_Bottom_LE_1"
PART 6 "J_Sleave_Reshape_Bottom_LE_2"
PART 7 "J_Sleave_Reshape_Top_LE_1"
PART 8 "J_Sleave_Reshape_Top_LE_2"
PART 9 "J_Sleave_Reshape_Top_LE_3"
PART 10 "J_Wrist_LE"
PART 11 "J_Thumb_LE_0"
PART 12 "J_Thumb_LE_1"
PART 13 "J_Thumb_LE_2"
PART 14 "J_Thumb_LE_3"
PART 15 "J_PinkyPalm_LE"
PART 16 "J_Pinky_LE_0"
PART 17 "J_Pinky_LE_1"
PART 18 "J_Pinky_LE_2"
PART 19 "J_Pinky_LE_3"
PART 20 "J_RingPalm_LE"
PART 21 "J_Ring_LE_0"
PART 22 "J_Ring_LE_1"
PART 23 "J_Ring_LE_2"
PART 24 "J_Ring_LE_3"
PART 25 "J_Webbing_LE"
PART 26 "J_Index_LE_0"
PART 27 "J_Index_LE_1"
PART 28 "J_Index_LE_2"
PART 29 "J_Index_LE_3"
PART 30 "J_Mid_LE_0"
PART 31 "J_Mid_LE_1"
PART 32 "J_Mid_LE_2"
PART 33 "J_Mid_LE_3"
PART 34 "tag_knife_attach"
PART 35 "tag_weapon"
PART 36 "J_Gun"
PART 37 "tag_blade"
PART 38 "TAG_BOLT"
PART 39 "tag_pin"
PART 40 "tag_ring"
PART 41 "tag_origin"
PART 42 "origin_animate_jnt"
PART 43 "TAG_KNIFE_FX"
PART 44 "tag_clip"
PART 45 "J_Shoulder_RI"
PART 46 "J_Elbow_RI"
PART 47 "J_WristTwist_RI"
PART 48 "J_Sleave_Reshape_Top_RI_3"
PART 49 "J_Sleave_Reshape_Top_RI_2"
PART 50 "J_Sleave_Reshape_Top_RI_1"
PART 51 "J_Wrist_RI"
PART 52 "J_Thumb_RI_0"
PART 53 "J_Thumb_RI_1"
PART 54 "J_Thumb_RI_2"
PART 55 "J_Thumb_RI_3"
PART 56 "J_PinkyPalm_RI"
PART 57 "J_Pinky_RI_0"
PART 58 "J_Pinky_RI_1"
PART 59 "J_Pinky_RI_2"
PART 60 "J_Pinky_RI_3"
PART 61 "J_RingPalm_RI"
PART 62 "J_Ring_RI_0"
PART 63 "J_Ring_RI_1"
PART 64 "J_Ring_RI_2"
PART 65 "J_Ring_RI_3"
PART 66 "J_Webbing_RI"
PART 67 "J_Index_RI_0"
PART 68 "J_Index_RI_1"
PART 69 "J_Index_RI_2"
PART 70 "J_Index_RI_3"
PART 71 "J_Mid_RI_0"
PART 72 "J_Mid_RI_1"
PART 73 "J_Mid_RI_2"
PART 74 "J_Mid_RI_3"
PART 75 "tag_cambone"
PART 76 "tag_camera"
PART 77 "tag_gasmask"

FRAMERATE 30
NUMFRAMES 11

FRAME 1300
PART 0
OFFSET  0.0000 -0.0000 -0.0000
X  1.0000 -0.0000  0.0000
Y  0.0000  1.0000  0.0000
Z  0.0000 -0.0000  1.0000

PART 1
OFFSET -4.6318 -0.0000 -1.3770
X  1.0000 -0.0000  0.0000
Y  0.0000  1.0000  0.0000
Z  0.0000 -0.0000  1.0000

PART 2
OFFSET -6.2831  7.9373 -3.1869
X  0.2901  0.3459 -0.8923
Y  0.7682 -0.6402  0.0016
Z -0.5707 -0.6860 -0.4514

PART 3
OFFSET -2.7751  12.1208 -13.9783
X  0.6752  0.0916  0.7319
Y -0.6380 -0.4253  0.6419
Z  0.3701 -0.9004 -0.2288

PART 4
OFFSET  2.9682  12.8997 -7.7533
X  0.6752  0.0916  0.7319
Y  0.1529 -0.9881 -0.0174
Z  0.7216  0.1237 -0.6812

PART 5
OFFSET  4.2534  14.2842 -7.2038
X  0.6780  0.0966  0.7287
Y -0.3628  0.9062  0.2174
Z -0.6393 -0.4118  0.6494

PART 6
OFFSET  4.7244  12.8690 -7.9841
X  0.6780  0.0966  0.7287
Y -0.3628  0.9062  0.2174
Z -0.6393 -0.4118  0.6494

PART 7
OFFSET  3.0285  13.1528 -5.2148
X  0.6780  0.0966  0.7287
Y -0.3628  0.9062  0.2174
Z -0.6393 -0.4118  0.6494

PART 8
OFFSET  3.2641  11.7358 -5.3896
X  0.6780  0.0966  0.7287
Y -0.3628  0.9062  0.2174
Z -0.6393 -0.4118  0.6494

PART 9
OFFSET  4.1287  10.5136 -6.5537
X  0.6780  0.0966  0.7287
Y -0.3628  0.9062  0.2174
Z -0.6393 -0.4118  0.6494

PART 10
OFFSET  5.0383  13.1804 -5.5096
X  0.7094 -0.6221  0.3314
Y -0.5154 -0.7785 -0.3580
Z  0.4807  0.0832 -0.8729

PART 11
OFFSET  5.0574  12.1834 -6.0645
X  0.4934 -0.8481 -0.1933
Y -0.8291 -0.3913 -0.3994
Z  0.2631  0.3573 -0.8962

PART 12
OFFSET  6.0540  10.3342 -6.5713
X  0.7793 -0.5685  0.2636
Y -0.3632 -0.7526 -0.5492
Z  0.5106  0.3323 -0.7930

PART 13
OFFSET  7.3909  9.4986 -6.2018
X  0.9033  0.0522  0.4258
Y  0.1958 -0.9334 -0.3008
Z  0.3818  0.3551 -0.8533

PART 14
OFFSET  8.3886  9.5555 -5.7855
X  0.4619 -0.3819  0.8005
Y -0.8702 -0.0205  0.4923
Z -0.1716 -0.9240 -0.3418

PART 15
OFFSET  6.2877  13.5045 -5.0223
X  0.9070 -0.1574  0.3907
Y  0.4116  0.1337 -0.9015
Z  0.0897  0.9784  0.1861

PART 16
OFFSET  8.3629  13.0246 -4.2821
X  0.7486 -0.5417 -0.3823
Y -0.4432  0.0199 -0.8962
Z  0.4931  0.8404 -0.2251

PART 17
OFFSET  9.4228  12.2578 -4.8233
X -0.2665 -0.0852 -0.9601
Y -0.7978  0.5784  0.1701
Z  0.5408  0.8113 -0.2221

PART 18
OFFSET  9.1865  12.1822 -5.6745
X -0.8560  0.4219 -0.2989
Y -0.1686  0.3187  0.9328
Z  0.4888  0.8488 -0.2016

PART 19
OFFSET  8.3733  12.5831 -5.9584
X  0.6898 -0.6455 -0.3278
Y  0.4853  0.0763  0.8710
Z -0.5372 -0.7599  0.3659

PART 20
OFFSET  6.0340  12.8387 -5.0654
X  0.8363 -0.3524  0.4200
Y  0.4882  0.1300 -0.8630
Z  0.2495  0.9268  0.2808

PART 21
OFFSET  8.1927  11.9734 -3.9036
X  0.6265 -0.3255 -0.7081
Y -0.6551  0.2722 -0.7048
Z  0.4222  0.9055 -0.0427

PART 22
OFFSET  9.2594  11.4191 -5.1092
X -0.5832  0.2408 -0.7758
Y -0.6803  0.3772  0.6285
Z  0.4439  0.8943 -0.0562

PART 23
OFFSET  8.4511  11.7528 -6.1844
X -0.8257  0.4350  0.3590
Y  0.3429 -0.1182  0.9319
Z  0.4478  0.8926 -0.0516

PART 24
OFFSET  7.5555  12.2246 -5.7950
X  0.5027 -0.2450 -0.8290
Y  0.7346 -0.3844  0.5591
Z -0.4557 -0.8901 -0.0132

PART 25
OFFSET  6.6644  10.0713 -5.5245
X  0.9008 -0.4116  0.1383
Y -0.2736 -0.2907  0.9169
Z -0.3372 -0.8638 -0.3745

PART 26
OFFSET  7.2351  10.1385 -4.1640
X  0.6896 -0.1674 -0.7046
Y -0.6082  0.3942 -0.6890
Z  0.3931  0.9036  0.1700

PART 27
OFFSET  8.4492  9.8437 -5.4045
X -0.4434  0.4235 -0.7899
Y -0.7678  0.2752  0.5786
Z  0.4624  0.8631  0.2031

PART 28
OFFSET  7.8821  10.3061 -6.3772
X -0.8915  0.3650  0.2682
Y  0.1822 -0.2532  0.9501
Z  0.4147  0.8959  0.1592

PART 29
OFFSET  6.8750  10.7184 -6.0743
X  0.2424  0.3617 -0.9002
Y  0.8414 -0.5404  0.0094
Z -0.4831 -0.7597 -0.4353

PART 30
OFFSET  7.8048  11.0643 -3.9675
X  0.6199 -0.2694 -0.7370
Y -0.6150  0.4165 -0.6696
Z  0.4873  0.8683  0.0925

PART 31
OFFSET  9.0159  10.5381 -5.4072
X -0.6104  0.4014 -0.6829
Y -0.6493  0.2401  0.7216
Z  0.4536  0.8839  0.1140

PART 32
OFFSET  8.1243  11.1244 -6.4046
X -0.8493  0.3402  0.4037
Y  0.2992 -0.3198  0.8990
Z  0.4350  0.8843  0.1698

PART 33
OFFSET  7.1653  11.5162 -5.9469
X  0.4323 -0.1132 -0.8946
Y  0.8059 -0.3965  0.4396
Z -0.4045 -0.9110 -0.0802

PART 34
OFFSET  7.9719  12.0403 -5.7485
X  0.2299  0.9487  0.2170
Y -0.4807 -0.0832  0.8729
Z  0.8462 -0.3050  0.4369

PART 35
OFFSET  10.3500 -11.8860 -7.1526
X  0.5915 -0.8021  0.0819
Y -0.2130 -0.0575  0.9754
Z -0.7777 -0.5944 -0.2049

PART 36
OFFSET  10.3500 -11.8860 -7.1526
X  0.5915 -0.8021  0.0819
Y -0.2130 -0.0575  0.9754
Z -0.7777 -0.5944 -0.2049

PART 37
OFFSET  12.7155 -15.0937 -6.8251
X  0.5915 -0.8021  0.0819
Y -0.2130 -0.0575  0.9754
Z -0.7777 -0.5944 -0.2049

PART 38
OFFSET  10.4761 -15.4954 -7.3378
X  0.5915 -0.8021  0.0819
Y -0.2130 -0.0575  0.9754
Z -0.7777 -0.5944 -0.2049

PART 39
OFFSET  13.0780 -13.9610 -6.6792
X  0.5915 -0.8021  0.0819
Y -0.2130 -0.0575  0.9754
Z -0.7777 -0.5944 -0.2049

PART 40
OFFSET  13.1586 -13.8685 -6.6344
X  0.5915 -0.8021  0.0819
Y -0.2130 -0.0575  0.9754
Z -0.7777 -0.5944 -0.2049

PART 41
OFFSET  7.9418  11.5965 -5.3843
X  0.6035  0.7973 -0.0001
Y -0.0380  0.0287 -0.9989
Z -0.7964  0.6028  0.0476

PART 42
OFFSET  7.9418  11.5965 -5.3843
X  0.6035  0.7973 -0.0001
Y -0.0380  0.0287 -0.9989
Z -0.7964  0.6028  0.0476

PART 43
OFFSET  12.9100  16.7227 -5.4247
X  0.7964 -0.6028 -0.0476
Y -0.0380  0.0287 -0.9989
Z  0.6035  0.7973 -0.0001

PART 44
OFFSET  12.7155 -15.0937 -6.8251
X  0.5915 -0.8021  0.0819
Y -0.2130 -0.0575  0.9754
Z -0.7777 -0.5944 -0.2049

PART 45
OFFSET -6.0573 -7.9373 -2.8236
X -0.3372  0.6570  0.6743
Y -0.5960 -0.7034  0.3874
Z  0.7288 -0.2712  0.6288

PART 46
OFFSET -1.9794 -15.8833 -10.9780
X -0.9226 -0.1407 -0.3593
Y  0.3591 -0.6539 -0.6660
Z -0.1413 -0.7434  0.6538

PART 47
OFFSET  5.8674 -14.6870 -7.9220
X -0.9226 -0.1407 -0.3593
Y  0.0898 -0.9839  0.1546
Z -0.3753  0.1104  0.9203

PART 48
OFFSET  7.1641 -12.4406 -8.1203
X -0.9243 -0.1347 -0.3571
Y  0.1387  0.7531 -0.6431
Z  0.3556 -0.6440 -0.6774

PART 49
OFFSET  6.9546 -12.5057 -6.4891
X -0.9243 -0.1347 -0.3571
Y  0.1387  0.7531 -0.6431
Z  0.3556 -0.6440 -0.6774

PART 50
OFFSET  6.9966 -14.0313 -5.7296
X -0.9243 -0.1347 -0.3571
Y  0.1387  0.7531 -0.6431
Z  0.3556 -0.6440 -0.6774

PART 51
OFFSET  8.6957 -14.2557 -6.8205
X -0.3934 -0.8697 -0.2982
Y  0.6619 -0.4930  0.5646
Z -0.6380  0.0248  0.7696

PART 52
OFFSET  8.4958 -13.3989 -7.5472
X -0.1619 -0.8834  0.4398
Y  0.8909  0.0608  0.4502
Z -0.4244  0.4647  0.7771

PART 53
OFFSET  8.7800 -11.5246 -8.5845
X -0.5690 -0.8104 -0.1398
Y  0.5132 -0.4828  0.7096
Z -0.6426  0.3320  0.6906

PART 54
OFFSET  9.8011 -10.2823 -8.3937
X -0.8432 -0.1580 -0.5139
Y -0.0892 -0.9015  0.4236
Z -0.5302  0.4030  0.7460

PART 55
OFFSET  10.7386 -10.1146 -7.8794
X -0.3003 -0.5613 -0.7712
Y  0.9163  0.0549 -0.3967
Z  0.2650 -0.8258  0.4978

PART 56
OFFSET  9.8663 -14.0528 -6.1191
X -0.7770 -0.6054 -0.1726
Y -0.3995  0.2623  0.8784
Z -0.4865  0.7515 -0.4457

PART 57
OFFSET  11.5902 -12.6153 -5.9039
X -0.3795 -0.3556  0.8541
Y  0.7016  0.4913  0.5162
Z -0.6032  0.7951  0.0631

PART 58
OFFSET  12.1274 -12.1118 -7.1132
X  0.5861  0.4040  0.7023
Y  0.4988  0.5032 -0.7057
Z -0.6385  0.7639  0.0934

PART 59
OFFSET  11.6078 -12.4700 -7.7359
X  0.7708  0.5794  0.2648
Y  0.1867  0.1919 -0.9635
Z -0.6090  0.7921  0.0398

PART 60
OFFSET  10.8755 -13.0204 -7.9875
X -0.6187 -0.6782  0.3965
Y -0.4320 -0.1278 -0.8927
Z  0.6561 -0.7237 -0.2139

PART 61
OFFSET  9.4238 -13.5304 -6.3213
X -0.5989 -0.7381 -0.3108
Y -0.5932  0.1481  0.7913
Z -0.5381  0.6583 -0.5265

PART 62
OFFSET  11.0449 -11.7093 -5.4191
X -0.4680 -0.3422  0.8148
Y  0.5880  0.5677  0.5762
Z -0.6598  0.7487 -0.0645

PART 63
OFFSET  11.8416 -11.1266 -6.8063
X  0.4765  0.4694  0.7434
Y  0.6178  0.4229 -0.6630
Z -0.6255  0.7752 -0.0885

PART 64
OFFSET  11.1812 -11.7771 -7.8365
X  0.7510  0.6441  0.1454
Y  0.2488 -0.0721 -0.9659
Z -0.6116  0.7615 -0.2144

PART 65
OFFSET  10.3667 -12.4756 -7.9943
X -0.7875 -0.4491  0.4220
Y -0.2005 -0.4609 -0.8645
Z  0.5827 -0.7655  0.2729

PART 66
OFFSET  6.1565 -17.4450 -8.1264
X -0.6756 -0.7160 -0.1757
Y  0.5215 -0.2956 -0.8004
Z  0.5211 -0.6324  0.5732

PART 67
OFFSET  9.4923 -10.4860 -5.7985
X -0.5578 -0.4581  0.6921
Y  0.2026  0.7335  0.6488
Z -0.8049  0.5021 -0.3163

PART 68
OFFSET  10.4743 -9.6795 -7.0171
X  0.1572  0.7582  0.6328
Y  0.5620  0.4582 -0.6886
Z -0.8121  0.4638 -0.3541

PART 69
OFFSET  10.2340 -10.5731 -7.8079
X  0.5183  0.8477  0.1135
Y  0.3333 -0.0779 -0.9396
Z -0.7876  0.5248 -0.3229

PART 70
OFFSET  9.6486 -11.5305 -7.9361
X -0.6911 -0.0580  0.7204
Y -0.2847 -0.8944 -0.3450
Z  0.6643 -0.4435  0.6016

PART 71
OFFSET  10.2829 -11.1181 -5.3558
X -0.5234 -0.4220  0.7403
Y  0.3253  0.7040  0.6313
Z -0.7876  0.5712 -0.2312

PART 72
OFFSET  11.3053 -10.2937 -6.8020
X  0.3146  0.6274  0.7123
Y  0.6426  0.4115 -0.6463
Z -0.6986  0.6610 -0.2738

PART 73
OFFSET  10.8459 -11.2102 -7.8424
X  0.6517  0.7585  0.0026
Y  0.2845 -0.2412 -0.9278
Z -0.7031  0.6054 -0.3730

PART 74
OFFSET  10.1130 -12.0737 -7.8434
X -0.6365 -0.4662  0.6144
Y -0.2536 -0.6258 -0.7376
Z  0.7284 -0.6253  0.2801

PART 75
OFFSET  0.0000 -0.0000 -0.0000
X  1.0000 -0.0000  0.0000
Y  0.0000  1.0000  0.0000
Z  0.0000 -0.0000  1.0000

PART 76
OFFSET  0.0000 -0.0000 -0.0000
X  1.0000 -0.0000  0.0000
Y  0.0000  1.0000  0.0000
Z  0.0000 -0.0000  1.0000

PART 77
OFFSET  1.5404 -0.0000  4.1357
X  1.0000 -0.0000  0.0000
Y  0.0000  1.0000  0.0000
Z  0.0000 -0.0000  1.0000


FRAME 1301
PART 0
OFFSET  0.0000 -0.0000 -0.0000
X  1.0000 -0.0000  0.0000
Y  0.0000  1.0000  0.0000
Z  0.0000 -0.0000  1.0000

PART 1
OFFSET -4.6318 -0.0000 -1.3770
X  1.0000 -0.0000  0.0000
Y  0.0000  1.0000  0.0000
Z  0.0000 -0.0000  1.0000

PART 2
OFFSET -6.2224  7.8688 -3.1869
X  0.2855  0.3677 -0.8850
Y  0.7635 -0.6454 -0.0218
Z -0.5793 -0.6695 -0.4650

PART 3
OFFSET -2.7695  12.3154 -13.8905
X  0.6855  0.0697  0.7248
Y -0.6320 -0.4374  0.6397
Z  0.3616 -0.8966 -0.2558

PART 4
OFFSET  3.0607  12.9080 -7.7261
X  0.6855  0.0697  0.7248
Y  0.1309 -0.9910 -0.0286
Z  0.7162  0.1145 -0.6884

PART 5
OFFSET  4.3613  14.2713 -7.1600
X  0.6882  0.0747  0.7216
Y -0.3544  0.9025  0.2445
Z -0.6330 -0.4241  0.6476

PART 6
OFFSET  4.8134  12.8731 -7.9812
X  0.6882  0.0747  0.7216
Y -0.3544  0.9025  0.2445
Z -0.6330 -0.4241  0.6476

PART 7
OFFSET  3.1563  13.0981 -5.1832
X  0.6882  0.0747  0.7216
Y -0.3544  0.9025  0.2445
Z -0.6330 -0.4241  0.6476

PART 8
OFFSET  3.3811  11.6844 -5.3960
X  0.6882  0.0747  0.7216
Y -0.3544  0.9025  0.2445
Z -0.6330 -0.4241  0.6476

PART 9
OFFSET  4.2228  10.4865 -6.6012
X  0.6882  0.0747  0.7216
Y -0.3544  0.9025  0.2445
Z -0.6330 -0.4241  0.6476

PART 10
OFFSET  5.1621  13.1216 -5.5042
X  0.7044 -0.6287  0.3295
Y -0.5215 -0.7733 -0.3606
Z  0.4815  0.0821 -0.8726

PART 11
OFFSET  5.1734  12.1262 -6.0623
X  0.4867 -0.8513 -0.1959
Y -0.8321 -0.3835 -0.4008
Z  0.2661  0.3581 -0.8950

PART 12
OFFSET  6.1554  10.2708 -6.5748
X  0.7747 -0.5755  0.2619
Y -0.3691 -0.7480 -0.5517
Z  0.5134  0.3307 -0.7919

PART 13
OFFSET  7.4856  9.4235 -6.2077
X  0.9036  0.0437  0.4262
Y  0.1884 -0.9339 -0.3037
Z  0.3848  0.3547 -0.8521

PART 14
OFFSET  8.4836  9.4711 -5.7910
X  0.4587 -0.3881  0.7994
Y -0.8704 -0.0152  0.4921
Z -0.1788 -0.9215 -0.3447

PART 15
OFFSET  6.4139  13.4342 -5.0156
X  0.9056 -0.1659  0.3904
Y  0.4128  0.1333 -0.9010
Z  0.0974  0.9771  0.1892

PART 16
OFFSET  8.4851  12.9355 -4.2766
X  0.7444 -0.5464 -0.3838
Y -0.4428  0.0263 -0.8962
Z  0.4998  0.8371 -0.2224

PART 17
OFFSET  9.5390  12.1620 -4.8200
X -0.2670 -0.0800 -0.9604
Y -0.7932  0.5842  0.1718
Z  0.5473  0.8077 -0.2194

PART 18
OFFSET  9.3023  12.0910 -5.6715
X -0.8525  0.4296 -0.2977
Y -0.1663  0.3170  0.9337
Z  0.4955  0.8455 -0.1988

PART 19
OFFSET  8.4924  12.4992 -5.9543
X  0.6848 -0.6499 -0.3297
Y  0.4857  0.0697  0.8713
Z -0.5433 -0.7568  0.3634

PART 20
OFFSET  6.1550  12.7705 -5.0609
X  0.8334 -0.3603  0.4191
Y  0.4894  0.1289 -0.8625
Z  0.2568  0.9239  0.2838

PART 21
OFFSET  8.3065  11.8845 -3.9014
X  0.6241 -0.3283 -0.7090
Y -0.6528  0.2796 -0.7040
Z  0.4294  0.9023 -0.0398

PART 22
OFFSET  9.3690  11.3256 -5.1086
X -0.5811  0.2478 -0.7751
Y -0.6774  0.3805  0.6295
Z  0.4510  0.8909 -0.0532

PART 23
OFFSET  8.5636  11.6691 -6.1829
X -0.8223  0.4404  0.3602
Y  0.3418 -0.1239  0.9316
Z  0.4549  0.8892 -0.0487

PART 24
OFFSET  7.6717  12.1468 -5.7922
X  0.5009 -0.2464 -0.8297
Y  0.7314 -0.3920  0.5580
Z -0.4627 -0.8864 -0.0162

PART 25
OFFSET  6.7635  9.9997 -5.5286
X  0.8975 -0.4192  0.1372
Y -0.2761 -0.2914  0.9159
Z -0.3439 -0.8599 -0.3773

PART 26
OFFSET  7.3344  10.0580 -4.1679
X  0.6884 -0.1706 -0.7050
Y -0.6049  0.4012 -0.6878
Z  0.4002  0.9000  0.1730

PART 27
OFFSET  8.5464  9.7576 -5.4091
X -0.4399  0.4295 -0.7887
Y -0.7657  0.2794  0.5793
Z  0.4692  0.8587  0.2060

PART 28
OFFSET  7.9832  10.2276 -6.3804
X -0.8887  0.3712  0.2692
Y  0.1800 -0.2576  0.9493
Z  0.4217  0.8921  0.1621

PART 29
OFFSET  6.9794  10.6469 -6.0763
X  0.2455  0.3626 -0.8990
Y  0.8370 -0.5471  0.0079
Z -0.4890 -0.7545 -0.4378

PART 30
OFFSET  7.9114  10.9787 -3.9683
X  0.6179 -0.2719 -0.7377
Y -0.6116  0.4234 -0.6684
Z  0.4941  0.8641  0.0954

PART 31
OFFSET  9.1186  10.4475 -5.4095
X -0.6071  0.4084 -0.6817
Y -0.6476  0.2430  0.7222
Z  0.4605  0.8799  0.1169

PART 32
OFFSET  8.2319  11.0439 -6.4052
X -0.8466  0.3457  0.4046
Y  0.2964 -0.3250  0.8980
Z  0.4419  0.8803  0.1727

PART 33
OFFSET  7.2759  11.4419 -5.9464
X  0.4316 -0.1137 -0.8949
Y  0.8026 -0.4043  0.4385
Z -0.4117 -0.9075 -0.0832

PART 34
OFFSET  8.0866  11.9589 -5.7462
X  0.2374  0.9461  0.2201
Y -0.4815 -0.0821  0.8726
Z  0.8437 -0.3131  0.4361

PART 35
OFFSET  10.3756 -11.7330 -7.1057
X  0.5949 -0.8004  0.0739
Y -0.2104 -0.0664  0.9754
Z -0.7758 -0.5958 -0.2079

PART 36
OFFSET  10.3756 -11.7330 -7.1057
X  0.5949 -0.8004  0.0739
Y -0.2104 -0.0664  0.9754
Z -0.7758 -0.5958 -0.2079

PART 37
OFFSET  12.7548 -14.9337 -6.8104
X  0.5949 -0.8004  0.0739
Y -0.2104 -0.0664  0.9754
Z -0.7758 -0.5958 -0.2079

PART 38
OFFSET  10.5158 -15.3402 -7.3210
X  0.5949 -0.8004  0.0739
Y -0.2104 -0.0664  0.9754
Z -0.7758 -0.5958 -0.2079

PART 39
OFFSET  13.1131 -13.8008 -6.6560
X  0.5949 -0.8004  0.0739
Y -0.2104 -0.0664  0.9754
Z -0.7758 -0.5958 -0.2079

PART 40
OFFSET  13.1935 -13.7083 -6.6107
X  0.5949 -0.8004  0.0739
Y -0.2104 -0.0664  0.9754
Z -0.7758 -0.5958 -0.2079

PART 41
OFFSET  8.0530  11.5143 -5.3834
X  0.6098  0.7925  0.0026
Y -0.0375  0.0321 -0.9988
Z -0.7916  0.6090  0.0493

PART 42
OFFSET  8.0530  11.5143 -5.3834
X  0.6098  0.7925  0.0026
Y -0.0375  0.0321 -0.9988
Z -0.7916  0.6090  0.0493

PART 43
OFFSET  13.0617  16.6010 -5.4065
X  0.7916 -0.6090 -0.0493
Y -0.0375  0.0321 -0.9988
Z  0.6098  0.7925  0.0026

PART 44
OFFSET  12.7548 -14.9337 -6.8104
X  0.5949 -0.8004  0.0739
Y -0.2104 -0.0664  0.9754
Z -0.7758 -0.5958 -0.2079

PART 45
OFFSET -5.8535 -8.0481 -2.8236
X -0.3268  0.6717  0.6648
Y -0.5798 -0.6980  0.4203
Z  0.7464 -0.2481  0.6176

PART 46
OFFSET -1.9007 -16.1720 -10.8635
X -0.9189 -0.1780 -0.3521
Y  0.3764 -0.6632 -0.6469
Z -0.1183 -0.7270  0.6764

PART 47
OFFSET  5.9147 -14.6579 -7.8686
X -0.9189 -0.1780 -0.3521
Y  0.1238 -0.9775  0.1710
Z -0.3746  0.1135  0.9202

PART 48
OFFSET  7.1455 -12.3821 -8.1388
X -0.9208 -0.1721 -0.3501
Y  0.1155  0.7369 -0.6660
Z  0.3726 -0.6537 -0.6587

PART 49
OFFSET  6.9415 -12.4037 -6.5057
X -0.9208 -0.1721 -0.3501
Y  0.1155  0.7369 -0.6660
Z  0.3726 -0.6537 -0.6587

PART 50
OFFSET  7.0292 -13.9037 -5.7005
X -0.9208 -0.1721 -0.3501
Y  0.1155  0.7369 -0.6660
Z  0.3726 -0.6537 -0.6587

PART 51
OFFSET  8.7317 -14.1121 -6.7892
X -0.3907 -0.8688 -0.3044
Y  0.6653 -0.4950  0.5589
Z -0.6362  0.0158  0.7713

PART 52
OFFSET  8.5266 -13.2501 -7.5083
X -0.1573 -0.8876  0.4329
Y  0.8917  0.0607  0.4485
Z -0.4244  0.4566  0.7820

PART 53
OFFSET  8.8007 -11.3662 -8.5307
X -0.5660 -0.8115 -0.1452
Y  0.5169 -0.4865  0.7044
Z -0.6422  0.3237  0.6948

PART 54
OFFSET  9.8172 -10.1214 -8.3322
X -0.8438 -0.1572 -0.5131
Y -0.0845 -0.9053  0.4163
Z -0.5300  0.3947  0.7506

PART 55
OFFSET  10.7554 -9.9541 -7.8187
X -0.2999 -0.5561 -0.7751
Y  0.9151  0.0619 -0.3984
Z  0.2695 -0.8288  0.4903

PART 56
OFFSET  9.9032 -13.9102 -6.0890
X -0.7750 -0.6071 -0.1757
Y -0.3984  0.2534  0.8815
Z -0.4906  0.7531 -0.4383

PART 57
OFFSET  11.6218 -12.4676 -5.8661
X -0.3760 -0.3642  0.8521
Y  0.7008  0.4898  0.5186
Z -0.6062  0.7921  0.0711

PART 58
OFFSET  12.1541 -11.9519 -7.0724
X  0.5862  0.4006  0.7042
Y  0.4951  0.5110 -0.7027
Z -0.6413  0.7606  0.1012

PART 59
OFFSET  11.6344 -12.3071 -7.6968
X  0.7691  0.5803  0.2677
Y  0.1836  0.2006 -0.9623
Z -0.6121  0.7893  0.0478

PART 60
OFFSET  10.9036 -12.8584 -7.9511
X -0.6150 -0.6839  0.3924
Y -0.4337 -0.1222 -0.8927
Z  0.6585 -0.7192 -0.2215

PART 61
OFFSET  9.4581 -13.3879 -6.2858
X -0.5966 -0.7379 -0.3154
Y -0.5918  0.1391  0.7940
Z -0.5420  0.6604 -0.5197

PART 62
OFFSET  11.0741 -11.5678 -5.3724
X -0.4646 -0.3508  0.8131
Y  0.5871  0.5653  0.5794
Z -0.6629  0.7465 -0.0567

PART 63
OFFSET  11.8651 -10.9704 -6.7567
X  0.4764  0.4651  0.7461
Y  0.6144  0.4308 -0.6610
Z -0.6289  0.7733 -0.0805

PART 64
OFFSET  11.2047 -11.6151 -7.7907
X  0.7488  0.6459  0.1489
Y  0.2468 -0.0631 -0.9670
Z -0.6152  0.7608 -0.2066

PART 65
OFFSET  10.3927 -12.3156 -7.9522
X -0.7847 -0.4557  0.4202
Y -0.2008 -0.4545 -0.8678
Z  0.5865 -0.7653  0.2652

PART 66
OFFSET  6.2022 -17.3007 -8.1153
X -0.6731 -0.7173 -0.1800
Y  0.5208 -0.2869 -0.8040
Z  0.5251 -0.6350  0.5667

PART 67
OFFSET  9.5156 -10.3477 -5.7380
X -0.5542 -0.4660  0.6897
Y  0.2012  0.7290  0.6543
Z -0.8077  0.5014 -0.3102

PART 68
OFFSET  10.4914 -9.5272 -6.9523
X  0.1557  0.7536  0.6386
Y  0.5584  0.4662 -0.6862
Z -0.8148  0.4634 -0.3483

PART 69
OFFSET  10.2527 -10.4152 -7.7498
X  0.5151  0.8488  0.1193
Y  0.3313 -0.0688 -0.9410
Z -0.7905  0.5242 -0.3167

PART 70
OFFSET  9.6709 -11.3739 -7.8845
X -0.6891 -0.0667  0.7216
Y -0.2819 -0.8926 -0.3517
Z  0.6676 -0.4458  0.5963

PART 71
OFFSET  10.3098 -10.9802 -5.3025
X -0.5199 -0.4302  0.7380
Y  0.3240  0.7001  0.6363
Z -0.7904  0.5699 -0.2246

PART 72
OFFSET  11.3254 -10.1398 -6.7442
X  0.3138  0.6228  0.7167
Y  0.6394  0.4194 -0.6444
Z -0.7020  0.6604 -0.2666

PART 73
OFFSET  10.8672 -11.0495 -7.7911
X  0.6486  0.7611  0.0073
Y  0.2832 -0.2324 -0.9305
Z -0.7064  0.6056 -0.3663

PART 74
OFFSET  10.1377 -11.9160 -7.7974
X -0.6331 -0.4738  0.6121
Y -0.2529 -0.6208 -0.7421
Z  0.7316 -0.6246  0.2732

PART 75
OFFSET  0.0000 -0.0000 -0.0000
X  1.0000 -0.0000  0.0000
Y  0.0000  1.0000  0.0000
Z  0.0000 -0.0000  1.0000

PART 76
OFFSET -0.0000 -0.0000 -0.0000
X  1.0000  0.0000 -0.0026
Y  0.0000  1.0000  0.0016
Z  0.0026 -0.0016  1.0000

PART 77
OFFSET  1.5511 -0.0068  4.1318
X  1.0000  0.0000 -0.0026
Y  0.0000  1.0000  0.0016
Z  0.0026 -0.0016  1.0000


FRAME 1302
PART 0
OFFSET  0.0000 -0.0000 -0.0000
X  1.0000 -0.0000  0.0000
Y  0.0000  1.0000  0.0000
Z  0.0000 -0.0000  1.0000

PART 1
OFFSET -4.6318 -0.0000 -1.3770
X  1.0000 -0.0000  0.0000
Y  0.0000  1.0000  0.0000
Z  0.0000 -0.0000  1.0000

PART 2
OFFSET -6.0534  7.6829 -3.1869
X  0.2734  0.4298 -0.8605
Y  0.7482 -0.6573 -0.0906
Z -0.6046 -0.6191 -0.5012

PART 3
OFFSET -2.7473  12.8809 -13.5943
X  0.7133  0.0064  0.7008
Y -0.6153 -0.4730  0.6306
Z  0.3355 -0.8810 -0.3335

PART 4
OFFSET  3.3199  12.9352 -7.6338
X  0.7133  0.0064  0.7008
Y  0.0687 -0.9958 -0.0608
Z  0.6974  0.0915 -0.7108

PART 5
OFFSET  4.6653  14.2338 -7.0219
X  0.7161  0.0116  0.6979
Y -0.3286  0.8877  0.3224
Z -0.6158 -0.4602  0.6395

PART 6
OFFSET  5.0609  12.8921 -7.9584
X  0.7161  0.0116  0.6979
Y -0.3286  0.8877  0.3224
Z -0.6158 -0.4602  0.6395

PART 7
OFFSET  3.5144  12.9388 -5.0894
X  0.7161  0.0116  0.6979
Y -0.3286  0.8877  0.3224
Z -0.6158 -0.4602  0.6395

PART 8
OFFSET  3.7054  11.5410 -5.4119
X  0.7161  0.0116  0.6979
Y -0.3286  0.8877  0.3224
Z -0.6158 -0.4602  0.6395

PART 9
OFFSET  4.4796  10.4210 -6.7319
X  0.7161  0.0116  0.6979
Y -0.3286  0.8877  0.3224
Z -0.6158 -0.4602  0.6395

PART 10
OFFSET  5.5068  12.9548 -5.4854
X  0.6904 -0.6467  0.3243
Y -0.5379 -0.7586 -0.3677
Z  0.4838  0.0794 -0.8716

PART 11
OFFSET  5.4970  11.9645 -6.0523
X  0.4683 -0.8599 -0.2032
Y -0.8399 -0.3618 -0.4046
Z  0.2744  0.3601 -0.8916

PART 12
OFFSET  6.4389  10.0928 -6.5807
X  0.7619 -0.5944  0.2572
Y -0.3848 -0.7349 -0.5585
Z  0.5210  0.3265 -0.7886

PART 13
OFFSET  7.7503  9.2137 -6.2205
X  0.9040  0.0204  0.4270
Y  0.1684 -0.9351 -0.3119
Z  0.3929  0.3539 -0.8487

PART 14
OFFSET  8.7487  9.2360 -5.8029
X  0.4496 -0.4050  0.7961
Y -0.8709 -0.0007  0.4915
Z -0.1985 -0.9143 -0.3530

PART 15
OFFSET  6.7647  13.2359 -4.9934
X  0.9015 -0.1889  0.3893
Y  0.4162  0.1323 -0.8996
Z  0.1184  0.9730  0.1979

PART 16
OFFSET  8.8241  12.6860 -4.2577
X  0.7327 -0.5589 -0.3883
Y -0.4415  0.0438 -0.8962
Z  0.5179  0.8281 -0.2146

PART 17
OFFSET  9.8614  11.8947 -4.8075
X -0.2679 -0.0657 -0.9612
Y -0.7805  0.5997  0.1766
Z  0.5648  0.7975 -0.2120

PART 18
OFFSET  9.6239  11.8364 -5.6597
X -0.8428  0.4506 -0.2943
Y -0.1600  0.3122  0.9364
Z  0.5139  0.8363 -0.1910

PART 19
OFFSET  8.8232  12.2645 -5.9393
X  0.6708 -0.6616 -0.3351
Y  0.4865  0.0514  0.8722
Z -0.5598 -0.7481  0.3564

PART 20
OFFSET  6.4915  12.5784 -5.0447
X  0.8251 -0.3820  0.4163
Y  0.4927  0.1259 -0.8610
Z  0.2765  0.9156  0.2921

PART 21
OFFSET  8.6225  11.6358 -3.8920
X  0.6174 -0.3354 -0.7116
Y -0.6461  0.2999 -0.7019
Z  0.4488  0.8931 -0.0315

PART 22
OFFSET  9.6736  11.0648 -5.1036
X -0.5751  0.2672 -0.7732
Y -0.6695  0.3895  0.6325
Z  0.4702  0.8814 -0.0451

PART 23
OFFSET  8.8766  11.4352 -6.1752
X -0.8129  0.4549  0.3637
Y  0.3383 -0.1395  0.9306
Z  0.4741  0.8795 -0.0405

PART 24
OFFSET  7.9950  11.9285 -5.7807
X  0.4961 -0.2498 -0.8316
Y  0.7224 -0.4127  0.5549
Z -0.4818 -0.8760 -0.0243

PART 25
OFFSET  7.0403  9.7993 -5.5367
X  0.8881 -0.4397  0.1339
Y -0.2830 -0.2935  0.9131
Z -0.3622 -0.8488 -0.3851

PART 26
OFFSET  7.6114  9.8332 -4.1752
X  0.6851 -0.1792 -0.7061
Y -0.5956  0.4203 -0.6845
Z  0.4195  0.8895  0.1812

PART 27
OFFSET  8.8175  9.5176 -5.4184
X -0.4299  0.4459 -0.7851
Y -0.7599  0.2908  0.5813
Z  0.4875  0.8465  0.2138

PART 28
OFFSET  8.2652  10.0083 -6.3858
X -0.8806  0.3880  0.2720
Y  0.1737 -0.2699  0.9471
Z  0.4408  0.8813  0.1703

PART 29
OFFSET  7.2705  10.4465 -6.0785
X  0.2539  0.3652 -0.8956
Y  0.8250 -0.5651  0.0035
Z -0.5049 -0.7398 -0.4448

PART 30
OFFSET  8.2080  10.7394 -3.9672
X  0.6124 -0.2787 -0.7398
Y -0.6018  0.4425 -0.6649
Z  0.5126  0.8524  0.1033

PART 31
OFFSET  9.4045  10.1950 -5.4124
X -0.5976  0.4274 -0.6784
Y -0.6427  0.2505  0.7240
Z  0.4794  0.8687  0.1250

PART 32
OFFSET  8.5316  10.8193 -6.4032
X -0.8393  0.3603  0.4072
Y  0.2887 -0.3393  0.8953
Z  0.4608  0.8689  0.1807

PART 33
OFFSET  7.5841  11.2338 -5.9414
X  0.4297 -0.1151 -0.8956
Y  0.7934 -0.4255  0.4353
Z -0.4312 -0.8976 -0.0915

PART 34
OFFSET  8.4057  11.7314 -5.7362
X  0.2577  0.9388  0.2286
Y -0.4838 -0.0794  0.8716
Z  0.8364 -0.3352  0.4337

PART 35
OFFSET  10.4487 -11.3121 -6.9756
X  0.6044 -0.7950  0.0522
Y -0.2030 -0.0903  0.9750
Z -0.7704 -0.5999 -0.2159

PART 36
OFFSET  10.4487 -11.3121 -6.9756
X  0.6044 -0.7950  0.0522
Y -0.2030 -0.0903  0.9750
Z -0.7704 -0.5999 -0.2159

PART 37
OFFSET  12.8658 -14.4912 -6.7670
X  0.6044 -0.7950  0.0522
Y -0.2030 -0.0903  0.9750
Z -0.7704 -0.5999 -0.2159

PART 38
OFFSET  10.6281 -14.9118 -7.2718
X  0.6044 -0.7950  0.0522
Y -0.2030 -0.0903  0.9750
Z -0.7704 -0.5999 -0.2159

PART 39
OFFSET  13.2124 -13.3580 -6.5899
X  0.6044 -0.7950  0.0522
Y -0.2030 -0.0903  0.9750
Z -0.7704 -0.5999 -0.2159

PART 40
OFFSET  13.2920 -13.2656 -6.5431
X  0.6044 -0.7950  0.0522
Y -0.2030 -0.0903  0.9750
Z -0.7704 -0.5999 -0.2159

PART 41
OFFSET  8.3621  11.2844 -5.3773
X  0.6268  0.7791  0.0099
Y -0.0361  0.0418 -0.9985
Z -0.7783  0.6255  0.0543

PART 42
OFFSET  8.3621  11.2844 -5.3773
X  0.6268  0.7791  0.0099
Y -0.0361  0.0418 -0.9985
Z -0.7783  0.6255  0.0543

PART 43
OFFSET  13.4798  16.2615 -5.3527
X  0.7783 -0.6255 -0.0543
Y -0.0361  0.0418 -0.9985
Z  0.6268  0.7791  0.0099

PART 44
OFFSET  12.8658 -14.4912 -6.7670
X  0.6044 -0.7950  0.0522
Y -0.2030 -0.0903  0.9750
Z -0.7704 -0.5999 -0.2159

PART 45
OFFSET -5.3003 -8.3490 -2.8236
X -0.3051  0.7099  0.6348
Y -0.5337 -0.6795  0.5034
Z  0.7888 -0.1852  0.5861

PART 46
OFFSET -1.6110 -16.9343 -10.5011
X -0.9027 -0.2781 -0.3284
Y  0.4265 -0.6794 -0.5971
Z -0.0571 -0.6790  0.7319

PART 47
OFFSET  6.0666 -14.5688 -7.7079
X -0.9027 -0.2781 -0.3284
Y  0.2155 -0.9527  0.2145
Z -0.3725  0.1229  0.9199

PART 48
OFFSET  7.1089 -12.2298 -8.1656
X -0.9050 -0.2722 -0.3268
Y  0.0535  0.6895 -0.7223
Z  0.4220 -0.6712 -0.6095

PART 49
OFFSET  6.9126 -12.1400 -6.5340
X -0.9050 -0.2722 -0.3268
Y  0.0535  0.6895 -0.7223
Z  0.4220 -0.6712 -0.6095

PART 50
OFFSET  7.1237 -13.5606 -5.6156
X -0.9050 -0.2722 -0.3268
Y  0.0535  0.6895 -0.7223
Z  0.4220 -0.6712 -0.6095

PART 51
OFFSET  8.8339 -13.7162 -6.7011
X -0.3829 -0.8662 -0.3210
Y  0.6746 -0.4996  0.5434
Z -0.6311 -0.0085  0.7757

PART 52
OFFSET  8.6142 -12.8410 -7.3996
X -0.1443 -0.8987  0.4141
Y  0.8940  0.0610  0.4439
Z -0.4241  0.4343  0.7947

PART 53
OFFSET  8.8600 -10.9319 -8.3817
X -0.5578 -0.8145 -0.1594
Y  0.5271 -0.4960  0.6900
Z -0.6410  0.3009  0.7061

PART 54
OFFSET  9.8638 -9.6803 -8.1623
X -0.8455 -0.1554 -0.5109
Y -0.0715 -0.9152  0.3967
Z -0.5292  0.3719  0.7626

PART 55
OFFSET  10.8035 -9.5137 -7.6515
X -0.2989 -0.5422 -0.7853
Y  0.9116  0.0811 -0.4030
Z  0.2822 -0.8363  0.4700

PART 56
OFFSET  10.0078 -13.5165 -6.0043
X -0.7693 -0.6118 -0.1840
Y -0.3952  0.2293  0.8895
Z -0.5020  0.7570 -0.4182

PART 57
OFFSET  11.7116 -12.0596 -5.7608
X -0.3660 -0.3872  0.8462
Y  0.6988  0.4862  0.5247
Z -0.6146  0.7834  0.0926

PART 58
OFFSET  12.2297 -11.5114 -6.9589
X  0.5864  0.3916  0.7091
Y  0.4845  0.5320 -0.6945
Z -0.6492  0.7508  0.1223

PART 59
OFFSET  11.7097 -11.8586 -7.5876
X  0.7644  0.5830  0.2755
Y  0.1747  0.2239 -0.9588
Z -0.6206  0.7810  0.0693

PART 60
OFFSET  10.9836 -12.4124 -7.8492
X -0.6046 -0.6994  0.3812
Y -0.4384 -0.1074 -0.8923
Z  0.6651 -0.7066 -0.2417

PART 61
OFFSET  9.5555 -12.9951 -6.1866
X -0.5904 -0.7375 -0.3278
Y -0.5879  0.1148  0.8007
Z -0.5529  0.6655 -0.5014

PART 62
OFFSET  11.1571 -11.1773 -5.2437
X -0.4550 -0.3740  0.8081
Y  0.5846  0.5591  0.5879
Z -0.6717  0.7400 -0.0357

PART 63
OFFSET  11.9318 -10.5405 -6.6196
X  0.4763  0.4539  0.7531
Y  0.6050  0.4523 -0.6553
Z -0.6381  0.7677 -0.0592

PART 64
OFFSET  11.2717 -11.1697 -7.6632
X  0.7424  0.6510  0.1583
Y  0.2408 -0.0389 -0.9698
Z -0.6251  0.7581 -0.1857

PART 65
OFFSET  10.4665 -11.8756 -7.8349
X -0.7766 -0.4738  0.4152
Y -0.2016 -0.4375 -0.8763
Z  0.5969 -0.7643  0.2443

PART 66
OFFSET  6.3315 -16.9035 -8.0809
X -0.6662 -0.7208 -0.1914
Y  0.5184 -0.2631 -0.8136
Z  0.5360 -0.6413  0.5490

PART 67
OFFSET  9.5826 -9.9673 -5.5719
X -0.5442 -0.4875  0.6828
Y  0.1975  0.7166  0.6690
Z -0.8154  0.4989 -0.2937

PART 68
OFFSET  10.5407 -9.1091 -6.7741
X  0.1515  0.7410  0.6542
Y  0.5484  0.4876 -0.6793
Z -0.8224  0.4617 -0.3325

PART 69
OFFSET  10.3066 -9.9819 -7.5895
X  0.5063  0.8518  0.1347
Y  0.3256 -0.0442 -0.9445
Z -0.7985  0.5221 -0.2998

PART 70
OFFSET  9.7347 -10.9440 -7.7416
X -0.6834 -0.0905  0.7244
Y -0.2742 -0.8878 -0.3696
Z  0.6766 -0.4512  0.5819

PART 71
OFFSET  10.3868 -10.6002 -5.1557
X -0.5099 -0.4523  0.7317
Y  0.3205  0.6895  0.6495
Z -0.7983  0.5657 -0.2067

PART 72
OFFSET  11.3830 -9.7166 -6.5851
X  0.3116  0.6104  0.7282
Y  0.6302  0.4409 -0.6392
Z -0.7112  0.6581 -0.2473

PART 73
OFFSET  10.9278 -10.6081 -7.6489
X  0.6400  0.7681  0.0199
Y  0.2795 -0.2086 -0.9372
Z -0.7157  0.6054 -0.3481

PART 74
OFFSET  10.2082 -11.4825 -7.6696
X -0.6235 -0.4945  0.6056
Y -0.2509 -0.6071 -0.7540
Z  0.7404 -0.6221  0.2544

PART 75
OFFSET  0.0000 -0.0000 -0.0000
X  1.0000 -0.0000  0.0000
Y  0.0000  1.0000  0.0000
Z  0.0000 -0.0000  1.0000

PART 76
OFFSET -0.0000 -0.0000 -0.0000
X  1.0000 -0.0000 -0.0095
Y  0.0001  1.0000  0.0061
Z  0.0095 -0.0061  0.9999

PART 77
OFFSET  1.5798 -0.0252  4.1208
X  1.0000 -0.0000 -0.0095
Y  0.0001  1.0000  0.0061
Z  0.0095 -0.0061  0.9999


FRAME 1303
PART 0
OFFSET  0.0000 -0.0000 -0.0000
X  1.0000 -0.0000  0.0000
Y  0.0000  1.0000  0.0000
Z  0.0000 -0.0000  1.0000

PART 1
OFFSET -4.6318 -0.0000 -1.3770
X  1.0000 -0.0000  0.0000
Y  0.0000  1.0000  0.0000
Z  0.0000 -0.0000  1.0000

PART 2
OFFSET -5.7963  7.4089 -3.1869
X  0.2577  0.5263 -0.8103
Y  0.7188 -0.6648 -0.2032
Z -0.6457 -0.5301 -0.5496

PART 3
OFFSET -2.6803  13.7742 -12.9867
X  0.7530 -0.0933  0.6514
Y -0.5910 -0.5311  0.6071
Z  0.2893 -0.8422 -0.4550

PART 4
OFFSET  3.7241  12.9809 -7.4462
X  0.7530 -0.0933  0.6514
Y -0.0265 -0.9934 -0.1116
Z  0.6575  0.0668 -0.7505

PART 5
OFFSET  5.1406  14.1667 -6.7695
X  0.7557 -0.0878  0.6490
Y -0.2829  0.8500  0.4444
Z -0.5907 -0.5195  0.6175

PART 6
OFFSET  5.4411  12.9381 -7.8802
X  0.7557 -0.0878  0.6490
Y -0.2829  0.8500  0.4444
Z -0.5907 -0.5195  0.6175

PART 7
OFFSET  4.0670  12.6761 -4.9360
X  0.7557 -0.0878  0.6490
Y -0.2829  0.8500  0.4444
Z -0.5907 -0.5195  0.6175

PART 8
OFFSET  4.1976  11.3230 -5.4321
X  0.7557 -0.0878  0.6490
Y -0.2829  0.8500  0.4444
Z -0.5907 -0.5195  0.6175

PART 9
OFFSET  4.8599  10.3517 -6.9202
X  0.7557 -0.0878  0.6490
Y -0.2829  0.8500  0.4444
Z -0.5907 -0.5195  0.6175

PART 10
OFFSET  6.0325  12.6950 -5.4492
X  0.6688 -0.6729  0.3160
Y -0.5615 -0.7358 -0.3785
Z  0.4872  0.0757 -0.8700

PART 11
OFFSET  5.9915  11.7132 -6.0295
X  0.4407 -0.8717 -0.2145
Y -0.8506 -0.3291 -0.4102
Z  0.2870  0.3632 -0.8864

PART 12
OFFSET  6.8735  9.8196 -6.5826
X  0.7421 -0.6220  0.2497
Y -0.4075 -0.7145 -0.5687
Z  0.5322  0.3203 -0.7837

PART 13
OFFSET  8.1554  8.8939 -6.2333
X  0.9037 -0.0145  0.4280
Y  0.1386 -0.9357 -0.3244
Z  0.4052  0.3525 -0.8435

PART 14
OFFSET  9.1536  8.8784 -5.8145
X  0.4354 -0.4300  0.7909
Y -0.8711  0.0206  0.4907
Z -0.2273 -0.9026 -0.3656

PART 15
OFFSET  7.2982  12.9287 -4.9524
X  0.8945 -0.2230  0.3875
Y  0.4214  0.1311 -0.8973
Z  0.1493  0.9660  0.2112

PART 16
OFFSET  9.3378  12.3030 -4.2225
X  0.7148 -0.5769 -0.3953
Y -0.4387  0.0702 -0.8959
Z  0.5445  0.8138 -0.2029

PART 17
OFFSET  10.3499  11.4863 -4.7821
X -0.2687 -0.0440 -0.9622
Y -0.7611  0.6220  0.1841
Z  0.5904  0.7818 -0.2006

PART 18
OFFSET  10.1117  11.4472 -5.6353
X -0.8275  0.4814 -0.2888
Y -0.1511  0.3045  0.9405
Z  0.5407  0.8219 -0.1792

PART 19
OFFSET  9.3255  11.9046 -5.9097
X  0.6496 -0.6782 -0.3435
Y  0.4868  0.0239  0.8732
Z -0.5840 -0.7345  0.3457

PART 20
OFFSET  7.0040  12.2812 -5.0129
X  0.8119 -0.4139  0.4117
Y  0.4976  0.1217 -0.8588
Z  0.3054  0.9021  0.3047

PART 21
OFFSET  9.1022  11.2549 -3.8714
X  0.6072 -0.3454 -0.7156
Y -0.6352  0.3300 -0.6983
Z  0.4773  0.8785 -0.0190

PART 22
OFFSET  10.1359  10.6669 -5.0897
X -0.5652  0.2961 -0.7700
Y -0.6574  0.4022  0.6372
Z  0.4984  0.8664 -0.0327

PART 23
OFFSET  9.3525  11.0772 -6.1568
X -0.7983  0.4758  0.3692
Y  0.3325 -0.1629  0.9289
Z  0.5022  0.8643 -0.0282

PART 24
OFFSET  8.4867  11.5933 -5.7564
X  0.4888 -0.2543 -0.8345
Y  0.7080 -0.4432  0.5498
Z -0.5096 -0.8596 -0.0366

PART 25
OFFSET  7.4638  9.4928 -5.5422
X  0.8734 -0.4698  0.1286
Y -0.2934 -0.2966  0.9088
Z -0.3888 -0.8315 -0.3969

PART 26
OFFSET  8.0339  9.4898 -4.1799
X  0.6798 -0.1916 -0.7079
Y -0.5809  0.4485 -0.6793
Z  0.4476  0.8730  0.1936

PART 27
OFFSET  9.2309  9.1525 -5.4262
X -0.4144  0.4701 -0.7793
Y -0.7509  0.3072  0.5846
Z  0.5142  0.8274  0.2257

PART 28
OFFSET  8.6959  9.6738 -6.3873
X -0.8680  0.4123  0.2765
Y  0.1637 -0.2881  0.9435
Z  0.4687  0.8643  0.1826

PART 29
OFFSET  7.7154  10.1395 -6.0750
X  0.2666  0.3690 -0.8904
Y  0.8064 -0.5913 -0.0036
Z -0.5278 -0.7171 -0.4552

PART 30
OFFSET  8.6592  10.3734 -3.9590
X  0.6041 -0.2882 -0.7430
Y -0.5864  0.4706 -0.6593
Z  0.5396  0.8340  0.1153

PART 31
OFFSET  9.8393  9.8105 -5.4105
X -0.5827  0.4556 -0.6730
Y -0.6352  0.2612  0.7268
Z  0.5069  0.8510  0.1372

PART 32
OFFSET  8.9882  10.4759 -6.3935
X -0.8278  0.3816  0.4114
Y  0.2765 -0.3605  0.8908
Z  0.4882  0.8511  0.1929

PART 33
OFFSET  8.0540  10.9144 -5.9268
X  0.4269 -0.1167 -0.8967
Y  0.7788 -0.4566  0.4301
Z -0.4597 -0.8820 -0.1040

PART 34
OFFSET  8.8908  11.3824 -5.7142
X  0.2874  0.9268  0.2416
Y -0.4872 -0.0757  0.8700
Z  0.8246 -0.3678  0.4298

PART 35
OFFSET  10.5641 -10.6814 -6.7783
X  0.6186 -0.7855  0.0205
Y -0.1910 -0.1250  0.9736
Z -0.7622 -0.6062 -0.2273

PART 36
OFFSET  10.5641 -10.6814 -6.7783
X  0.6186 -0.7855  0.0205
Y -0.1910 -0.1250  0.9736
Z -0.7622 -0.6062 -0.2273

PART 37
OFFSET  13.0378 -13.8225 -6.6963
X  0.6186 -0.7855  0.0205
Y -0.1910 -0.1250  0.9736
Z -0.7622 -0.6062 -0.2273

PART 38
OFFSET  10.8024 -14.2661 -7.1918
X  0.6186 -0.7855  0.0205
Y -0.1910 -0.1250  0.9736
Z -0.7622 -0.6062 -0.2273

PART 39
OFFSET  13.3666 -12.6896 -6.4863
X  0.6186 -0.7855  0.0205
Y -0.1910 -0.1250  0.9736
Z -0.7622 -0.6062 -0.2273

PART 40
OFFSET  13.4451 -12.5974 -6.4374
X  0.6186 -0.7855  0.0205
Y -0.1910 -0.1250  0.9736
Z -0.7622 -0.6062 -0.2273

PART 41
OFFSET  8.8325  10.9322 -5.3615
X  0.6515  0.7583  0.0210
Y -0.0335  0.0565 -0.9978
Z -0.7579  0.6494  0.0622

PART 42
OFFSET  8.8325  10.9322 -5.3615
X  0.6515  0.7583  0.0210
Y -0.0335  0.0565 -0.9978
Z -0.7579  0.6494  0.0622

PART 43
OFFSET  14.1074  15.7414 -5.2650
X  0.7579 -0.6494 -0.0622
Y -0.0335  0.0565 -0.9978
Z  0.6515  0.7583  0.0210

PART 44
OFFSET  13.0378 -13.8225 -6.6963
X  0.6186 -0.7855  0.0205
Y -0.1910 -0.1250  0.9736
Z -0.7622 -0.6062 -0.2273

PART 45
OFFSET -4.4849 -8.7924 -2.8236
X -0.2900  0.7580  0.5842
Y -0.4642 -0.6453  0.6068
Z  0.8369 -0.0952  0.5390

PART 46
OFFSET -0.9775 -17.9594 -9.8894
X -0.8618 -0.4181 -0.2873
Y  0.5066 -0.6788 -0.5316
Z  0.0273 -0.6037  0.7968

PART 47
OFFSET  6.3521 -14.4030 -7.4458
X -0.8618 -0.4181 -0.2873
Y  0.3443 -0.8979  0.2742
Z -0.3726  0.1374  0.9177

PART 48
OFFSET  7.0985 -12.0121 -8.1483
X -0.8648 -0.4124 -0.2863
Y -0.0321  0.6146 -0.7882
Z  0.5010 -0.6725 -0.5447

PART 49
OFFSET  6.8935 -11.7830 -6.5314
X -0.8648 -0.4124 -0.2863
Y -0.0321  0.6146 -0.7882
Z  0.5010 -0.6725 -0.5447

PART 50
OFFSET  7.2782 -13.0673 -5.4785
X -0.8648 -0.4124 -0.2863
Y -0.0321  0.6146 -0.7882
Z  0.5010 -0.6725 -0.5447

PART 51
OFFSET  8.9940 -13.1211 -6.5650
X -0.3713 -0.8621 -0.3448
Y  0.6889 -0.5047  0.5203
Z -0.6226 -0.0444  0.7813

PART 52
OFFSET  8.7519 -12.2280 -7.2327
X -0.1244 -0.9139  0.3865
Y  0.8975  0.0625  0.4366
Z -0.4231  0.4011  0.8124

PART 53
OFFSET  8.9542 -10.2845 -8.1555
X -0.5453 -0.8187 -0.1799
Y  0.5429 -0.5085  0.6684
Z -0.6386  0.2668  0.7218

PART 54
OFFSET  9.9385 -9.0230 -7.9061
X -0.8480 -0.1539 -0.5071
Y -0.0515 -0.9285  0.3678
Z -0.5274  0.3380  0.7795

PART 55
OFFSET  10.8806 -8.8563 -7.3996
X -0.2978 -0.5220 -0.7992
Y  0.9057  0.1100 -0.4093
Z  0.3016 -0.8458  0.4401

PART 56
OFFSET  10.1716 -12.9231 -5.8740
X -0.7605 -0.6191 -0.1959
Y -0.3897  0.1938  0.9003
Z -0.5194  0.7610 -0.3886

PART 57
OFFSET  11.8525 -11.4450 -5.6009
X -0.3502 -0.4204  0.8370
Y  0.6958  0.4814  0.5330
Z -0.6270  0.7691  0.1239

PART 58
OFFSET  12.3483 -10.8497 -6.7859
X  0.5871  0.3790  0.7154
Y  0.4678  0.5624 -0.6818
Z -0.6607  0.7349  0.1529

PART 59
OFFSET  11.8278 -11.1858 -7.4202
X  0.7571  0.5872  0.2863
Y  0.1607  0.2575 -0.9528
Z -0.6333  0.7674  0.1006

PART 60
OFFSET  11.1086 -11.7437 -7.6922
X -0.5883 -0.7218  0.3646
Y -0.4459 -0.0865 -0.8909
Z  0.6746 -0.6867 -0.2709

PART 61
OFFSET  9.7085 -12.4042 -6.0348
X -0.5811 -0.7370 -0.3453
Y -0.5813  0.0788  0.8099
Z -0.5696  0.6713 -0.4742

PART 62
OFFSET  11.2884 -10.5895 -5.0502
X -0.4399 -0.4076  0.8002
Y  0.5811  0.5502  0.5997
Z -0.6847  0.7288 -0.0052

PART 63
OFFSET  12.0373 -9.8956 -6.4126
X  0.4763  0.4380  0.7624
Y  0.5901  0.4836 -0.6465
Z -0.6518  0.7578 -0.0281

PART 64
OFFSET  11.3772 -10.5026 -7.4693
X  0.7327  0.6585  0.1716
Y  0.2312 -0.0037 -0.9729
Z -0.6401  0.7525 -0.1549

PART 65
OFFSET  10.5825 -11.2168 -7.6554
X -0.7639 -0.5004  0.4075
Y -0.2033 -0.4127 -0.8879
Z  0.6125 -0.7610  0.2136

PART 66
OFFSET  6.5325 -16.3062 -8.0212
X -0.6557 -0.7259 -0.2078
Y  0.5143 -0.2278 -0.8268
Z  0.5528 -0.6490  0.5227

PART 67
OFFSET  9.6898 -9.3976 -5.3235
X -0.5284 -0.5185  0.6722
Y  0.1922  0.6982  0.6896
Z -0.8269  0.4936 -0.2693

PART 68
OFFSET  10.6201 -8.4847 -6.5070
X  0.1456  0.7223  0.6761
Y  0.5327  0.5186 -0.6688
Z -0.8337  0.4575 -0.3092

PART 69
OFFSET  10.3925 -9.3350 -7.3477
X  0.4929  0.8558  0.1569
Y  0.3163 -0.0083 -0.9486
Z -0.8105  0.5172 -0.2748

PART 70
OFFSET  9.8357 -10.3016 -7.5249
X -0.6740 -0.1256  0.7280
Y -0.2627 -0.8802 -0.3951
Z  0.6904 -0.4576  0.5603

PART 71
OFFSET  10.5092 -10.0292 -4.9360
X -0.4942 -0.4843  0.7219
Y  0.3154  0.6739  0.6681
Z -0.8101  0.5579 -0.1803

PART 72
OFFSET  11.4747 -9.0830 -6.3462
X  0.3087  0.5922  0.7443
Y  0.6156  0.4721 -0.6310
Z -0.7250  0.6530 -0.2188

PART 73
OFFSET  11.0238 -9.9479 -7.4334
X  0.6269  0.7782  0.0382
Y  0.2731 -0.1736 -0.9462
Z -0.7297  0.6036 -0.3213

PART 74
OFFSET  10.3191 -10.8337 -7.4750
X -0.6084 -0.5244  0.5956
Y -0.2484 -0.5870 -0.7706
Z  0.7537 -0.6168  0.2269

PART 75
OFFSET  0.0000 -0.0000 -0.0000
X  1.0000 -0.0000  0.0000
Y  0.0000  1.0000  0.0000
Z  0.0000 -0.0000  1.0000

PART 76
OFFSET -0.0000 -0.0000 -0.0000
X  0.9998  0.0000 -0.0198
Y  0.0002  0.9999  0.0126
Z  0.0198 -0.0126  0.9997

PART 77
OFFSET  1.6219 -0.0521  4.1042
X  0.9998  0.0000 -0.0198
Y  0.0002  0.9999  0.0126
Z  0.0198 -0.0126  0.9997


FRAME 1304
PART 0
OFFSET  0.0000 -0.0000 -0.0000
X  1.0000 -0.0000  0.0000
Y  0.0000  1.0000  0.0000
Z  0.0000 -0.0000  1.0000

PART 1
OFFSET -4.6318 -0.0000 -1.3770
X  1.0000 -0.0000  0.0000
Y  0.0000  1.0000  0.0000
Z  0.0000 -0.0000  1.0000

PART 2
OFFSET -5.4710  7.0762 -3.1869
X  0.2462  0.6423 -0.7258
Y  0.6729 -0.6523 -0.3489
Z -0.6975 -0.4025 -0.5928

PART 3
OFFSET -2.4931  14.8443 -11.9648
X  0.7944 -0.2150  0.5681
Y -0.5648 -0.6054  0.5607
Z  0.2234 -0.7663 -0.6024

PART 4
OFFSET  4.2637  13.0158 -7.1332
X  0.7944 -0.2150  0.5681
Y -0.1391 -0.9748 -0.1743
Z  0.5912  0.0595 -0.8043

PART 5
OFFSET  5.7696  14.0421 -6.3917
