// Export filename: `C:\projects\cod\t5\xanim_export\t5_viewmodels\ballistic_knife\b_knife_fire.XANIM_EXPORT`
// Source filename: `D:\projects\devanim\t5\animation_assets\viewmodels\ballistic_knife/ViewModel_ballistic_knife_animated2.fbx`
// Export time: Mon Sep 06 22:07:41 2010

ANIMATION
VERSION 3

NUMPARTS 78
PART 0 "tag_ads"
PART 1 "tag_torso"
PART 2 "J_Shoulder_LE"
PART 3 "J_Elbow_LE"
PART 4 "J_WristTwist_LE"
PART 5 "J_Sleave_Reshape_Bottom_LE_1"
PART 6 "J_Sleave_Reshape_Bottom_LE_2"
PART 7 "J_Sleave_Reshape_Top_LE_1"
PART 8 "J_Sleave_Reshape_Top_LE_2"
PART 9 "J_Sleave_Reshape_Top_LE_3"
PART 10 "J_Wrist_LE"
PART 11 "J_Thumb_LE_0"
PART 12 "J_Thumb_LE_1"
PART 13 "J_Thumb_LE_2"
PART 14 "J_Thumb_LE_3"
PART 15 "J_PinkyPalm_LE"
PART 16 "J_Pinky_LE_0"
PART 17 "J_Pinky_LE_1"
PART 18 "J_Pinky_LE_2"
PART 19 "J_Pinky_LE_3"
PART 20 "J_RingPalm_LE"
PART 21 "J_Ring_LE_0"
PART 22 "J_Ring_LE_1"
PART 23 "J_Ring_LE_2"
PART 24 "J_Ring_LE_3"
PART 25 "J_Webbing_LE"
PART 26 "J_Index_LE_0"
PART 27 "J_Index_LE_1"
PART 28 "J_Index_LE_2"
PART 29 "J_Index_LE_3"
PART 30 "J_Mid_LE_0"
PART 31 "J_Mid_LE_1"
PART 32 "J_Mid_LE_2"
PART 33 "J_Mid_LE_3"
PART 34 "tag_knife_attach"
PART 35 "tag_weapon"
PART 36 "J_Gun"
PART 37 "tag_blade"
PART 38 "TAG_BOLT"
PART 39 "tag_pin"
PART 40 "tag_ring"
PART 41 "tag_origin"
PART 42 "origin_animate_jnt"
PART 43 "TAG_KNIFE_FX"
PART 44 "tag_clip"
PART 45 "J_Shoulder_RI"
PART 46 "J_Elbow_RI"
PART 47 "J_WristTwist_RI"
PART 48 "J_Sleave_Reshape_Top_RI_3"
PART 49 "J_Sleave_Reshape_Top_RI_2"
PART 50 "J_Sleave_Reshape_Top_RI_1"
PART 51 "J_Wrist_RI"
PART 52 "J_Thumb_RI_0"
PART 53 "J_Thumb_RI_1"
PART 54 "J_Thumb_RI_2"
PART 55 "J_Thumb_RI_3"
PART 56 "J_PinkyPalm_RI"
PART 57 "J_Pinky_RI_0"
PART 58 "J_Pinky_RI_1"
PART 59 "J_Pinky_RI_2"
PART 60 "J_Pinky_RI_3"
PART 61 "J_RingPalm_RI"
PART 62 "J_Ring_RI_0"
PART 63 "J_Ring_RI_1"
PART 64 "J_Ring_RI_2"
PART 65 "J_Ring_RI_3"
PART 66 "J_Webbing_RI"
PART 67 "J_Index_RI_0"
PART 68 "J_Index_RI_1"
PART 69 "J_Index_RI_2"
PART 70 "J_Index_RI_3"
PART 71 "J_Mid_RI_0"
PART 72 "J_Mid_RI_1"
PART 73 "J_Mid_RI_2"
PART 74 "J_Mid_RI_3"
PART 75 "tag_cambone"
PART 76 "tag_camera"
PART 77 "tag_gasmask"

FRAMERATE 30
NUMFRAMES 26

FRAME 30
PART 0
OFFSET  0.0000 -0.0000 -0.0000
X  1.0000 -0.0000  0.0000
Y  0.0000  1.0000  0.0000
Z  0.0000 -0.0000  1.0000

PART 1
OFFSET -4.6318 -0.0000 -1.3770
X  1.0000 -0.0000  0.0000
Y  0.0000  1.0000  0.0000
Z  0.0000 -0.0000  1.0000

PART 2
OFFSET -6.2831  7.9373 -3.1869
X  0.8234  0.3425 -0.4524
Y  0.2348 -0.9315 -0.2780
Z -0.5166  0.1227 -0.8474

PART 3
OFFSET  3.6748  12.0800 -8.6586
X  0.7098 -0.5050  0.4911
Y -0.7018 -0.4462  0.5554
Z -0.0614 -0.7388 -0.6711

PART 4
OFFSET  9.7116  7.7846 -4.4814
X  0.7098 -0.5050  0.4911
Y -0.3956 -0.8626 -0.3153
Z  0.5829  0.0295 -0.8120

PART 5
OFFSET  11.4992  8.2129 -3.7801
X  0.7141 -0.5003  0.4896
Y  0.0694  0.7466  0.6616
Z -0.6966 -0.4385  0.5679

PART 6
OFFSET  11.2677  7.2930 -5.1708
X  0.7141 -0.5003  0.4896
Y  0.0694  0.7466  0.6616
Z -0.6966 -0.4385  0.5679

PART 7
OFFSET  10.0829  6.7332 -2.1861
X  0.7141 -0.5003  0.4896
Y  0.0694  0.7466  0.6616
Z -0.6966 -0.4385  0.5679

PART 8
OFFSET  9.6881  5.5946 -2.9872
X  0.7141 -0.5003  0.4896
Y  0.0694  0.7466  0.6616
Z -0.6966 -0.4385  0.5679

PART 9
OFFSET  9.8616  4.8879 -4.7384
X  0.7141 -0.5003  0.4896
Y  0.0694  0.7466  0.6616
Z -0.6966 -0.4385  0.5679

PART 10
OFFSET  11.8875  6.2363 -2.9758
X  0.7094 -0.6221  0.3314
Y -0.5154 -0.7785 -0.3580
Z  0.4807  0.0832 -0.8729

PART 11
OFFSET  11.9065  5.2393 -3.5307
X  0.4934 -0.8481 -0.1933
Y -0.8291 -0.3913 -0.3994
Z  0.2631  0.3573 -0.8962

PART 12
OFFSET  12.9031  3.3901 -4.0375
X  0.7793 -0.5685  0.2636
Y -0.3632 -0.7526 -0.5492
Z  0.5106  0.3323 -0.7930

PART 13
OFFSET  14.2401  2.5545 -3.6680
X  0.9033  0.0522  0.4258
Y  0.1958 -0.9334 -0.3008
Z  0.3818  0.3551 -0.8533

PART 14
OFFSET  15.2377  2.6114 -3.2517
X  0.4619 -0.3819  0.8005
Y -0.8702 -0.0205  0.4923
Z -0.1716 -0.9240 -0.3418

PART 15
OFFSET  13.1368  6.5604 -2.4884
X  0.9070 -0.1574  0.3907
Y  0.4116  0.1337 -0.9015
Z  0.0897  0.9784  0.1861

PART 16
OFFSET  15.2120  6.0806 -1.7483
X  0.7486 -0.5417 -0.3823
Y -0.4432  0.0199 -0.8962
Z  0.4931  0.8404 -0.2251

PART 17
OFFSET  16.2720  5.3137 -2.2895
X -0.2665 -0.0852 -0.9601
Y -0.7978  0.5784  0.1701
Z  0.5408  0.8113 -0.2221

PART 18
OFFSET  16.0357  5.2381 -3.1407
X -0.8560  0.4219 -0.2989
Y -0.1686  0.3187  0.9328
Z  0.4888  0.8488 -0.2016

PART 19
OFFSET  15.2225  5.6390 -3.4246
X  0.6898 -0.6455 -0.3278
Y  0.4853  0.0763  0.8710
Z -0.5372 -0.7599  0.3659

PART 20
OFFSET  12.8832  5.8946 -2.5316
X  0.8363 -0.3524  0.4200
Y  0.4882  0.1300 -0.8630
Z  0.2495  0.9268  0.2808

PART 21
OFFSET  15.0419  5.0293 -1.3698
X  0.6265 -0.3255 -0.7081
Y -0.6551  0.2722 -0.7048
Z  0.4222  0.9055 -0.0427

PART 22
OFFSET  16.1086  4.4750 -2.5754
X -0.5832  0.2408 -0.7758
Y -0.6803  0.3772  0.6285
Z  0.4439  0.8943 -0.0562

PART 23
OFFSET  15.3002  4.8087 -3.6506
X -0.8257  0.4350  0.3590
Y  0.3429 -0.1182  0.9319
Z  0.4478  0.8926 -0.0516

PART 24
OFFSET  14.4047  5.2805 -3.2612
X  0.5027 -0.2450 -0.8290
Y  0.7346 -0.3844  0.5591
Z -0.4557 -0.8901 -0.0132

PART 25
OFFSET  13.5136  3.1272 -2.9906
X  0.9008 -0.4116  0.1383
Y -0.2736 -0.2907  0.9169
Z -0.3372 -0.8638 -0.3745

PART 26
OFFSET  14.0843  3.1944 -1.6302
X  0.6896 -0.1674 -0.7046
Y -0.6082  0.3942 -0.6890
Z  0.3931  0.9036  0.1700

PART 27
OFFSET  15.2984  2.8996 -2.8707
X -0.4434  0.4235 -0.7899
Y -0.7678  0.2752  0.5786
Z  0.4624  0.8631  0.2031

PART 28
OFFSET  14.7312  3.3620 -3.8434
X -0.8915  0.3650  0.2682
Y  0.1822 -0.2532  0.9501
Z  0.4147  0.8959  0.1592

PART 29
OFFSET  13.7242  3.7743 -3.5404
X  0.2424  0.3617 -0.9002
Y  0.8414 -0.5404  0.0094
Z -0.4831 -0.7597 -0.4353

PART 30
OFFSET  14.6540  4.1202 -1.4337
X  0.6199 -0.2694 -0.7370
Y -0.6150  0.4165 -0.6696
Z  0.4873  0.8683  0.0925

PART 31
OFFSET  15.8651  3.5940 -2.8734
X -0.6104  0.4014 -0.6829
Y -0.6493  0.2401  0.7216
Z  0.4536  0.8839  0.1140

PART 32
OFFSET  14.9735  4.1803 -3.8708
X -0.8493  0.3402  0.4037
Y  0.2992 -0.3198  0.8990
Z  0.4350  0.8843  0.1698

PART 33
OFFSET  14.0145  4.5721 -3.4131
X  0.4323 -0.1132 -0.8946
Y  0.8059 -0.3965  0.4396
Z -0.4045 -0.9110 -0.0802

PART 34
OFFSET  14.8211  5.0962 -3.2147
X  0.2299  0.9487  0.2170
Y -0.4807 -0.0832  0.8729
Z  0.8462 -0.3050  0.4369

PART 35
OFFSET  13.4483 -3.7816 -3.7782
X  0.5915 -0.8021  0.0819
Y -0.2130 -0.0575  0.9754
Z -0.7777 -0.5944 -0.2049

PART 36
OFFSET  13.4483 -3.7816 -3.7782
X  0.5915 -0.8021  0.0819
Y -0.2130 -0.0575  0.9754
Z -0.7777 -0.5944 -0.2049

PART 37
OFFSET  15.8138 -6.9893 -3.4507
X  0.5915 -0.8021  0.0819
Y -0.2130 -0.0575  0.9754
Z -0.7777 -0.5944 -0.2049

PART 38
OFFSET  13.5744 -7.3910 -3.9634
X  0.5915 -0.8021  0.0819
Y -0.2130 -0.0575  0.9754
Z -0.7777 -0.5944 -0.2049

PART 39
OFFSET  54.4840 -44.8497 -111.4422
X  0.5915 -0.8021  0.0819
Y -0.2130 -0.0575  0.9754
Z -0.7777 -0.5944 -0.2049

PART 40
OFFSET  54.5646 -44.7572 -111.3975
X  0.5915 -0.8021  0.0819
Y -0.2130 -0.0575  0.9754
Z -0.7777 -0.5944 -0.2049

PART 41
OFFSET  14.7910  4.6524 -2.8504
X  0.6035  0.7973 -0.0001
Y -0.0380  0.0287 -0.9989
Z -0.7964  0.6028  0.0476

PART 42
OFFSET  14.7910  4.6524 -2.8504
X  0.6035  0.7973 -0.0001
Y -0.0380  0.0287 -0.9989
Z -0.7964  0.6028  0.0476

PART 43
OFFSET  19.7592  9.7786 -2.8909
X  0.7964 -0.6028 -0.0476
Y -0.0380  0.0287 -0.9989
Z  0.6035  0.7973 -0.0001

PART 44
OFFSET  15.8138 -6.9893 -3.4507
X  0.5915 -0.8021  0.0819
Y -0.2130 -0.0575  0.9754
Z -0.7777 -0.5944 -0.2049

PART 45
OFFSET -6.0573 -7.9373 -2.8236
X -0.8071  0.4529  0.3788
Y -0.2258 -0.8296  0.5107
Z  0.5456  0.3266  0.7718

PART 46
OFFSET  3.7033 -13.4149 -7.4049
X -0.6992 -0.6277 -0.3421
Y  0.7100 -0.5536 -0.4352
Z  0.0838 -0.5472  0.8328

PART 47
OFFSET  9.6504 -8.0758 -4.4949
X -0.6992 -0.6277 -0.3421
Y  0.4653 -0.7629  0.4488
Z -0.5428  0.1546  0.8255

PART 48
OFFSET  9.8733 -5.6039 -5.2740
X -0.7037 -0.6229 -0.3418
Y -0.0920  0.5569 -0.8255
Z  0.7045 -0.5494 -0.4492

PART 49
OFFSET  9.4430 -5.3698 -3.7027
X -0.7037 -0.6229 -0.3418
Y -0.0920  0.5569 -0.8255
Z  0.7045 -0.5494 -0.4492

PART 50
OFFSET  10.0068 -6.4785 -2.5370
X -0.7037 -0.6229 -0.3418
Y -0.0920  0.5569 -0.8255
Z  0.7045 -0.5494 -0.4492

PART 51
OFFSET  11.7939 -6.1513 -3.4461
X -0.3934 -0.8697 -0.2982
Y  0.6619 -0.4930  0.5646
Z -0.6380  0.0248  0.7696

PART 52
OFFSET  11.5941 -5.2945 -4.1728
X -0.1619 -0.8834  0.4398
Y  0.8909  0.0608  0.4502
Z -0.4244  0.4647  0.7771

PART 53
OFFSET  11.8783 -3.4202 -5.2100
X -0.5690 -0.8104 -0.1398
Y  0.5132 -0.4828  0.7096
Z -0.6426  0.3320  0.6906

PART 54
OFFSET  12.8993 -2.1779 -5.0193
X -0.8432 -0.1580 -0.5139
Y -0.0892 -0.9015  0.4236
Z -0.5302  0.4030  0.7460

PART 55
OFFSET  13.8369 -2.0102 -4.5049
X -0.3003 -0.5613 -0.7712
Y  0.9163  0.0549 -0.3967
Z  0.2650 -0.8258  0.4978

PART 56
OFFSET  12.9646 -5.9484 -2.7447
X -0.7770 -0.6054 -0.1726
Y -0.3995  0.2623  0.8784
Z -0.4865  0.7515 -0.4457

PART 57
OFFSET  14.6885 -4.5109 -2.5295
X -0.3795 -0.3556  0.8541
Y  0.7016  0.4913  0.5162
Z -0.6032  0.7951  0.0631

PART 58
OFFSET  15.2257 -4.0074 -3.7387
X  0.5861  0.4040  0.7023
Y  0.4988  0.5032 -0.7057
Z -0.6385  0.7639  0.0934

PART 59
OFFSET  14.7061 -4.3656 -4.3614
X  0.7708  0.5794  0.2648
Y  0.1867  0.1919 -0.9635
Z -0.6090  0.7921  0.0398

PART 60
OFFSET  13.9738 -4.9160 -4.6130
X -0.6187 -0.6782  0.3965
Y -0.4320 -0.1278 -0.8927
Z  0.6561 -0.7237 -0.2139

PART 61
OFFSET  12.5221 -5.4260 -2.9469
X -0.5989 -0.7381 -0.3108
Y -0.5932  0.1481  0.7913
Z -0.5381  0.6583 -0.5265

PART 62
OFFSET  14.1432 -3.6049 -2.0446
X -0.4680 -0.3422  0.8148
Y  0.5880  0.5677  0.5762
Z -0.6598  0.7487 -0.0645

PART 63
OFFSET  14.9399 -3.0222 -3.4318
X  0.4765  0.4694  0.7434
Y  0.6178  0.4229 -0.6630
Z -0.6255  0.7752 -0.0885

PART 64
OFFSET  14.2795 -3.6727 -4.4621
X  0.7510  0.6441  0.1454
Y  0.2488 -0.0721 -0.9659
Z -0.6116  0.7615 -0.2144

PART 65
OFFSET  13.4650 -4.3712 -4.6198
X -0.7875 -0.4491  0.4220
Y -0.2005 -0.4609 -0.8645
Z  0.5827 -0.7655  0.2729

PART 66
OFFSET  9.2548 -9.3406 -4.7520
X -0.6756 -0.7160 -0.1757
Y  0.5215 -0.2956 -0.8004
Z  0.5211 -0.6324  0.5732

PART 67
OFFSET  12.5906 -2.3816 -2.4241
X -0.5578 -0.4581  0.6921
Y  0.2026  0.7335  0.6488
Z -0.8049  0.5021 -0.3163

PART 68
OFFSET  13.5726 -1.5751 -3.6427
X  0.1572  0.7582  0.6328
Y  0.5620  0.4582 -0.6886
Z -0.8121  0.4638 -0.3541

PART 69
OFFSET  13.3322 -2.4687 -4.4334
X  0.5183  0.8477  0.1135
Y  0.3333 -0.0779 -0.9396
Z -0.7876  0.5248 -0.3229

PART 70
OFFSET  12.7469 -3.4261 -4.5617
X -0.6911 -0.0580  0.7204
Y -0.2847 -0.8944 -0.3450
Z  0.6643 -0.4435  0.6016

PART 71
OFFSET  13.3812 -3.0137 -1.9814
X -0.5234 -0.4220  0.7403
Y  0.3253  0.7040  0.6313
Z -0.7876  0.5712 -0.2312

PART 72
OFFSET  14.4036 -2.1893 -3.4275
X  0.3146  0.6274  0.7123
Y  0.6426  0.4115 -0.6463
Z -0.6986  0.6610 -0.2738

PART 73
OFFSET  13.9442 -3.1058 -4.4680
X  0.6517  0.7585  0.0026
Y  0.2845 -0.2412 -0.9278
Z -0.7031  0.6054 -0.3730

PART 74
OFFSET  13.2113 -3.9693 -4.4689
X -0.6365 -0.4662  0.6144
Y -0.2536 -0.6258 -0.7376
Z  0.7284 -0.6253  0.2801

PART 75
OFFSET  0.0000 -0.0000 -0.0000
X  1.0000 -0.0000  0.0000
Y  0.0000  1.0000  0.0000
Z  0.0000 -0.0000  1.0000

PART 76
OFFSET  0.0000 -0.0000 -0.0000
X  1.0000 -0.0000  0.0000
Y  0.0000  1.0000  0.0000
Z  0.0000 -0.0000  1.0000

PART 77
OFFSET  1.5404 -0.0000  4.1357
X  1.0000 -0.0000  0.0000
Y  0.0000  1.0000  0.0000
Z  0.0000 -0.0000  1.0000


FRAME 31
PART 0
OFFSET  0.0000 -0.0000 -0.0000
X  1.0000 -0.0000  0.0000
Y  0.0000  1.0000  0.0000
Z  0.0000 -0.0000  1.0000

PART 1
OFFSET -4.6318 -0.0000 -1.3770
X  1.0000 -0.0000  0.0000
Y  0.0000  1.0000  0.0000
Z  0.0000 -0.0000  1.0000

PART 2
OFFSET -6.2831  7.9373 -3.1869
X  0.6872  0.4610 -0.5615
Y  0.2321 -0.8717 -0.4317
Z -0.6884  0.1663 -0.7060

PART 3
OFFSET  2.0276  13.5128 -9.9772
X  0.6675 -0.6143  0.4208
Y -0.7291 -0.4245  0.5369
Z -0.1512 -0.6651 -0.7312

PART 4
OFFSET  7.7049  8.2876 -6.3985
X  0.6675 -0.6143  0.4208
Y -0.7083 -0.6982  0.1043
Z  0.2297 -0.3677 -0.9012

PART 5
OFFSET  9.5430  8.4743 -5.7221
X  0.6723 -0.6100  0.4196
Y  0.1598  0.6729  0.7223
Z -0.7229 -0.4185  0.5498

PART 6
OFFSET  9.1869  7.7118 -7.1800
X  0.6723 -0.6100  0.4196
Y  0.1598  0.6729  0.7223
Z -0.7229 -0.4185  0.5498

PART 7
OFFSET  8.0252  7.0004 -4.2186
X  0.6723 -0.6100  0.4196
Y  0.1598  0.6729  0.7223
Z -0.7229 -0.4185  0.5498

PART 8
OFFSET  7.4992  5.9833 -5.1034
X  0.6723 -0.6100  0.4196
Y  0.1598  0.6729  0.7223
Z -0.7229 -0.4185  0.5498

PART 9
OFFSET  7.5584  5.4256 -6.9150
X  0.6723 -0.6100  0.4196
Y  0.1598  0.6729  0.7223
Z -0.7229 -0.4185  0.5498

PART 10
OFFSET  9.7513  6.4043 -5.1086
X  0.9305 -0.2875  0.2269
Y -0.3393 -0.9101  0.2380
Z  0.1381 -0.2985 -0.9444

PART 11
OFFSET  9.8992  5.2741 -5.1646
X  0.6421 -0.7664 -0.0190
Y -0.7521 -0.6345  0.1779
Z -0.1484 -0.0999 -0.9839

PART 12
OFFSET  11.2014  3.5514 -5.2426
X  0.9563 -0.2661  0.1210
Y -0.2690 -0.9631  0.0086
Z  0.1142 -0.0408 -0.9926

PART 13
OFFSET  12.7741  3.1747 -5.1590
X  0.9300  0.3641 -0.0498
Y  0.3664 -0.9290  0.0517
Z -0.0275 -0.0664 -0.9974

PART 14
OFFSET  13.7848  3.5496 -5.2577
X  0.7797  0.1199  0.6146
Y -0.6258  0.1182  0.7709
Z  0.0198 -0.9857  0.1672

PART 15
OFFSET  10.9299  7.0751 -5.3623
X  0.9860  0.1664  0.0049
Y  0.0516 -0.2773 -0.9594
Z -0.1583  0.9463 -0.2820

PART 16
OFFSET  13.1747  7.2772 -5.4278
X  0.7208 -0.5639 -0.4031
Y -0.6827 -0.4768 -0.5537
Z  0.1200  0.6743 -0.7287

PART 17
OFFSET  14.1952  6.4788 -5.9985
X -0.5113 -0.5774 -0.6365
Y -0.8419  0.4854  0.2359
Z  0.1728  0.6565 -0.7343

PART 18
OFFSET  13.7419  5.9669 -6.5629
X -0.9919  0.1130 -0.0585
Y  0.0399  0.7124  0.7006
Z  0.1208  0.6926 -0.7111

PART 19
OFFSET  12.7996  6.0743 -6.6185
X  0.7161 -0.6338 -0.2922
Y  0.6837  0.5526  0.4767
Z -0.1406 -0.5412  0.8291

PART 20
OFFSET  10.8898  6.4487 -5.0224
X  0.9905  0.0041  0.1372
Y  0.1338 -0.2523 -0.9584
Z  0.0307  0.9676 -0.2504

PART 21
OFFSET  13.4571  6.5356 -4.6231
X  0.4444 -0.5524 -0.7052
Y -0.8910 -0.1911 -0.4119
Z  0.0928  0.8114 -0.5771

PART 22
OFFSET  14.2138  5.5952 -5.8238
X -0.8386 -0.2443 -0.4869
Y -0.5332  0.5512  0.6418
Z  0.1116  0.7978 -0.5925

PART 23
OFFSET  13.0515  5.2566 -6.4985
X -0.7652  0.4511  0.4594
Y  0.6331  0.3974  0.6642
Z  0.1171  0.7991 -0.5897

PART 24
OFFSET  12.2217  5.7459 -6.0003
X  0.2710 -0.5573 -0.7848
Y  0.9516  0.0324  0.3056
Z -0.1449 -0.8297  0.5391

PART 25
OFFSET  12.1551  3.9129 -4.5373
X  0.9795 -0.1775 -0.0951
Y  0.1251  0.1662  0.9781
Z -0.1578 -0.9700  0.1850

PART 26
OFFSET  13.0698  4.7084 -3.6939
X  0.4544 -0.4065 -0.7926
Y -0.8808 -0.0723 -0.4679
Z  0.1329  0.9108 -0.3909

PART 27
OFFSET  13.8699  3.9927 -5.0894
X -0.7724 -0.0766 -0.6305
Y -0.5966  0.4281  0.6788
Z  0.2179  0.9005 -0.3764

PART 28
OFFSET  12.9177  3.8448 -5.8330
X -0.8313  0.3381  0.4412
Y  0.5348  0.2704  0.8005
Z  0.1514  0.9014 -0.4056

PART 29
OFFSET  11.9787  4.2267 -5.3347
X -0.1696 -0.1006 -0.9804
Y  0.9251 -0.3591 -0.1232
Z -0.3397 -0.9278  0.1540

PART 30
OFFSET  13.3634  5.6729 -4.1457
X  0.4125 -0.5189 -0.7487
Y -0.8877 -0.0444 -0.4583
Z  0.2045  0.8537 -0.4789

PART 31
OFFSET  14.1693  4.6592 -5.6084
X -0.8831 -0.0634 -0.4649
Y -0.4349  0.4825  0.7603
Z  0.1761  0.8736 -0.4537

PART 32
OFFSET  12.8794  4.5666 -6.2875
X -0.7438  0.3884  0.5439
Y  0.6447  0.2021  0.7373
Z  0.1765  0.8991 -0.4007

PART 33
OFFSET  12.0378  5.0127 -5.6748
X  0.1473 -0.4844 -0.8624
Y  0.9826 -0.0281  0.1836
Z -0.1132 -0.8744  0.4718

PART 34
OFFSET  12.6673  5.6603 -6.0608
X -0.0133  0.9529 -0.3031
Y -0.1381  0.2985  0.9444
Z  0.9903  0.0544  0.1276

PART 35
OFFSET  12.5521 -1.7827 -3.4684
X  0.8470 -0.5038  0.1699
Y -0.2480 -0.0917  0.9644
Z -0.4702 -0.8590 -0.2026

PART 36
OFFSET  12.5521 -1.7827 -3.4684
X  0.8470 -0.5038  0.1699
Y -0.2480 -0.0917  0.9644
Z -0.4702 -0.8590 -0.2026

PART 37
OFFSET  15.9392 -3.7973 -2.7889
X  0.8470 -0.5038  0.1699
Y -0.2480 -0.0917  0.9644
Z -0.4702 -0.8590 -0.2026

PART 38
OFFSET  14.0740 -5.0623 -3.3889
X  0.8470 -0.5038  0.1699
Y -0.2480 -0.0917  0.9644
Z -0.4702 -0.8590 -0.2026

PART 39
OFFSET  74.3172 -28.4439 -105.6009
X  0.8470 -0.5038  0.1699
Y -0.2480 -0.0917  0.9644
Z -0.4702 -0.8590 -0.2026

PART 40
OFFSET  74.3523 -28.3254 -105.5587
X  0.8470 -0.5038  0.1699
Y -0.2480 -0.0917  0.9644
Z -0.4702 -0.8590 -0.2026

PART 41
OFFSET  12.8874  5.4528 -5.5719
X  0.3022  0.7611 -0.5739
Y -0.3518 -0.4705 -0.8092
Z -0.8859  0.4465  0.1256

PART 42
OFFSET  12.8874  5.4528 -5.5719
X  0.3022  0.7611 -0.5739
Y -0.3518 -0.4705 -0.8092
Z -0.8859  0.4465  0.1256

PART 43
OFFSET  15.7986  10.4590 -9.7463
X  0.8859 -0.4465 -0.1256
Y -0.3518 -0.4705 -0.8092
Z  0.3022  0.7611 -0.5739

PART 44
OFFSET  15.9392 -3.7973 -2.7889
X  0.8470 -0.5038  0.1699
Y -0.2480 -0.0917  0.9644
Z -0.4702 -0.8590 -0.2026

PART 45
OFFSET -5.5081 -8.4462 -2.8287
X -0.8626  0.3700  0.3451
Y -0.1440 -0.8333  0.5337
Z  0.4850  0.4106  0.7721

PART 46
OFFSET  4.9235 -12.9212 -7.0022
X -0.6046 -0.7198 -0.3411
Y  0.7869 -0.4735 -0.3957
Z  0.1234 -0.5076  0.8527

PART 47
OFFSET  10.0659 -6.7988 -4.1014
X -0.6046 -0.7198 -0.3411
Y  0.5969 -0.6930  0.4044
Z -0.5275  0.0410  0.8486

PART 48
OFFSET  10.0070 -4.3425 -4.9558
X -0.6096 -0.7156 -0.3410
Y -0.1330  0.5164 -0.8459
Z  0.7815 -0.4704 -0.4100

PART 49
OFFSET  9.4996 -4.1175 -3.4064
X -0.6096 -0.7156 -0.3410
Y -0.1330  0.5164 -0.8459
Z  0.7815 -0.4704 -0.4100

PART 50
OFFSET  10.1576 -5.1124 -2.1884
X -0.6096 -0.7156 -0.3410
Y -0.1330  0.5164 -0.8459
Z  0.7815 -0.4704 -0.4100

PART 51
OFFSET  11.9194 -4.5921 -3.0558
X -0.0037 -0.9667 -0.2557
Y  0.7557 -0.1702  0.6324
Z -0.6549 -0.1909  0.7312

PART 52
OFFSET  11.4607 -3.9146 -3.8512
X  0.1709 -0.8486  0.5006
Y  0.7587  0.4375  0.4827
Z -0.6287  0.2973  0.7186

PART 53
OFFSET  11.0512 -2.1435 -5.0198
X -0.1459 -0.9882 -0.0466
Y  0.6219 -0.1282  0.7725
Z -0.7694  0.0837  0.6333

PART 54
OFFSET  11.4100 -0.5653 -4.9694
X -0.6123 -0.6592 -0.4364
Y  0.3607 -0.7241  0.5878
Z -0.7035  0.2025  0.6812

PART 55
OFFSET  12.0982  0.1507 -4.5386
X  0.0742 -0.7660 -0.6386
Y  0.7800  0.4435 -0.4414
Z  0.6213 -0.4654  0.6304

PART 56
OFFSET  12.8641 -3.9176 -2.3100
X -0.4679 -0.8674 -0.1697
Y -0.5355  0.1254  0.8352
Z -0.7031  0.4816 -0.5231

PART 57
OFFSET  13.8786 -1.9141 -2.1073
X -0.3434 -0.5567  0.7564
Y  0.3634  0.6639  0.6536
Z -0.8660  0.4993 -0.0256

PART 58
OFFSET  14.3647 -1.1259 -3.1782
X  0.2477  0.4922  0.8345
Y  0.3808  0.7425 -0.5510
Z -0.8909  0.4543 -0.0035

PART 59
OFFSET  14.1450 -1.5623 -3.9181
X  0.4244  0.7811  0.4581
Y  0.2656  0.3763 -0.8876
Z -0.8657  0.4983 -0.0477

PART 60
OFFSET  13.7418 -2.3043 -4.3533
X -0.3661 -0.9057  0.2137
Y -0.1820 -0.1556 -0.9709
Z  0.9126 -0.3944 -0.1079

PART 61
OFFSET  12.2712 -3.6186 -2.5719
X -0.2424 -0.9263 -0.2885
Y -0.6628 -0.0590  0.7464
Z -0.7084  0.3721 -0.5997

PART 62
OFFSET  12.9908 -1.2711 -1.7177
X -0.3722 -0.4938  0.7859
Y  0.2618  0.7565  0.5993
Z -0.8905  0.4288 -0.1523

PART 63
OFFSET  13.6246 -0.4304 -3.0557
X  0.1637  0.5978  0.7847
Y  0.4703  0.6519 -0.5948
Z -0.8672  0.4665 -0.1744

PART 64
OFFSET  13.3976 -1.2590 -4.1432
X  0.4123  0.8842  0.2194
Y  0.3648  0.0604 -0.9291
Z -0.8348  0.4631 -0.2977

PART 65
OFFSET  12.9504 -2.2179 -4.3812
X -0.5873 -0.7362  0.3364
Y  0.0981 -0.4773 -0.8733
Z  0.8034 -0.4799  0.3525

PART 66
OFFSET  10.9140 -8.5740 -4.2629
X -0.3317 -0.9298 -0.1596
Y  0.6546 -0.1050 -0.7487
Z  0.6793 -0.3528  0.6434

PART 67
OFFSET  11.1205 -0.7677 -2.2646
X -0.3816 -0.6437  0.6633
Y -0.1643  0.7534  0.6367
Z -0.9096  0.1340 -0.3933

PART 68
OFFSET  11.7924  0.3656 -3.4324
X -0.2294  0.7314  0.6422
Y  0.3763  0.6751 -0.6345
Z -0.8976  0.0961 -0.4301

PART 69
OFFSET  12.0168 -0.5177 -4.2392
X  0.1047  0.9818  0.1587
Y  0.4153  0.1019 -0.9040
Z -0.9037  0.1606 -0.3970

PART 70
OFFSET  11.8985 -1.6266 -4.4185
X -0.6631 -0.3664  0.6527
Y  0.1461 -0.9186 -0.3672
Z  0.7341 -0.1481  0.6627

PART 71
OFFSET  12.0574 -1.0212 -1.7369
X -0.3748 -0.5652  0.7349
Y -0.0236  0.7982  0.6019
Z -0.9268  0.2083 -0.3125

PART 72
OFFSET  12.7895  0.0830 -3.1726
X -0.0292  0.7020  0.7116
Y  0.4802  0.6342 -0.6060
Z -0.8767  0.3240 -0.3556

PART 73
OFFSET  12.8322 -0.9424 -4.2119
X  0.2905  0.9565  0.0278
Y  0.4406 -0.1079 -0.8912
Z -0.8494  0.2711 -0.4527

PART 74
OFFSET  12.5095 -2.0277 -4.2408
X -0.4498 -0.6818  0.5769
Y  0.0864 -0.6761 -0.7317
Z  0.8889 -0.2793  0.3631

PART 75
OFFSET  0.0000 -0.0000 -0.0000
X  1.0000 -0.0000  0.0000
Y  0.0000  1.0000  0.0000
Z  0.0000 -0.0000  1.0000

PART 76
OFFSET  0.0000 -0.0000 -0.0000
X  1.0000 -0.0000  0.0000
Y  0.0000  1.0000  0.0000
Z  0.0000 -0.0000  1.0000

PART 77
OFFSET  1.5404 -0.0000  4.1357
X  1.0000 -0.0000  0.0000
Y  0.0000  1.0000  0.0000
Z  0.0000 -0.0000  1.0000


FRAME 32
PART 0
OFFSET  0.0000 -0.0000 -0.0000
X  1.0000 -0.0000  0.0000
Y  0.0000  1.0000  0.0000
Z  0.0000 -0.0000  1.0000

PART 1
OFFSET -4.6318 -0.0000 -1.3770
X  1.0000 -0.0000  0.0000
Y  0.0000  1.0000  0.0000
Z  0.0000 -0.0000  1.0000

PART 2
OFFSET -6.2831  7.9373 -3.1869
X  0.6274  0.5145 -0.5846
Y  0.2103 -0.8347 -0.5089
Z -0.7498  0.1963 -0.6319

PART 3
OFFSET  1.3041  14.1591 -10.2569
X  0.6537 -0.6625  0.3657
Y -0.7295 -0.4232  0.5374
Z -0.2012 -0.6181 -0.7599

PART 4
OFFSET  6.8644  8.5245 -7.1464
X  0.6537 -0.6625  0.3657
Y -0.7537 -0.6131  0.2367
Z  0.0674 -0.4304 -0.9001

PART 5
OFFSET  8.7285  8.6003 -6.5216
X  0.6586 -0.6582  0.3646
Y  0.2099  0.6260  0.7511
Z -0.7226 -0.4182  0.5504

PART 6
OFFSET  8.2963  7.9326 -8.0052
X  0.6586 -0.6582  0.3646
Y  0.2099  0.6260  0.7511
Z -0.7226 -0.4182  0.5504

PART 7
OFFSET  7.1970  7.1097 -5.0489
X  0.6586 -0.6582  0.3646
Y  0.2099  0.6260  0.7511
Z -0.7226 -0.4182  0.5504

PART 8
OFFSET  6.6020  6.1638 -5.9684
X  0.6586 -0.6582  0.3646
Y  0.2099  0.6260  0.7511
Z -0.7226 -0.4182  0.5504

PART 9
OFFSET  6.5824  5.7027 -7.8078
X  0.6586 -0.6582  0.3646
Y  0.2099  0.6260  0.7511
Z -0.7226 -0.4182  0.5504

PART 10
OFFSET  8.8686  6.4935 -6.0252
X  0.9787 -0.1340  0.1556
Y -0.1911 -0.8716  0.4514
Z  0.0752 -0.4715 -0.8786

PART 11
OFFSET  9.1553  5.3985 -5.8804
X  0.7306 -0.6813  0.0464
Y -0.6403 -0.6599  0.3932
Z -0.2372 -0.3169 -0.9183

PART 12
OFFSET  10.6546  3.8449 -5.7921
X  0.9902 -0.1324  0.0451
Y -0.1392 -0.9633  0.2294
Z  0.0131 -0.2334 -0.9723

PART 13
OFFSET  12.2629  3.6625 -5.8419
X  0.8644  0.4422 -0.2394
Y  0.4874 -0.8539  0.1824
Z -0.1238 -0.2743 -0.9536

PART 14
OFFSET  13.2002  4.1136 -6.1414
X  0.8180  0.3267  0.4734
Y -0.5509  0.2086  0.8081
Z  0.1653 -0.9218  0.3506

PART 15
OFFSET  9.9166  7.2181 -6.5545
X  0.9510  0.2673 -0.1552
Y -0.0144 -0.4632 -0.8861
Z -0.3088  0.8450 -0.4367

PART 16
OFFSET  12.0966  7.6388 -6.9483
X  0.7413 -0.5556 -0.3765
Y -0.6696 -0.6509 -0.3578
Z -0.0463  0.5173 -0.8545

PART 17
OFFSET  13.1461  6.8521 -7.4813
X -0.4963 -0.7477 -0.4411
Y -0.8681  0.4318  0.2447
Z  0.0075  0.5044 -0.8634

PART 18
OFFSET  12.7061  6.1892 -7.8725
X -0.9987 -0.0073  0.0499
Y  0.0208  0.8424  0.5385
Z -0.0459  0.5388 -0.8412

PART 19
OFFSET  11.7573  6.1823 -7.8251
X  0.7575 -0.6012 -0.2546
Y  0.6526  0.7087  0.2681
Z  0.0192 -0.3692  0.9291

PART 20
OFFSET  9.9943  6.6752 -6.0975
X  0.9905  0.1373  0.0042
Y  0.0634 -0.4300 -0.9006
Z -0.1219  0.8923 -0.4346

PART 21
OFFSET  12.5564  7.1144 -6.0589
X  0.4354 -0.6364 -0.6367
Y -0.8971 -0.3656 -0.2481
Z -0.0749  0.6792 -0.7301

PART 22
OFFSET  13.2977  6.0310 -7.1430
X -0.8465 -0.4274 -0.3175
Y -0.5294  0.6127  0.5868
Z -0.0562  0.6648 -0.7449

PART 23
OFFSET  12.1245  5.4387 -7.5830
X -0.7644  0.4530  0.4588
Y  0.6427  0.5913  0.4871
Z -0.0507  0.6672 -0.7432

PART 24
OFFSET  11.2955  5.9299 -7.0855
X  0.2567 -0.6761 -0.6907
Y  0.9663  0.1956  0.1676
Z  0.0218 -0.7104  0.7035

PART 25
OFFSET  11.6224  4.4438 -5.2997
X  0.9787 -0.0886 -0.1852
Y  0.2051  0.3778  0.9029
Z -0.0100 -0.9216  0.3879

PART 26
OFFSET  12.5100  5.4892 -4.7518
X  0.4171 -0.5116 -0.7512
Y -0.9084 -0.2607 -0.3269
Z -0.0286  0.8187 -0.5735

PART 27
OFFSET  13.2444  4.5884 -6.0744
X -0.8181 -0.2871 -0.4982
Y -0.5721  0.4939  0.6548
Z  0.0581  0.8207 -0.5683

PART 28
OFFSET  12.2462  4.1896 -6.6456
X -0.8169  0.3323  0.4715
Y  0.5767  0.4857  0.6569
Z -0.0107  0.8085 -0.5883

PART 29
OFFSET  11.3235  4.5649 -6.1130
X -0.2577 -0.3192 -0.9120
Y  0.9457 -0.2768 -0.1703
Z -0.1981 -0.9064  0.3732

PART 30
OFFSET  12.6265  6.3645 -5.4157
X  0.3950 -0.6162 -0.6814
Y -0.9178 -0.2323 -0.3220
Z  0.0402  0.7526 -0.6573

PART 31
OFFSET  13.3981  5.1607 -6.7468
X -0.9115 -0.2516 -0.3254
Y -0.4111  0.5809  0.7025
Z  0.0122  0.7741 -0.6329

PART 32
OFFSET  12.0668  4.7932 -7.2221
X -0.7263  0.4118  0.5504
Y  0.6872  0.4177  0.5944
Z  0.0149  0.8099 -0.5864

PART 33
OFFSET  11.2438  5.2650 -6.6033
X  0.1171 -0.6343 -0.7642
Y  0.9918  0.1148  0.0566
Z  0.0518 -0.7645  0.6425

PART 34
OFFSET  11.7395  5.8814 -7.1855
X -0.1689  0.8624 -0.4772
Y -0.0752  0.4715  0.8786
Z  0.9828  0.1843 -0.0148

PART 35
OFFSET  12.1271  0.2806 -2.9894
X  0.9643 -0.0206  0.2642
Y -0.2629 -0.2000  0.9439
Z  0.0333 -0.9796 -0.1983

PART 36
OFFSET  12.1271  0.2806 -2.9894
X  0.9643 -0.0206  0.2642
Y -0.2629 -0.2000  0.9439
Z  0.0333 -0.9796 -0.1983

PART 37
OFFSET  15.9832  0.1981 -1.9329
X  0.9643 -0.0206  0.2642
Y -0.2629 -0.2000  0.9439
Z  0.0333 -0.9796 -0.1983

PART 38
OFFSET  15.0456 -1.8230 -2.6222
X  0.9643 -0.0206  0.2642
Y -0.2629 -0.2000  0.9439
Z  0.0333 -0.9796 -0.1983

PART 39
OFFSET  88.5352  7.2965 -98.1941
X  0.9643 -0.0206  0.2642
Y -0.2629 -0.2000  0.9439
Z  0.0333 -0.9796 -0.1983

PART 40
OFFSET  88.5033  7.4170 -98.1550
X  0.9643 -0.0206  0.2642
Y -0.2629 -0.2000  0.9439
Z  0.0333 -0.9796 -0.1983

PART 41
OFFSET  12.0350  5.8043 -6.6986
X  0.1385  0.6532 -0.7444
Y -0.3712 -0.6626 -0.6505
Z -0.9182  0.3664  0.1507

PART 42
OFFSET  12.0350  5.8043 -6.6986
X  0.1385  0.6532 -0.7444
Y -0.3712 -0.6626 -0.6505
Z -0.9182  0.3664  0.1507

PART 43
OFFSET  13.8140  10.1153 -12.1034
X  0.9182 -0.3664 -0.1507
Y -0.3712 -0.6626 -0.6505
Z  0.1385  0.6532 -0.7444

PART 44
OFFSET  15.9832  0.1981 -1.9329
X  0.9643 -0.0206  0.2642
Y -0.2629 -0.2000  0.9439
Z  0.0333 -0.9796 -0.1983

PART 45
OFFSET -4.1349 -9.7184 -2.8416
X -0.9448  0.1807  0.2732
Y  0.0035 -0.8284  0.5601
Z  0.3275  0.5301  0.7821

PART 46
OFFSET  7.2919 -11.9039 -6.1453
X -0.4861 -0.8149 -0.3157
Y  0.8572 -0.3744 -0.3536
Z  0.1699 -0.4425  0.8805

PART 47
OFFSET  11.4264 -4.9730 -3.4602
X -0.4861 -0.8149 -0.3157
Y  0.7723 -0.5696  0.2811
Z -0.4089 -0.1072  0.9063

PART 48
OFFSET  11.0431 -2.5952 -4.4431
X -0.4917 -0.8114 -0.3160
Y -0.1809  0.4501 -0.8745
Z  0.8518 -0.3728 -0.3681

PART 49
OFFSET  10.4649 -2.3700 -2.9187
X -0.4917 -0.8114 -0.3160
Y -0.1809  0.4501 -0.8745
Z  0.8518 -0.3728 -0.3681

PART 50
OFFSET  11.2227 -3.1996 -1.6367
X -0.4917 -0.8114 -0.3160
Y -0.1809  0.4501 -0.8745
Z  0.8518 -0.3728 -0.3681

PART 51
OFFSET  12.9166 -2.4748 -2.4924
X  0.4954 -0.8436 -0.2071
Y  0.6771  0.2257  0.7005
Z -0.5442 -0.4873  0.6830

PART 52
OFFSET  12.2638 -2.1131 -3.3556
X  0.5223 -0.6405  0.5630
Y  0.3874  0.7664  0.5124
Z -0.7596 -0.0495  0.6485

PART 53
OFFSET  11.1402 -0.8047 -4.6577
X  0.4083 -0.9109  0.0598
Y  0.4970  0.2768  0.8225
Z -0.7657 -0.3061  0.5657

PART 54
OFFSET  10.5965  0.7166 -4.7686
X -0.0363 -0.9498 -0.3108
Y  0.6255 -0.2642  0.7341
Z -0.7794 -0.1678  0.6037

PART 55
OFFSET  10.6608  1.7558 -4.4725
X  0.6027 -0.6478 -0.4660
Y  0.4258  0.7549 -0.4988
Z  0.6748  0.1022  0.7308

PART 56
OFFSET  13.3323 -1.4209 -1.7051
X  0.0364 -0.9856 -0.1649
Y -0.6059 -0.1529  0.7807
Z -0.7947  0.0715 -0.6027

PART 57
OFFSET  13.2092  0.8229 -1.5182
X -0.0835 -0.7709  0.6315
Y -0.0891  0.6369  0.7658
Z -0.9925  0.0077 -0.1219

PART 58
OFFSET  13.3274  1.9143 -2.4122
X -0.1182  0.3665  0.9229
Y -0.0033  0.9292 -0.3694
Z -0.9930 -0.0467 -0.1086

PART 59
OFFSET  13.4323  1.5894 -3.2305
X -0.0800  0.7752  0.6266
Y  0.1171  0.6315 -0.7664
Z -0.9899  0.0121 -0.1414

PART 60
OFFSET  13.5083  0.8529 -3.8257
X  0.1308 -0.9912  0.0223
Y  0.0148 -0.0206 -0.9997
Z  0.9913  0.1311  0.0120

PART 61
OFFSET  12.6974 -1.4533 -2.0297
X  0.2720 -0.9261 -0.2615
Y -0.6172 -0.3764  0.6909
Z -0.7383 -0.0266 -0.6740

PART 62
OFFSET  12.0874  0.9458 -1.2357
X -0.1471 -0.6453  0.7497
Y -0.2086  0.7611  0.6142
Z -0.9669 -0.0660 -0.2466

PART 63
OFFSET  12.3379  2.0444 -2.5120
X -0.2362  0.5341  0.8117
Y  0.1255  0.8451 -0.5196
Z -0.9636 -0.0209 -0.2666

PART 64
OFFSET  12.6653  1.3041 -3.6370
X -0.1172  0.9508  0.2867
Y  0.3669  0.3098 -0.8772
Z -0.9229  0.0024 -0.3851

PART 65
OFFSET  12.7923  0.2729 -3.9480
X -0.1590 -0.9558  0.2472
Y  0.4070 -0.2916 -0.8656
Z  0.8995 -0.0370  0.4354

PART 66
OFFSET  14.1144 -6.4378 -3.5806
X  0.1839 -0.9729 -0.1404
Y  0.6907  0.2295 -0.6858
Z  0.6994  0.0291  0.7141

PART 67
OFFSET  10.2732  0.4610 -1.9599
X -0.0517 -0.7732  0.6320
Y -0.5762  0.5400  0.6135
Z -0.8157 -0.3324 -0.4734

PART 68
OFFSET  10.3643  1.8223 -3.0727
X -0.6218  0.4557  0.6369
Y  0.0041  0.8151 -0.5793
Z -0.7831 -0.3576 -0.5088

PART 69
OFFSET  11.0727  1.2466 -3.8779
X -0.4393  0.8773  0.1931
Y  0.3569  0.3677 -0.8587
Z -0.8244 -0.3083 -0.4747

PART 70
OFFSET  11.5688  0.2556 -4.0960
X -0.4111 -0.7043  0.5788
Y  0.6321 -0.6777 -0.3757
Z  0.6569  0.2114  0.7238

PART 71
OFFSET  11.1582  0.7032 -1.3446
X -0.1145 -0.6806  0.7237
Y -0.4708  0.6786  0.5638
Z -0.8748 -0.2761 -0.3981

PART 72
OFFSET  11.3818  2.0328 -2.7583
X -0.4445  0.5598  0.6994
Y  0.1420  0.8149 -0.5620
Z -0.8845 -0.1505 -0.4417

PART 73
OFFSET  12.0311  1.2152 -3.7798
X -0.2401  0.9696  0.0476
Y  0.5105  0.1678 -0.8434
Z -0.8257 -0.1782 -0.5352

PART 74
OFFSET  12.3092  0.1185 -3.8305
X -0.0892 -0.8393  0.5363
Y  0.4821 -0.5076 -0.7141
Z  0.8716  0.1949  0.4499

PART 75
OFFSET  0.0000 -0.0000 -0.0000
X  1.0000 -0.0000  0.0000
Y  0.0000  1.0000  0.0000
Z  0.0000 -0.0000  1.0000

PART 76
OFFSET  0.0000 -0.0000 -0.0000
X  1.0000 -0.0000  0.0000
Y  0.0000  1.0000  0.0000
Z  0.0000 -0.0000  1.0000

PART 77
OFFSET  1.5404 -0.0000  4.1357
X  1.0000 -0.0000  0.0000
Y  0.0000  1.0000  0.0000
Z  0.0000 -0.0000  1.0000


FRAME 33
PART 0
OFFSET  0.0000 -0.0000 -0.0000
X  1.0000 -0.0000  0.0000
Y  0.0000  1.0000  0.0000
Z  0.0000 -0.0000  1.0000

PART 1
OFFSET -4.6318 -0.0000 -1.3770
X  1.0000 -0.0000  0.0000
Y  0.0000  1.0000  0.0000
Z  0.0000 -0.0000  1.0000

PART 2
OFFSET -6.2831  7.9373 -3.1869
X  0.5903  0.5501 -0.5907
Y  0.1887 -0.8056 -0.5616
Z -0.7848  0.2201 -0.5793

PART 3
OFFSET  0.8559  14.5901 -10.3310
X  0.6452 -0.6935  0.3205
Y -0.7261 -0.4261  0.5396
Z -0.2377 -0.5809 -0.7785

PART 4
OFFSET  6.3434  8.6912 -7.6048
X  0.6452 -0.6935  0.3205
Y -0.7636 -0.5718  0.2998
Z -0.0247 -0.4382 -0.8985

PART 5
OFFSET  8.2247  8.6934 -7.0289
X  0.6502 -0.6894  0.3194
Y  0.2463  0.5889  0.7697
Z -0.7188 -0.4218  0.5527

PART 6
OFFSET  7.7358  8.0986 -8.5259
X  0.6502 -0.6894  0.3194
Y  0.2463  0.5889  0.7697
Z -0.7188 -0.4218  0.5527

PART 7
OFFSET  6.6933  7.1832 -5.5763
X  0.6502 -0.6894  0.3194
Y  0.2463  0.5889  0.7697
Z -0.7188 -0.4218  0.5527

PART 8
OFFSET  6.0491  6.2915 -6.5166
X  0.6502 -0.6894  0.3194
Y  0.2463  0.5889  0.7697
Z -0.7188 -0.4218  0.5527

PART 9
OFFSET  5.9686  5.9072 -8.3719
X  0.6502 -0.6894  0.3194
Y  0.2463  0.5889  0.7697
Z -0.7188 -0.4218  0.5527

PART 10
OFFSET  8.3214  6.5650 -6.6222
X  0.9938 -0.0366  0.1047
Y -0.0901 -0.8174  0.5690
Z  0.0647 -0.5749 -0.8156

PART 11
OFFSET  8.7081  5.5237 -6.3609
X  0.7874 -0.6110  0.0820
Y -0.5583 -0.6503  0.5152
Z -0.2615 -0.4514 -0.8532

PART 12
OFFSET  10.3369  4.1152 -6.1801
X  0.9988 -0.0486 -0.0057
Y -0.0433 -0.9330  0.3573
Z -0.0227 -0.3566 -0.9340

PART 13
OFFSET  11.9494  4.0525 -6.3152
X  0.8084  0.4726 -0.3509
Y  0.5680 -0.7827  0.2546
Z -0.1543 -0.4052 -0.9011

PART 14
OFFSET  12.8262  4.5316 -6.7316
X  0.8129  0.4478  0.3723
Y -0.5196  0.2691  0.8109
Z  0.2629 -0.8527  0.4514

PART 15
OFFSET  9.2719  7.2930 -7.3077
X  0.9144  0.3173 -0.2514
Y -0.0255 -0.5746 -0.8180
Z -0.4040  0.7544 -0.5173

PART 16
OFFSET  11.3821  7.8256 -7.8976
X  0.7632 -0.5412 -0.3531
Y -0.6311 -0.7417 -0.2273
Z -0.1389  0.3963 -0.9076

PART 17
OFFSET  12.4626  7.0595 -8.3976
X -0.4552 -0.8349 -0.3094
Y -0.8863  0.3918  0.2468
Z -0.0848  0.3865 -0.9184

PART 18
OFFSET  12.0590  6.3192 -8.6718
X -0.9900 -0.0777  0.1178
Y -0.0203  0.9045  0.4260
Z -0.1397  0.4193 -0.8970

PART 19
OFFSET  11.1185  6.2454 -8.5599
X  0.7901 -0.5690 -0.2278
Y  0.6041  0.7858  0.1324
Z  0.1037 -0.2422  0.9647

PART 20
OFFSET  9.4216  6.8220 -6.7927
X  0.9738  0.2127 -0.0800
Y  0.0482 -0.5376 -0.8418
Z -0.2221  0.8159 -0.5338

PART 21
OFFSET  11.9349  7.4588 -6.9827
X  0.4509 -0.6785 -0.5799
Y -0.8754 -0.4629 -0.1391
Z -0.1741  0.5704 -0.8027

PART 22
OFFSET  12.7026  6.3037 -7.9699
X -0.8238 -0.5292 -0.2035
Y -0.5453  0.6413  0.5397
Z -0.1551  0.5556 -0.8169

PART 23
OFFSET  11.5610  5.5703 -8.2519
X -0.7728  0.4486  0.4490
Y  0.6168  0.6976  0.3645
Z -0.1497  0.5586 -0.8158

PART 24
OFFSET  10.7229  6.0568 -7.7650
X  0.2734 -0.7386 -0.6162
Y  0.9541  0.2898  0.0760
Z  0.1224 -0.6087  0.7839

PART 25
OFFSET  11.2767  4.8461 -5.8332
X  0.9705 -0.0363 -0.2384
Y  0.2234  0.5071  0.8325
Z  0.0907 -0.8611  0.5002

PART 26
OFFSET  12.1019  6.0194 -5.4820
X  0.4156 -0.5716 -0.7076
Y -0.9001 -0.3704 -0.2294
Z -0.1309  0.7322 -0.6684

PART 27
OFFSET  12.8335  5.0131 -6.7278
X -0.8179 -0.4119 -0.4018
Y -0.5737  0.5295  0.6249
Z -0.0446  0.7416 -0.6694

PART 28
OFFSET  11.8420  4.4673 -7.1756
X -0.8139  0.3269  0.4802
Y  0.5698  0.6102  0.5504
Z -0.1131  0.7216 -0.6830

PART 29
OFFSET  10.9226  4.8366 -6.6332
X -0.2812 -0.4543 -0.8453
Y  0.9546 -0.2229 -0.1978
Z -0.0985 -0.8625  0.4964

PART 30
OFFSET  12.1052  6.8069 -6.2568
X  0.4065 -0.6675 -0.6239
Y -0.9116 -0.3424 -0.2276
Z -0.0617  0.6612 -0.7477

PART 31
OFFSET  12.8993  5.5029 -7.4755
X -0.9038 -0.3615 -0.2289
Y -0.4183  0.6341  0.6503
Z -0.0900  0.6835 -0.7243

PART 32
OFFSET  11.5791  4.9749 -7.8099
X -0.7261  0.4228  0.5422
Y  0.6820  0.5434  0.4895
Z -0.0877  0.7252 -0.6829

PART 33
OFFSET  10.7557  5.4585 -7.2009
X  0.1268 -0.7177 -0.6848
Y  0.9800  0.1974 -0.0254
Z  0.1534 -0.6678  0.7283

PART 34
OFFSET  11.1630  6.0300 -7.8880
X -0.2687  0.7771 -0.5691
Y -0.0647  0.5749  0.8156
Z  0.9610  0.2560 -0.1042

PART 35
OFFSET  11.6159  0.3559 -2.7314
X  0.9788 -0.0126  0.2046
Y -0.2029 -0.2023  0.9581
Z  0.0293 -0.9792 -0.2006

PART 36
OFFSET  11.6159  0.3559 -2.7314
X  0.9788 -0.0126  0.2046
Y -0.2029 -0.2023  0.9581
Z  0.0293 -0.9792 -0.2006

PART 37
OFFSET  15.5301  0.3054 -1.9133
X  0.9788 -0.0126  0.2046
Y -0.2029 -0.2023  0.9581
Z  0.0293 -0.9792 -0.2006

PART 38
OFFSET  14.5689 -1.7234 -2.5452
X  0.9788 -0.0126  0.2046
Y -0.2029 -0.2023  0.9581
Z  0.0293 -0.9792 -0.2006

PART 39
OFFSET  81.9731  8.0243 -102.4150
X  0.9788 -0.0126  0.2046
Y -0.2029 -0.2023  0.9581
Z  0.0293 -0.9792 -0.2006

PART 40
OFFSET  81.9427  8.1445 -102.3740
X  0.9788 -0.0126  0.2046
Y -0.2029 -0.2023  0.9581
Z  0.0293 -0.9792 -0.2006

PART 41
OFFSET  11.4913  6.0402 -7.4163
X  0.0395  0.5592 -0.8281
Y -0.3500 -0.7685 -0.5356
Z -0.9359  0.3110  0.1653

PART 42
OFFSET  11.4913  6.0402 -7.4163
X  0.0395  0.5592 -0.8281
Y -0.3500 -0.7685 -0.5356
Z -0.9359  0.3110  0.1653

PART 43
OFFSET  12.5848  9.7334 -13.4268
X  0.9359 -0.3110 -0.1653
Y -0.3500 -0.7685 -0.5356
Z  0.0395  0.5592 -0.8281

PART 44
OFFSET  34.8156  0.2793 -3.0597
X  0.9788 -0.0126  0.2046
Y -0.2029 -0.2023  0.9581
Z  0.0293 -0.9792 -0.2006

PART 45
OFFSET -2.3498 -11.3722 -2.8584
X -0.9584  0.1249  0.2566
Y  0.0594 -0.7920  0.6077
Z  0.2791  0.5976  0.7516

PART 46
OFFSET  9.2413 -12.8828 -5.9612
X -0.2779 -0.9066 -0.3176
Y  0.9409 -0.1904 -0.2800
Z  0.1934 -0.3767  0.9059

PART 47
OFFSET  11.6053 -5.1722 -3.2594
X -0.2779 -0.9066 -0.3176
Y  0.8401 -0.3898  0.3773
Z -0.4658 -0.1620  0.8699

PART 48
OFFSET  10.8026 -2.9530 -4.3539
X -0.2841 -0.9044 -0.3185
Y -0.2061  0.3820 -0.9009
Z  0.9364 -0.1903 -0.2949

PART 49
OFFSET  10.0777 -2.8233 -2.8820
X -0.2841 -0.9044 -0.3185
Y -0.2061  0.3820 -0.9009
Z  0.9364 -0.1903 -0.2949

PART 50
OFFSET  10.8958 -3.4439 -1.5213
X -0.2841 -0.9044 -0.3185
Y -0.2061  0.3820 -0.9009
Z  0.9364 -0.1903 -0.2949

PART 51
OFFSET  12.4573 -2.3930 -2.2856
X  0.4888 -0.8394 -0.2376
Y  0.7168  0.2312  0.6578
Z -0.4972 -0.4919  0.7147

PART 52
OFFSET  11.7499 -2.0365 -3.1070
X  0.5542 -0.6489  0.5213
Y  0.4210  0.7588  0.4970
Z -0.7180 -0.0560  0.6937

PART 53
OFFSET  10.5518 -0.7088 -4.3201
X  0.3691 -0.9288 -0.0325
Y  0.5751  0.2008  0.7931
Z -0.7301 -0.3114  0.6083

PART 54
OFFSET  10.0720  0.8375 -4.2884
X -0.1852 -0.8776 -0.4422
Y  0.6532 -0.4461  0.6118
Z -0.7341 -0.1755  0.6559

PART 55
OFFSET  10.2948  1.8021 -3.8507
X  0.4695 -0.6270 -0.6217
Y  0.4691  0.7736 -0.4260
Z  0.7480 -0.0917  0.6573

PART 56
OFFSET  12.9117 -1.3357 -1.5246
X  0.0344 -0.9853 -0.1674
Y -0.5556 -0.1581  0.8163
Z -0.8308  0.0650 -0.5528

PART 57
OFFSET  12.7816  0.9069 -1.3290
X -0.0457 -0.6529  0.7561
Y -0.0402  0.7574  0.6517
Z -0.9981 -0.0006 -0.0609

PART 58
OFFSET  12.8463  1.8313 -2.3994
X -0.0609  0.5511  0.8322
Y -0.0220  0.8328 -0.5531
Z -0.9979 -0.0520 -0.0386

PART 59
OFFSET  12.9003  1.3427 -3.1373
X -0.0391  0.8891  0.4560
Y  0.0732  0.4576 -0.8861
Z -0.9966 -0.0013 -0.0829

PART 60
OFFSET  12.9374  0.4980 -3.5704
X  0.1281 -0.9672  0.2195
Y -0.0456 -0.2269 -0.9729
Z  0.9907  0.1146 -0.0731

PART 61
OFFSET  12.2584 -1.3734 -1.8097
X  0.2632 -0.9237 -0.2783
Y -0.5705 -0.3817  0.7272
Z -0.7779 -0.0326 -0.6275

PART 62
OFFSET  11.6782  1.0204 -0.9782
X -0.1032 -0.6128  0.7835
Y -0.1725  0.7868  0.5927
Z -0.9796 -0.0740 -0.1869

PART 63
OFFSET  11.8539  2.0637 -2.3121
X -0.1846  0.6005  0.7780
Y  0.1024  0.7990 -0.5925
Z -0.9775 -0.0298 -0.2090

PART 64
OFFSET  12.1098  1.2314 -3.3903
X -0.0926  0.9722  0.2151
Y  0.3183  0.2336 -0.9187
Z -0.9434 -0.0166 -0.3311

PART 65
OFFSET  12.2103  0.1771 -3.6236
X -0.1524 -0.9308  0.3323
Y  0.3541 -0.3653 -0.8609
Z  0.9227 -0.0135  0.3853

PART 66
OFFSET  13.6192 -6.3456 -3.4479
X  0.1830 -0.9713 -0.1521
Y  0.6454  0.2354 -0.7266
Z  0.7416  0.0348  0.6700

PART 67
OFFSET  9.8272  0.5206 -1.5902
X -0.0321 -0.7475  0.6635
Y -0.5411  0.5711  0.6173
Z -0.8404 -0.3392 -0.4228

PART 68
OFFSET  9.8837  1.8367 -2.7583
X -0.5866  0.5195  0.6213
Y  0.0108  0.7721 -0.6354
Z -0.8098 -0.3661 -0.4585

PART 69
OFFSET  10.5477  1.1829 -3.5414
X -0.4055  0.9028  0.1435
Y  0.3404  0.2948 -0.8929
Z -0.8484 -0.3132 -0.4268

PART 70
OFFSET  11.0057  0.1632 -3.7035
X -0.4139 -0.6481  0.6393
Y  0.5984 -0.7229 -0.3455
Z  0.6860  0.2395  0.6870

PART 71
OFFSET  10.7461  0.7701 -1.0301
X -0.0679 -0.6760  0.7338
Y -0.4404  0.6802  0.5859
Z -0.8952 -0.2834 -0.3439

PART 72
OFFSET  10.8788  2.0907 -2.4635
X -0.4011  0.5942  0.6971
Y  0.1202  0.7886 -0.6031
Z -0.9081 -0.1581 -0.3877

PART 73
OFFSET  11.4647  1.2228 -3.4818
X -0.2274  0.9736  0.0186
Y  0.4667  0.1258 -0.8754
Z -0.8547 -0.1904 -0.4830

PART 74
OFFSET  11.7286  0.1215 -3.5001
X -0.0690 -0.8147  0.5757
Y  0.4384 -0.5432 -0.7161
Z  0.8961  0.2030  0.3947

PART 75
OFFSET  0.0000 -0.0000 -0.0000
X  1.0000 -0.0000  0.0000
Y  0.0000  1.0000  0.0000
Z  0.0000 -0.0000  1.0000

PART 76
OFFSET  0.0000 -0.0000 -0.0000
X  1.0000 -0.0000  0.0000
Y  0.0000  1.0000  0.0000
Z  0.0000 -0.0000  1.0000

PART 77
OFFSET  1.5404 -0.0000  4.1357
X  1.0000 -0.0000  0.0000
Y  0.0000  1.0000  0.0000
Z  0.0000 -0.0000  1.0000


FRAME 34
PART 0
OFFSET  0.0000 -0.0000 -0.0000
X  1.0000 -0.0000  0.0000
Y  0.0000  1.0000  0.0000
Z  0.0000 -0.0000  1.0000

PART 1
OFFSET -4.6318 -0.0000 -1.3770
X  1.0000 -0.0000  0.0000
Y  0.0000  1.0000  0.0000
Z  0.0000 -0.0000  1.0000

PART 2
OFFSET -6.2831  7.9373 -3.1869
X  0.5715  0.5692 -0.5910
Y  0.1751 -0.7883 -0.5899
Z -0.8017  0.2337 -0.5502

PART 3
OFFSET  0.6290  14.8216 -10.3347
X  0.6419 -0.7087  0.2926
Y -0.7221 -0.4303  0.5417
Z -0.2580 -0.5591 -0.7880

PART 4
OFFSET  6.0887  8.7935 -7.8456
X  0.6419 -0.7087  0.2926
Y -0.7634 -0.5551  0.3301
Z -0.0715 -0.4353 -0.8974

PART 5
OFFSET  7.9793  8.7592 -7.3024
X  0.6469 -0.7046  0.2916
Y  0.2666  0.5672  0.7793
Z -0.7145 -0.4264  0.5547

PART 6
