// Export filename: `C:\projects\cod\t5\xanim_export\t5_viewmodels\ballistic_knife\b_knife_sprint_in.XANIM_EXPORT`
// Source filename: `D:\projects\devanim\t5\animation_assets\viewmodels\ballistic_knife/ViewModel_ballistic_knife_animated2.fbx`
// Export time: Mon Sep 06 22:07:50 2010

ANIMATION
VERSION 3

NUMPARTS 78
PART 0 "tag_ads"
PART 1 "tag_torso"
PART 2 "J_Shoulder_LE"
PART 3 "J_Elbow_LE"
PART 4 "J_WristTwist_LE"
PART 5 "J_Sleave_Reshape_Bottom_LE_1"
PART 6 "J_Sleave_Reshape_Bottom_LE_2"
PART 7 "J_Sleave_Reshape_Top_LE_1"
PART 8 "J_Sleave_Reshape_Top_LE_2"
PART 9 "J_Sleave_Reshape_Top_LE_3"
PART 10 "J_Wrist_LE"
PART 11 "J_Thumb_LE_0"
PART 12 "J_Thumb_LE_1"
PART 13 "J_Thumb_LE_2"
PART 14 "J_Thumb_LE_3"
PART 15 "J_PinkyPalm_LE"
PART 16 "J_Pinky_LE_0"
PART 17 "J_Pinky_LE_1"
PART 18 "J_Pinky_LE_2"
PART 19 "J_Pinky_LE_3"
PART 20 "J_RingPalm_LE"
PART 21 "J_Ring_LE_0"
PART 22 "J_Ring_LE_1"
PART 23 "J_Ring_LE_2"
PART 24 "J_Ring_LE_3"
PART 25 "J_Webbing_LE"
PART 26 "J_Index_LE_0"
PART 27 "J_Index_LE_1"
PART 28 "J_Index_LE_2"
PART 29 "J_Index_LE_3"
PART 30 "J_Mid_LE_0"
PART 31 "J_Mid_LE_1"
PART 32 "J_Mid_LE_2"
PART 33 "J_Mid_LE_3"
PART 34 "tag_knife_attach"
PART 35 "tag_weapon"
PART 36 "J_Gun"
PART 37 "tag_blade"
PART 38 "TAG_BOLT"
PART 39 "tag_pin"
PART 40 "tag_ring"
PART 41 "tag_origin"
PART 42 "origin_animate_jnt"
PART 43 "TAG_KNIFE_FX"
PART 44 "tag_clip"
PART 45 "J_Shoulder_RI"
PART 46 "J_Elbow_RI"
PART 47 "J_WristTwist_RI"
PART 48 "J_Sleave_Reshape_Top_RI_3"
PART 49 "J_Sleave_Reshape_Top_RI_2"
PART 50 "J_Sleave_Reshape_Top_RI_1"
PART 51 "J_Wrist_RI"
PART 52 "J_Thumb_RI_0"
PART 53 "J_Thumb_RI_1"
PART 54 "J_Thumb_RI_2"
PART 55 "J_Thumb_RI_3"
PART 56 "J_PinkyPalm_RI"
PART 57 "J_Pinky_RI_0"
PART 58 "J_Pinky_RI_1"
PART 59 "J_Pinky_RI_2"
PART 60 "J_Pinky_RI_3"
PART 61 "J_RingPalm_RI"
PART 62 "J_Ring_RI_0"
PART 63 "J_Ring_RI_1"
PART 64 "J_Ring_RI_2"
PART 65 "J_Ring_RI_3"
PART 66 "J_Webbing_RI"
PART 67 "J_Index_RI_0"
PART 68 "J_Index_RI_1"
PART 69 "J_Index_RI_2"
PART 70 "J_Index_RI_3"
PART 71 "J_Mid_RI_0"
PART 72 "J_Mid_RI_1"
PART 73 "J_Mid_RI_2"
PART 74 "J_Mid_RI_3"
PART 75 "tag_cambone"
PART 76 "tag_camera"
PART 77 "tag_gasmask"

FRAMERATE 30
NUMFRAMES 11

FRAME 1400
PART 0
OFFSET  0.0000 -0.0000 -0.0000
X  1.0000 -0.0000  0.0000
Y  0.0000  1.0000  0.0000
Z  0.0000 -0.0000  1.0000

PART 1
OFFSET -4.6318 -0.0000 -1.3770
X  1.0000 -0.0000  0.0000
Y  0.0000  1.0000  0.0000
Z  0.0000 -0.0000  1.0000

PART 2
OFFSET -6.2831  7.9373 -3.1869
X  0.8234  0.3425 -0.4524
Y  0.2348 -0.9315 -0.2780
Z -0.5166  0.1227 -0.8474

PART 3
OFFSET  3.6748  12.0800 -8.6586
X  0.7098 -0.5050  0.4911
Y -0.7018 -0.4462  0.5554
Z -0.0614 -0.7388 -0.6711

PART 4
OFFSET  9.7116  7.7846 -4.4814
X  0.7098 -0.5050  0.4911
Y -0.3956 -0.8626 -0.3153
Z  0.5829  0.0295 -0.8120

PART 5
OFFSET  11.4992  8.2129 -3.7801
X  0.7141 -0.5003  0.4896
Y  0.0694  0.7466  0.6616
Z -0.6966 -0.4385  0.5679

PART 6
OFFSET  11.2677  7.2930 -5.1708
X  0.7141 -0.5003  0.4896
Y  0.0694  0.7466  0.6616
Z -0.6966 -0.4385  0.5679

PART 7
OFFSET  10.0829  6.7332 -2.1861
X  0.7141 -0.5003  0.4896
Y  0.0694  0.7466  0.6616
Z -0.6966 -0.4385  0.5679

PART 8
OFFSET  9.6881  5.5946 -2.9872
X  0.7141 -0.5003  0.4896
Y  0.0694  0.7466  0.6616
Z -0.6966 -0.4385  0.5679

PART 9
OFFSET  9.8616  4.8879 -4.7384
X  0.7141 -0.5003  0.4896
Y  0.0694  0.7466  0.6616
Z -0.6966 -0.4385  0.5679

PART 10
OFFSET  11.8875  6.2363 -2.9758
X  0.7094 -0.6221  0.3314
Y -0.5154 -0.7785 -0.3580
Z  0.4807  0.0832 -0.8729

PART 11
OFFSET  11.9065  5.2393 -3.5307
X  0.4934 -0.8481 -0.1933
Y -0.8291 -0.3913 -0.3994
Z  0.2631  0.3573 -0.8962

PART 12
OFFSET  12.9031  3.3901 -4.0375
X  0.7793 -0.5685  0.2636
Y -0.3632 -0.7526 -0.5492
Z  0.5106  0.3323 -0.7930

PART 13
OFFSET  14.2401  2.5545 -3.6680
X  0.9033  0.0522  0.4258
Y  0.1958 -0.9334 -0.3008
Z  0.3818  0.3551 -0.8533

PART 14
OFFSET  15.2377  2.6114 -3.2517
X  0.4619 -0.3819  0.8005
Y -0.8702 -0.0205  0.4923
Z -0.1716 -0.9240 -0.3418

PART 15
OFFSET  13.1368  6.5604 -2.4884
X  0.9070 -0.1574  0.3907
Y  0.4116  0.1337 -0.9015
Z  0.0897  0.9784  0.1861

PART 16
OFFSET  15.2120  6.0806 -1.7483
X  0.7486 -0.5417 -0.3823
Y -0.4432  0.0199 -0.8962
Z  0.4931  0.8404 -0.2251

PART 17
OFFSET  16.2720  5.3137 -2.2895
X -0.2665 -0.0852 -0.9601
Y -0.7978  0.5784  0.1701
Z  0.5408  0.8113 -0.2221

PART 18
OFFSET  16.0357  5.2381 -3.1407
X -0.8560  0.4219 -0.2989
Y -0.1686  0.3187  0.9328
Z  0.4888  0.8488 -0.2016

PART 19
OFFSET  15.2225  5.6390 -3.4246
X  0.6898 -0.6455 -0.3278
Y  0.4853  0.0763  0.8710
Z -0.5372 -0.7599  0.3659

PART 20
OFFSET  12.8832  5.8946 -2.5316
X  0.8363 -0.3524  0.4200
Y  0.4882  0.1300 -0.8630
Z  0.2495  0.9268  0.2808

PART 21
OFFSET  15.0419  5.0293 -1.3698
X  0.6265 -0.3255 -0.7081
Y -0.6551  0.2722 -0.7048
Z  0.4222  0.9055 -0.0427

PART 22
OFFSET  16.1086  4.4750 -2.5754
X -0.5832  0.2408 -0.7758
Y -0.6803  0.3772  0.6285
Z  0.4439  0.8943 -0.0562

PART 23
OFFSET  15.3002  4.8087 -3.6506
X -0.8257  0.4350  0.3590
Y  0.3429 -0.1182  0.9319
Z  0.4478  0.8926 -0.0516

PART 24
OFFSET  14.4047  5.2805 -3.2612
X  0.5027 -0.2450 -0.8290
Y  0.7346 -0.3844  0.5591
Z -0.4557 -0.8901 -0.0132

PART 25
OFFSET  13.5136  3.1272 -2.9906
X  0.9008 -0.4116  0.1383
Y -0.2736 -0.2907  0.9169
Z -0.3372 -0.8638 -0.3745

PART 26
OFFSET  14.0843  3.1944 -1.6302
X  0.6896 -0.1674 -0.7046
Y -0.6082  0.3942 -0.6890
Z  0.3931  0.9036  0.1700

PART 27
OFFSET  15.2984  2.8996 -2.8707
X -0.4434  0.4235 -0.7899
Y -0.7678  0.2752  0.5786
Z  0.4624  0.8631  0.2031

PART 28
OFFSET  14.7312  3.3620 -3.8434
X -0.8915  0.3650  0.2682
Y  0.1822 -0.2532  0.9501
Z  0.4147  0.8959  0.1592

PART 29
OFFSET  13.7242  3.7743 -3.5404
X  0.2424  0.3617 -0.9002
Y  0.8414 -0.5404  0.0094
Z -0.4831 -0.7597 -0.4353

PART 30
OFFSET  14.6540  4.1202 -1.4337
X  0.6199 -0.2694 -0.7370
Y -0.6150  0.4165 -0.6696
Z  0.4873  0.8683  0.0925

PART 31
OFFSET  15.8651  3.5940 -2.8734
X -0.6104  0.4014 -0.6829
Y -0.6493  0.2401  0.7216
Z  0.4536  0.8839  0.1140

PART 32
OFFSET  14.9735  4.1803 -3.8708
X -0.8493  0.3402  0.4037
Y  0.2992 -0.3198  0.8990
Z  0.4350  0.8843  0.1698

PART 33
OFFSET  14.0145  4.5721 -3.4131
X  0.4323 -0.1132 -0.8946
Y  0.8059 -0.3965  0.4396
Z -0.4045 -0.9110 -0.0802

PART 34
OFFSET  14.8211  5.0962 -3.2147
X  0.2299  0.9487  0.2170
Y -0.4807 -0.0832  0.8729
Z  0.8462 -0.3050  0.4369

PART 35
OFFSET  13.4483 -3.7816 -3.7782
X  0.5915 -0.8021  0.0819
Y -0.2130 -0.0575  0.9754
Z -0.7777 -0.5944 -0.2049

PART 36
OFFSET  13.4483 -3.7816 -3.7782
X  0.5915 -0.8021  0.0819
Y -0.2130 -0.0575  0.9754
Z -0.7777 -0.5944 -0.2049

PART 37
OFFSET  15.8138 -6.9893 -3.4507
X  0.5915 -0.8021  0.0819
Y -0.2130 -0.0575  0.9754
Z -0.7777 -0.5944 -0.2049

PART 38
OFFSET  13.5744 -7.3910 -3.9634
X  0.5915 -0.8021  0.0819
Y -0.2130 -0.0575  0.9754
Z -0.7777 -0.5944 -0.2049

PART 39
OFFSET  16.1763 -5.8566 -3.3047
X  0.5915 -0.8021  0.0819
Y -0.2130 -0.0575  0.9754
Z -0.7777 -0.5944 -0.2049

PART 40
OFFSET  16.2569 -5.7641 -3.2600
X  0.5915 -0.8021  0.0819
Y -0.2130 -0.0575  0.9754
Z -0.7777 -0.5944 -0.2049

PART 41
OFFSET  14.7910  4.6524 -2.8504
X  0.6035  0.7973 -0.0001
Y -0.0380  0.0287 -0.9989
Z -0.7964  0.6028  0.0476

PART 42
OFFSET  14.7910  4.6524 -2.8504
X  0.6035  0.7973 -0.0001
Y -0.0380  0.0287 -0.9989
Z -0.7964  0.6028  0.0476

PART 43
OFFSET  19.7592  9.7786 -2.8909
X  0.7964 -0.6028 -0.0476
Y -0.0380  0.0287 -0.9989
Z  0.6035  0.7973 -0.0001

PART 44
OFFSET  15.8138 -6.9893 -3.4507
X  0.5915 -0.8021  0.0819
Y -0.2130 -0.0575  0.9754
Z -0.7777 -0.5944 -0.2049

PART 45
OFFSET -6.0573 -7.9373 -2.8236
X -0.8071  0.4529  0.3788
Y -0.2258 -0.8296  0.5107
Z  0.5456  0.3266  0.7718

PART 46
OFFSET  3.7033 -13.4149 -7.4049
X -0.6992 -0.6277 -0.3421
Y  0.7100 -0.5536 -0.4352
Z  0.0838 -0.5472  0.8328

PART 47
OFFSET  9.6504 -8.0758 -4.4949
X -0.6992 -0.6277 -0.3421
Y  0.4653 -0.7629  0.4488
Z -0.5428  0.1546  0.8255

PART 48
OFFSET  9.8733 -5.6039 -5.2740
X -0.7037 -0.6229 -0.3418
Y -0.0920  0.5569 -0.8255
Z  0.7045 -0.5494 -0.4492

PART 49
OFFSET  9.4430 -5.3698 -3.7027
X -0.7037 -0.6229 -0.3418
Y -0.0920  0.5569 -0.8255
Z  0.7045 -0.5494 -0.4492

PART 50
OFFSET  10.0068 -6.4785 -2.5370
X -0.7037 -0.6229 -0.3418
Y -0.0920  0.5569 -0.8255
Z  0.7045 -0.5494 -0.4492

PART 51
OFFSET  11.7939 -6.1513 -3.4461
X -0.3934 -0.8697 -0.2982
Y  0.6619 -0.4930  0.5646
Z -0.6380  0.0248  0.7696

PART 52
OFFSET  11.5941 -5.2945 -4.1728
X -0.1619 -0.8834  0.4398
Y  0.8909  0.0608  0.4502
Z -0.4244  0.4647  0.7771

PART 53
OFFSET  11.8783 -3.4202 -5.2100
X -0.5690 -0.8104 -0.1398
Y  0.5132 -0.4828  0.7096
Z -0.6426  0.3320  0.6906

PART 54
OFFSET  12.8993 -2.1779 -5.0193
X -0.8432 -0.1580 -0.5139
Y -0.0892 -0.9015  0.4236
Z -0.5302  0.4030  0.7460

PART 55
OFFSET  13.8369 -2.0102 -4.5049
X -0.3003 -0.5613 -0.7712
Y  0.9163  0.0549 -0.3967
Z  0.2650 -0.8258  0.4978

PART 56
OFFSET  12.9646 -5.9484 -2.7447
X -0.7770 -0.6054 -0.1726
Y -0.3995  0.2623  0.8784
Z -0.4865  0.7515 -0.4457

PART 57
OFFSET  14.6885 -4.5109 -2.5295
X -0.3795 -0.3556  0.8541
Y  0.7016  0.4913  0.5162
Z -0.6032  0.7951  0.0631

PART 58
OFFSET  15.2257 -4.0074 -3.7387
X  0.5861  0.4040  0.7023
Y  0.4988  0.5032 -0.7057
Z -0.6385  0.7639  0.0934

PART 59
OFFSET  14.7061 -4.3656 -4.3614
X  0.7708  0.5794  0.2648
Y  0.1867  0.1919 -0.9635
Z -0.6090  0.7921  0.0398

PART 60
OFFSET  13.9738 -4.9160 -4.6130
X -0.6187 -0.6782  0.3965
Y -0.4320 -0.1278 -0.8927
Z  0.6561 -0.7237 -0.2139

PART 61
OFFSET  12.5221 -5.4260 -2.9469
X -0.5989 -0.7381 -0.3108
Y -0.5932  0.1481  0.7913
Z -0.5381  0.6583 -0.5265

PART 62
OFFSET  14.1432 -3.6049 -2.0446
X -0.4680 -0.3422  0.8148
Y  0.5880  0.5677  0.5762
Z -0.6598  0.7487 -0.0645

PART 63
OFFSET  14.9399 -3.0222 -3.4318
X  0.4765  0.4694  0.7434
Y  0.6178  0.4229 -0.6630
Z -0.6255  0.7752 -0.0885

PART 64
OFFSET  14.2795 -3.6727 -4.4621
X  0.7510  0.6441  0.1454
Y  0.2488 -0.0721 -0.9659
Z -0.6116  0.7615 -0.2144

PART 65
OFFSET  13.4650 -4.3712 -4.6198
X -0.7875 -0.4491  0.4220
Y -0.2005 -0.4609 -0.8645
Z  0.5827 -0.7655  0.2729

PART 66
OFFSET  9.2548 -9.3406 -4.7520
X -0.6756 -0.7160 -0.1757
Y  0.5215 -0.2956 -0.8004
Z  0.5211 -0.6324  0.5732

PART 67
OFFSET  12.5906 -2.3816 -2.4241
X -0.5578 -0.4581  0.6921
Y  0.2026  0.7335  0.6488
Z -0.8049  0.5021 -0.3163

PART 68
OFFSET  13.5726 -1.5751 -3.6427
X  0.1572  0.7582  0.6328
Y  0.5620  0.4582 -0.6886
Z -0.8121  0.4638 -0.3541

PART 69
OFFSET  13.3322 -2.4687 -4.4334
X  0.5183  0.8477  0.1135
Y  0.3333 -0.0779 -0.9396
Z -0.7876  0.5248 -0.3229

PART 70
OFFSET  12.7469 -3.4261 -4.5617
X -0.6911 -0.0580  0.7204
Y -0.2847 -0.8944 -0.3450
Z  0.6643 -0.4435  0.6016

PART 71
OFFSET  13.3812 -3.0137 -1.9814
X -0.5234 -0.4220  0.7403
Y  0.3253  0.7040  0.6313
Z -0.7876  0.5712 -0.2312

PART 72
OFFSET  14.4036 -2.1893 -3.4275
X  0.3146  0.6274  0.7123
Y  0.6426  0.4115 -0.6463
Z -0.6986  0.6610 -0.2738

PART 73
OFFSET  13.9442 -3.1058 -4.4680
X  0.6517  0.7585  0.0026
Y  0.2845 -0.2412 -0.9278
Z -0.7031  0.6054 -0.3730

PART 74
OFFSET  13.2113 -3.9693 -4.4689
X -0.6365 -0.4662  0.6144
Y -0.2536 -0.6258 -0.7376
Z  0.7284 -0.6253  0.2801

PART 75
OFFSET  0.0000 -0.0000 -0.0000
X  1.0000 -0.0000  0.0000
Y  0.0000  1.0000  0.0000
Z  0.0000 -0.0000  1.0000

PART 76
OFFSET  0.0000 -0.0000 -0.0000
X  1.0000 -0.0000  0.0000
Y  0.0000  1.0000  0.0000
Z  0.0000 -0.0000  1.0000

PART 77
OFFSET  1.5404 -0.0000  4.1357
X  1.0000 -0.0000  0.0000
Y  0.0000  1.0000  0.0000
Z  0.0000 -0.0000  1.0000


FRAME 1401
PART 0
OFFSET  0.0000 -0.0000 -0.0000
X  1.0000 -0.0000  0.0000
Y  0.0000  1.0000  0.0000
Z  0.0000 -0.0000  1.0000

PART 1
OFFSET -4.6318 -0.0000 -1.3770
X  1.0000 -0.0000  0.0000
Y  0.0000  1.0000  0.0000
Z  0.0000 -0.0000  1.0000

PART 2
OFFSET -6.2831  7.9373 -3.1869
X  0.8123  0.3480 -0.4680
Y  0.2387 -0.9306 -0.2776
Z -0.5321  0.1138 -0.8390

PART 3
OFFSET  3.5409  12.1457 -8.8473
X  0.7042 -0.5078  0.4962
Y -0.7070 -0.4366  0.5564
Z -0.0659 -0.7426 -0.6665

PART 4
OFFSET  9.5302  7.8263 -4.6268
X  0.7042 -0.5078  0.4962
Y -0.4148 -0.8614 -0.2930
Z  0.5763  0.0005 -0.8173

PART 5
OFFSET  11.3196  8.2440 -3.9237
X  0.7086 -0.5032  0.4947
Y  0.0741  0.7502  0.6570
Z -0.7017 -0.4289  0.5689

PART 6
OFFSET  11.0839  7.3172 -5.3090
X  0.7086 -0.5032  0.4947
Y  0.0741  0.7502  0.6570
Z -0.7017 -0.4289  0.5689

PART 7
OFFSET  9.8868  6.7866 -2.3239
X  0.7086 -0.5032  0.4947
Y  0.0741  0.7502  0.6570
Z -0.7017 -0.4289  0.5689

PART 8
OFFSET  9.4843  5.6462 -3.1187
X  0.7086 -0.5032  0.4947
Y  0.0741  0.7502  0.6570
Z -0.7017 -0.4289  0.5689

PART 9
OFFSET  9.6563  4.9268 -4.8649
X  0.7086 -0.5032  0.4947
Y  0.0741  0.7502  0.6570
Z -0.7017 -0.4289  0.5689

PART 10
OFFSET  11.6890  6.2694 -3.1056
X  0.7240 -0.6025  0.3359
Y -0.5113 -0.7956 -0.3250
Z  0.4630  0.0635 -0.8841

PART 11
OFFSET  11.7114  5.2567 -3.6311
X  0.5013 -0.8468 -0.1776
Y -0.8310 -0.4139 -0.3717
Z  0.2412  0.3339 -0.9112

PART 12
OFFSET  12.7236  3.4065 -4.1023
X  0.7919 -0.5500  0.2652
Y -0.3631 -0.7734 -0.5197
Z  0.4910  0.3152 -0.8121

PART 13
OFFSET  14.0786  2.6000 -3.7340
X  0.9103  0.0768  0.4067
Y  0.2029 -0.9393 -0.2768
Z  0.3607  0.3345 -0.8706

PART 14
OFFSET  15.0830  2.6824 -3.3388
X  0.4821 -0.3518  0.8024
Y -0.8604 -0.0174  0.5093
Z -0.1652 -0.9359 -0.3110

PART 15
OFFSET  12.9428  6.6243 -2.6521
X  0.9162 -0.1338  0.3777
Y  0.3927  0.1123 -0.9128
Z  0.0797  0.9846  0.1554

PART 16
OFFSET  15.0379  6.1940 -1.9381
X  0.7487 -0.5429 -0.3804
Y -0.4602 -0.0126 -0.8877
Z  0.4771  0.8397 -0.2592

PART 17
OFFSET  16.0979  5.4255 -2.4767
X -0.2833 -0.1172 -0.9518
Y -0.8023  0.5727  0.1683
Z  0.5253  0.8114 -0.2563

PART 18
OFFSET  15.8467  5.3215 -3.3206
X -0.8671  0.4015 -0.2947
Y -0.1554  0.3440  0.9260
Z  0.4732  0.8488 -0.2359

PART 19
OFFSET  15.0229  5.7030 -3.6006
X  0.6924 -0.6458 -0.3218
Y  0.5005  0.1086  0.8589
Z -0.5197 -0.7557  0.3984

PART 20
OFFSET  12.6975  5.9542 -2.6707
X  0.8488 -0.3287  0.4141
Y  0.4701  0.1107 -0.8756
Z  0.2420  0.9379  0.2485

PART 21
OFFSET  14.8894  5.1524 -1.5256
X  0.6175 -0.3382 -0.7101
Y -0.6719  0.2424 -0.6998
Z  0.4088  0.9093 -0.0775

PART 22
OFFSET  15.9407  4.5766 -2.7345
X -0.6010  0.2099 -0.7712
Y -0.6735  0.3867  0.6300
Z  0.4304  0.8980 -0.0910

PART 23
OFFSET  15.1078  4.8675 -3.8034
X -0.8248  0.4346  0.3618
Y  0.3619 -0.0859  0.9282
Z  0.4345  0.8965 -0.0865

PART 24
OFFSET  14.2134  5.3388 -3.4110
X  0.4903 -0.2629 -0.8309
Y  0.7502 -0.3579  0.5560
Z -0.4435 -0.8960  0.0218

PART 25
OFFSET  13.3572  3.1829 -3.0600
X  0.9088 -0.3954  0.1331
Y -0.2523 -0.2669  0.9301
Z -0.3322 -0.8789 -0.3423

PART 26
OFFSET  13.9523  3.2980 -1.7134
X  0.6785 -0.1792 -0.7124
Y -0.6264  0.3655 -0.6885
Z  0.3838  0.9134  0.1357

PART 27
OFFSET  15.1469  2.9825 -2.9677
X -0.4640  0.3939 -0.7934
Y -0.7605  0.2821  0.5848
Z  0.4542  0.8748  0.1687

PART 28
OFFSET  14.5552  3.4083 -3.9425
X -0.8913  0.3610  0.2744
Y  0.2035 -0.2224  0.9535
Z  0.4053  0.9057  0.1247

PART 29
OFFSET  13.5485  3.8161 -3.6326
X  0.2205  0.3380 -0.9150
Y  0.8487 -0.5287  0.0092
Z -0.4807 -0.7786 -0.4034

PART 30
OFFSET  14.5129  4.2368 -1.5552
X  0.6096 -0.2830 -0.7405
Y -0.6332  0.3882 -0.6696
Z  0.4769  0.8771  0.0575

PART 31
OFFSET  15.7038  3.6840 -3.0018
X -0.6286  0.3728 -0.6826
Y -0.6389  0.2529  0.7265
Z  0.4434  0.8928  0.0792

PART 32
OFFSET  14.7857  4.2285 -3.9987
X -0.8461  0.3409  0.4097
Y  0.3204 -0.2890  0.9021
Z  0.4259  0.8946  0.1353

PART 33
OFFSET  13.8301  4.6211 -3.5344
X  0.4169 -0.1340 -0.8990
Y  0.8194 -0.3726  0.4356
Z -0.3934 -0.9183 -0.0456

PART 34
OFFSET  14.6330  5.1614 -3.3671
X  0.2209  0.9577  0.1845
Y -0.4630 -0.0635  0.8841
Z  0.8584 -0.2807  0.4294

PART 35
OFFSET  13.2820 -3.8310 -3.8622
X  0.5759 -0.8162  0.0473
Y -0.1887 -0.0765  0.9790
Z -0.7955 -0.5727 -0.1981

PART 36
OFFSET  13.2820 -3.8310 -3.8622
X  0.5759 -0.8162  0.0473
Y -0.1887 -0.0765  0.9790
Z -0.7955 -0.5727 -0.1981

PART 37
OFFSET  15.5849 -7.0950 -3.6731
X  0.5759 -0.8162  0.0473
Y -0.1887 -0.0765  0.9790
Z -0.7955 -0.5727 -0.1981

PART 38
OFFSET  13.3248 -7.4368 -4.1355
X  0.5759 -0.8162  0.0473
Y -0.1887 -0.0765  0.9790
Z -0.7955 -0.5727 -0.1981

PART 39
OFFSET  15.9757 -5.9740 -3.5102
X  0.5759 -0.8162  0.0473
Y -0.1887 -0.0765  0.9790
Z -0.7955 -0.5727 -0.1981

PART 40
OFFSET  16.0594 -5.8843 -3.4655
X  0.5759 -0.8162  0.0473
Y -0.1887 -0.0765  0.9790
Z -0.7955 -0.5727 -0.1981

PART 41
OFFSET  14.6159  4.7284 -2.9894
X  0.5924  0.8049 -0.0352
Y -0.0571 -0.0016 -0.9984
Z -0.8036  0.5934  0.0451

PART 42
OFFSET  14.6159  4.7284 -2.9894
X  0.5924  0.8049 -0.0352
Y -0.0571 -0.0016 -0.9984
Z -0.8036  0.5934  0.0451

PART 43
OFFSET  19.5115  9.9161 -3.2763
X  0.8036 -0.5934 -0.0451
Y -0.0571 -0.0016 -0.9984
Z  0.5924  0.8049 -0.0352

PART 44
OFFSET  15.5849 -7.0950 -3.6731
X  0.5759 -0.8162  0.0473
Y -0.1887 -0.0765  0.9790
Z -0.7955 -0.5727 -0.1981

PART 45
OFFSET -6.0573 -7.9373 -2.8236
X -0.7958  0.4525  0.4025
Y -0.2277 -0.8394  0.4936
Z  0.5612  0.3011  0.7710

PART 46
OFFSET  3.5668 -13.4097 -7.6909
X -0.6930 -0.6254 -0.3585
Y  0.7153 -0.5343 -0.4505
Z  0.0902 -0.5686  0.8176

PART 47
OFFSET  9.4612 -8.0901 -4.6413
X -0.6930 -0.6254 -0.3585
Y  0.4743 -0.7701  0.4267
Z -0.5430  0.1256  0.8303

PART 48
OFFSET  9.6579 -5.5959 -5.3533
X -0.6975 -0.6207 -0.3581
Y -0.0985  0.5780 -0.8101
Z  0.7098 -0.5298 -0.4643

PART 49
OFFSET  9.2266 -5.4088 -3.7760
X -0.6975 -0.6207 -0.3581
Y -0.0985  0.5780 -0.8101
Z  0.7098 -0.5298 -0.4643

PART 50
OFFSET  9.8029 -6.5427 -2.6411
X -0.6975 -0.6207 -0.3581
Y -0.0985  0.5780 -0.8101
Z  0.7098 -0.5298 -0.4643

PART 51
OFFSET  11.5858 -6.1727 -3.5421
X -0.4199 -0.8537 -0.3080
Y  0.6655 -0.5203  0.5351
Z -0.6171  0.0197  0.7866

PART 52
OFFSET  11.3858 -5.2946 -4.2429
X -0.1696 -0.8901  0.4231
Y  0.9034  0.0312  0.4277
Z -0.3938  0.4547  0.7988

PART 53
OFFSET  11.6834 -3.4022 -5.2429
X -0.5899 -0.7946 -0.1437
Y  0.5209 -0.5104  0.6842
Z -0.6170  0.3287  0.7150

PART 54
OFFSET  12.7359 -2.1868 -5.0502
X -0.8595 -0.1278 -0.4949
Y -0.0977 -0.9093  0.4045
Z -0.5017  0.3960  0.7691

PART 55
OFFSET  13.6900 -2.0513 -4.5571
X -0.3324 -0.5361 -0.7760
Y  0.9066  0.0451 -0.4195
Z  0.2599 -0.8430  0.4710

PART 56
OFFSET  12.7784 -6.0114 -2.8675
X -0.7942 -0.5845 -0.1661
Y -0.3707  0.2495  0.8946
Z -0.4815  0.7721 -0.4148

PART 57
OFFSET  14.5382 -4.6162 -2.6643
X -0.3647 -0.3680  0.8553
Y  0.7253  0.4638  0.5088
Z -0.5839  0.8059  0.0978

PART 58
OFFSET  15.0545 -4.0952 -3.8752
X  0.6128  0.3745  0.6958
Y  0.4911  0.5094 -0.7067
Z -0.6191  0.7748  0.1282

PART 59
OFFSET  14.5112 -4.4272 -4.4922
X  0.7899  0.5564  0.2578
Y  0.1657  0.2111 -0.9633
Z -0.5904  0.8036  0.0745

PART 60
OFFSET  13.7608 -4.9559 -4.7371
X -0.6228 -0.6743  0.3968
Y -0.4578 -0.0972 -0.8837
Z  0.6345 -0.7320 -0.2482

PART 61
OFFSET  12.3422 -5.4751 -3.0455
X -0.6226 -0.7176 -0.3120
Y -0.5690  0.1415  0.8101
Z -0.5372  0.6819 -0.4964

PART 62
OFFSET  14.0255 -3.7108 -2.1440
X -0.4539 -0.3518  0.8186
Y  0.6150  0.5412  0.5736
Z -0.6448  0.7638 -0.0293

PART 63
OFFSET  14.7983 -3.1119 -3.5377
X  0.5058  0.4412  0.7413
Y  0.6093  0.4256 -0.6690
Z -0.6106  0.7901 -0.0536

PART 64
OFFSET  14.0973 -3.7233 -4.5651
X  0.7684  0.6244  0.1405
Y  0.2220 -0.0540 -0.9736
Z -0.6003  0.7792 -0.1801

PART 65
OFFSET  13.2640 -4.4005 -4.7176
X -0.7859 -0.4424  0.4321
Y -0.2329 -0.4356 -0.8695
Z  0.5729 -0.7839  0.2393

PART 66
OFFSET  8.9448 -9.2753 -4.8548
X -0.6953 -0.6972 -0.1745
Y  0.4940 -0.2872 -0.8207
Z  0.5220 -0.6569  0.5441

PART 67
OFFSET  12.4905 -2.4463 -2.4532
X -0.5494 -0.4628  0.6957
Y  0.2353  0.7133  0.6602
Z -0.8018  0.5264 -0.2829

PART 68
OFFSET  13.4578 -1.6316 -3.6781
X  0.1900  0.7393  0.6460
Y  0.5537  0.4627 -0.6923
Z -0.8108  0.4893 -0.3214

PART 69
OFFSET  13.1775 -2.5006 -4.4830
X  0.5393  0.8335  0.1196
Y  0.3070 -0.0623 -0.9497
Z -0.7842  0.5489 -0.2895

PART 70
OFFSET  12.5683 -3.4421 -4.6182
X -0.6732 -0.0607  0.7369
Y -0.3129 -0.8796 -0.3583
Z  0.6700 -0.4718  0.5732

PART 71
OFFSET  13.2784 -3.1054 -2.0466
X -0.5130 -0.4285  0.7438
Y  0.3569  0.6816  0.6388
Z -0.7807  0.5931 -0.1967

PART 72
OFFSET  14.2805 -2.2682 -3.4996
X  0.3466  0.6033  0.7183
Y  0.6344  0.4133 -0.6533
Z -0.6910  0.6820 -0.2395

PART 73
OFFSET  13.7744 -3.1495 -4.5488
X  0.6679  0.7443  0.0032
Y  0.2550 -0.2248 -0.9405
Z -0.6993  0.6289 -0.3399

PART 74
OFFSET  13.0231 -3.9970 -4.5506
X -0.6302 -0.4673  0.6200
Y -0.2863 -0.6024 -0.7451
Z  0.7217 -0.6471  0.2459

PART 75
OFFSET  0.0000 -0.0000 -0.0000
X  1.0000 -0.0000  0.0000
Y  0.0000  1.0000  0.0000
Z  0.0000 -0.0000  1.0000

PART 76
OFFSET  0.0000 -0.0000 -0.0000
X  1.0000 -0.0000  0.0000
Y  0.0000  1.0000  0.0000
Z  0.0000 -0.0000  1.0000

PART 77
OFFSET  1.5404 -0.0000  4.1357
X  1.0000 -0.0000  0.0000
Y  0.0000  1.0000  0.0000
Z  0.0000 -0.0000  1.0000


FRAME 1402
PART 0
OFFSET  0.0000 -0.0000 -0.0000
X  1.0000 -0.0000  0.0000
Y  0.0000  1.0000  0.0000
Z  0.0000 -0.0000  1.0000

PART 1
OFFSET -4.6318 -0.0000 -1.3770
X  1.0000 -0.0000  0.0000
Y  0.0000  1.0000  0.0000
Z  0.0000 -0.0000  1.0000

PART 2
OFFSET -6.2831  7.9373 -3.1869
X  0.7809  0.3611 -0.5096
Y  0.2485 -0.9282 -0.2770
Z -0.5730  0.0897 -0.8146

PART 3
OFFSET  3.1615  12.3050 -9.3500
X  0.6904 -0.5138  0.5092
Y -0.7192 -0.4113  0.5600
Z -0.0783 -0.7528 -0.6535

PART 4
OFFSET  9.0339  7.9345 -5.0191
X  0.6904 -0.5138  0.5092
Y -0.4658 -0.8543 -0.2306
Z  0.5535 -0.0780 -0.8292

PART 5
OFFSET  10.8280  8.3262 -4.3132
X  0.6949 -0.5093  0.5076
Y  0.0867  0.7601  0.6440
Z -0.7139 -0.4035  0.5724

PART 6
OFFSET  10.5798  7.3800 -5.6831
X  0.6949 -0.5093  0.5076
Y  0.0867  0.7601  0.6440
Z -0.7139 -0.4035  0.5724

PART 7
OFFSET  9.3556  6.9288 -2.6960
X  0.6949 -0.5093  0.5076
Y  0.0867  0.7601  0.6440
Z -0.7139 -0.4035  0.5724

PART 8
OFFSET  8.9330  5.7832 -3.4727
X  0.6949 -0.5093  0.5076
Y  0.0867  0.7601  0.6440
Z -0.7139 -0.4035  0.5724

PART 9
OFFSET  9.0987  5.0292 -5.2048
X  0.6949 -0.5093  0.5076
Y  0.0867  0.7601  0.6440
Z -0.7139 -0.4035  0.5724

PART 10
OFFSET  11.1505  6.3592 -3.4581
X  0.7614 -0.5477  0.3469
Y -0.4955 -0.8367 -0.2333
Z  0.4180  0.0058 -0.9084

PART 11
OFFSET  11.1864  5.3077 -3.9002
X  0.5241 -0.8411 -0.1333
Y -0.8313 -0.4713 -0.2947
Z  0.1850  0.2653 -0.9462

PART 12
OFFSET  12.2448  3.4604 -4.2700
X  0.8239 -0.4989  0.2689
Y -0.3576 -0.8256 -0.4364
Z  0.4397  0.2634 -0.8587

PART 13
OFFSET  13.6454  2.7336 -3.9060
X  0.9250  0.1411  0.3529
Y  0.2251 -0.9515 -0.2096
Z  0.3062  0.2733 -0.9119

PART 14
OFFSET  14.6635  2.8826 -3.5697
X  0.5325 -0.2675  0.8031
Y -0.8341 -0.0043  0.5516
Z -0.1441 -0.9636 -0.2254

PART 15
OFFSET  12.4098  6.7928 -3.0984
X  0.9375 -0.0708  0.3408
Y  0.3445  0.0495 -0.9375
Z  0.0495  0.9963  0.0708

PART 16
OFFSET  14.5512  6.4947 -2.4579
X  0.7500 -0.5468 -0.3723
Y -0.5008 -0.1017 -0.8596
Z  0.4321  0.8311 -0.3501

PART 17
OFFSET  15.6130  5.7206 -2.9850
X -0.3233 -0.2052 -0.9238
Y -0.8147  0.5570  0.1614
Z  0.4814  0.8047 -0.3473

PART 18
OFFSET  15.3264  5.5386 -3.8040
X -0.8947  0.3460 -0.2824
Y -0.1244  0.4141  0.9017
Z  0.4289  0.8419 -0.3274

PART 19
OFFSET  14.4763  5.8673 -4.0723
X  0.7004 -0.6463 -0.3027
Y  0.5360  0.1963  0.8211
Z -0.4712 -0.7374  0.4840

PART 20
OFFSET  12.1896  6.1155 -3.0503
X  0.8793 -0.2642  0.3963
Y  0.4236  0.0537 -0.9042
Z  0.2176  0.9630  0.1591

PART 21
OFFSET  14.4620  5.4863 -1.9554
X  0.5957 -0.3747 -0.7105
Y -0.7130  0.1606 -0.6825
Z  0.3698  0.9131 -0.1714

PART 22
OFFSET  15.4762  4.8484 -3.1649
X -0.6443  0.1247 -0.7545
Y -0.6571  0.4144  0.6296
Z  0.3912  0.9015 -0.1851

PART 23
OFFSET  14.5832  5.0213 -4.2107
X -0.8226  0.4348  0.3663
Y  0.4084  0.0037  0.9128
Z  0.3955  0.9005 -0.1806

PART 24
OFFSET  13.6911  5.4928 -3.8134
X  0.4602 -0.3140 -0.8304
Y  0.7887 -0.2849  0.5448
Z -0.4077 -0.9057  0.1166

PART 25
OFFSET  12.9349  3.3455 -3.2461
X  0.9285 -0.3519  0.1189
Y -0.1977 -0.1973  0.9602
Z -0.3144 -0.9150 -0.2528

PART 26
OFFSET  13.5883  3.5920 -1.9449
X  0.6504 -0.2144 -0.7287
Y -0.6717  0.2857 -0.6835
Z  0.3548  0.9340  0.0418

PART 27
OFFSET  14.7333  3.2144 -3.2279
X -0.5156  0.3109 -0.7985
Y -0.7422  0.3036  0.5975
Z  0.4281  0.9007  0.0742

PART 28
OFFSET  14.0805  3.5376 -4.2031
X -0.8904  0.3520  0.2886
Y  0.2566 -0.1356  0.9570
Z  0.3760  0.9261  0.0304

PART 29
OFFSET  13.0748  3.9352 -3.8771
X  0.1640  0.2683 -0.9493
Y  0.8677 -0.4970  0.0094
Z -0.4693 -0.8252 -0.3143

PART 30
OFFSET  14.1196  4.5591 -1.8917
X  0.5842 -0.3225 -0.7448
Y -0.6784  0.3097 -0.6663
Z  0.4455  0.8945 -0.0378

PART 31
OFFSET  15.2610  3.9292 -3.3467
X -0.6739  0.2934 -0.6781
Y -0.6130  0.2903  0.7348
Z  0.4125  0.9108 -0.0158

PART 32
OFFSET  14.2767  4.3577 -4.3371
X -0.8382  0.3447  0.4227
Y  0.3734 -0.2022  0.9054
Z  0.3975  0.9167  0.0407

PART 33
OFFSET  13.3299  4.7547 -3.8587
X  0.3788 -0.1938 -0.9050
Y  0.8526 -0.3072  0.4227
Z -0.3599 -0.9317  0.0489

PART 34
OFFSET  14.1188  5.3340 -3.7763
X  0.1928  0.9766  0.0949
Y -0.4180 -0.0058  0.9084
Z  0.8878 -0.2149  0.4071

PART 35
OFFSET  12.8493 -3.9944 -4.0900
X  0.5286 -0.8476 -0.0468
Y -0.1271 -0.1336  0.9829
Z -0.8393 -0.5136 -0.1783

PART 36
OFFSET  12.8493 -3.9944 -4.0900
X  0.5286 -0.8476 -0.0468
Y -0.1271 -0.1336  0.9829
Z -0.8393 -0.5136 -0.1783

PART 37
OFFSET  14.9631 -7.3839 -4.2774
X  0.5286 -0.8476 -0.0468
Y -0.1271 -0.1336  0.9829
Z -0.8393 -0.5136 -0.1783

PART 38
OFFSET  12.6609 -7.5696 -4.6003
X  0.5286 -0.8476 -0.0468
Y -0.1271 -0.1336  0.9829
Z -0.8393 -0.5136 -0.1783

PART 39
OFFSET  15.4294 -6.2998 -4.0697
X  0.5286 -0.8476 -0.0468
Y -0.1271 -0.1336  0.9829
Z -0.8393 -0.5136 -0.1783

PART 40
OFFSET  15.5210 -6.2181 -4.0253
X  0.5286 -0.8476 -0.0468
Y -0.1271 -0.1336  0.9829
Z -0.8393 -0.5136 -0.1783

PART 41
OFFSET  14.1360  4.9334 -3.3644
X  0.5591  0.8189 -0.1300
Y -0.1042 -0.0862 -0.9908
Z -0.8225  0.5675  0.0371

PART 42
OFFSET  14.1360  4.9334 -3.3644
X  0.5591  0.8189 -0.1300
Y -0.1042 -0.0862 -0.9908
Z -0.8225  0.5675  0.0371

PART 43
OFFSET  18.8120  10.2429 -4.3166
X  0.8225 -0.5675 -0.0371
Y -0.1042 -0.0862 -0.9908
Z  0.5591  0.8189 -0.1300

PART 44
OFFSET  14.9631 -7.3839 -4.2774
X  0.5286 -0.8476 -0.0468
Y -0.1271 -0.1336  0.9829
Z -0.8393 -0.5136 -0.1783

PART 45
OFFSET -6.0573 -7.9373 -2.8236
X -0.7636  0.4490  0.4640
Y -0.2338 -0.8621  0.4495
Z  0.6019  0.2347  0.7633

PART 46
OFFSET  3.1771 -13.3679 -8.4357
X -0.6798 -0.6146 -0.4003
Y  0.7258 -0.4851 -0.4878
Z  0.1056 -0.6221  0.7758

PART 47
OFFSET  8.9590 -8.1409 -5.0314
X -0.6798 -0.6146 -0.4003
Y  0.4975 -0.7874  0.3640
Z -0.5389  0.0483  0.8410

PART 48
OFFSET  9.0969 -5.5992 -5.5678
X -0.6844 -0.6099 -0.3995
Y -0.1141  0.6307 -0.7676
Z  0.7201 -0.4797 -0.5013

PART 49
OFFSET  8.6665 -5.5325 -3.9807
X -0.6844 -0.6099 -0.3995
Y -0.1141  0.6307 -0.7676
Z  0.7201 -0.4797 -0.5013

PART 50
OFFSET  9.2719 -6.7294 -2.9286
X -0.6844 -0.6099 -0.3995
Y -0.1141  0.6307 -0.7676
Z  0.7201 -0.4797 -0.5013

PART 51
OFFSET  11.0430 -6.2568 -3.8044
X -0.4891 -0.8063 -0.3326
Y  0.6679 -0.5915  0.4517
Z -0.5609 -0.0012  0.8279

PART 52
OFFSET  10.8488 -5.3228 -4.4305
X -0.1932 -0.9067  0.3750
Y  0.9302 -0.0477  0.3639
Z -0.3121  0.4191  0.8526

PART 53
OFFSET  11.1902 -3.3848 -5.3235
X -0.6440 -0.7495 -0.1532
Y  0.5344 -0.5841  0.6109
Z -0.5474  0.3116  0.7767

PART 54
OFFSET  12.3231 -2.2446 -5.1267
X -0.8967 -0.0463 -0.4402
Y -0.1240 -0.9284  0.3502
Z -0.4249  0.3686  0.8268

PART 55
OFFSET  13.3143 -2.1956 -4.6945
X -0.4145 -0.4623 -0.7839
Y  0.8777  0.0246 -0.4786
Z  0.2405 -0.8864  0.3955

PART 56
OFFSET  12.2855 -6.2077 -3.2066
X -0.8366 -0.5276 -0.1474
Y -0.2948  0.2068  0.9329
Z -0.4617  0.8240 -0.3285

PART 57
OFFSET  14.1342 -4.9276 -3.0377
X -0.3279 -0.4059  0.8531
Y  0.7837  0.3873  0.4855
Z -0.5275  0.8278  0.1911

PART 58
OFFSET  14.5984 -4.3530 -4.2454
X  0.6790  0.2916  0.6738
Y  0.4720  0.5296 -0.7048
Z -0.5623  0.7966  0.2219

PART 59
OFFSET  13.9964 -4.6115 -4.8428
X  0.8368  0.4935  0.2371
Y  0.1131  0.2679 -0.9568
Z -0.5357  0.8275  0.1683

PART 60
OFFSET  13.2014 -5.0804 -5.0681
X -0.6336 -0.6653  0.3949
Y -0.5208 -0.0108 -0.8536
Z  0.5722 -0.7465 -0.3396

PART 61
OFFSET  11.8709 -5.6374 -3.3180
X -0.6834 -0.6594 -0.3134
Y -0.5043  0.1158  0.8557
Z -0.5279  0.7428 -0.4117

PART 62
OFFSET  13.7117 -4.0339 -2.4245
X -0.4182 -0.3824  0.8240
Y  0.6828  0.4660  0.5628
Z -0.5991  0.7979  0.0662

PART 63
OFFSET  14.4237 -3.3828 -3.8273
X  0.5793  0.3607  0.7309
Y  0.5873  0.4370 -0.6812
Z -0.5652  0.8239  0.0414

PART 64
OFFSET  13.6208 -3.8828 -4.8403
X  0.8115  0.5705  0.1264
Y  0.1529  0.0014 -0.9882
Z -0.5640  0.8213 -0.0861

PART 65
OFFSET  12.7406 -4.5015 -4.9773
X -0.7800 -0.4278  0.4568
Y -0.3158 -0.3611 -0.8774
Z  0.5403 -0.8286  0.1465

PART 66
OFFSET  8.1418 -9.1130 -5.1269
X -0.7454 -0.6446 -0.1701
Y  0.4202 -0.2562 -0.8705
Z  0.5175 -0.7203  0.4619

PART 67
OFFSET  12.2368 -2.6694 -2.5413
X -0.5280 -0.4792  0.7011
Y  0.3206  0.6520  0.6871
Z -0.7864  0.5875 -0.1907

PART 68
OFFSET  13.1665 -1.8257 -3.7758
X  0.2761  0.6814  0.6779
Y  0.5325  0.4787 -0.6981
Z -0.8001  0.5537 -0.2307

PART 69
OFFSET  12.7823 -2.6205 -4.6139
X  0.5944  0.7927  0.1354
Y  0.2386 -0.0131 -0.9710
Z -0.7680  0.6094 -0.1969

PART 70
OFFSET  12.1109 -3.5158 -4.7667
X -0.6249 -0.0748  0.7771
Y -0.3875 -0.8344 -0.3919
Z  0.6777 -0.5461  0.4924

PART 71
OFFSET  13.0099 -3.3969 -2.2353
X -0.4865 -0.4504  0.7486
Y  0.4383  0.6154  0.6551
Z -0.7557  0.6469 -0.1020

PART 72
OFFSET  13.9603 -2.5170 -3.6978
X  0.4288  0.5325  0.7298
Y  0.6126  0.4224 -0.6681
Z -0.6640  0.7335 -0.1451

PART 73
OFFSET  13.3341 -3.2947 -4.7638
X  0.7093  0.7049  0.0045
Y  0.1779 -0.1727 -0.9688
Z -0.6821  0.6880 -0.2479

PART 74
OFFSET  12.5357 -4.0980 -4.7678
X -0.6139 -0.4741  0.6311
Y -0.3704 -0.5330 -0.7607
Z  0.6971 -0.7008  0.1516

PART 75
OFFSET  0.0000 -0.0000 -0.0000
X  1.0000 -0.0000  0.0000
Y  0.0000  1.0000  0.0000
Z  0.0000 -0.0000  1.0000

PART 76
OFFSET  0.0000 -0.0000 -0.0000
X  1.0000 -0.0000  0.0000
Y  0.0000  1.0000  0.0000
Z  0.0000 -0.0000  1.0000

PART 77
OFFSET  1.5404 -0.0000  4.1357
X  1.0000 -0.0000  0.0000
Y  0.0000  1.0000  0.0000
Z  0.0000 -0.0000  1.0000


FRAME 1403
PART 0
OFFSET  0.0000 -0.0000 -0.0000
X  1.0000 -0.0000  0.0000
Y  0.0000  1.0000  0.0000
Z  0.0000 -0.0000  1.0000

PART 1
OFFSET -4.6318 -0.0000 -1.3770
X  1.0000 -0.0000  0.0000
Y  0.0000  1.0000  0.0000
Z  0.0000 -0.0000  1.0000

PART 2
OFFSET -6.2831  7.9373 -3.1869
X  0.7312  0.3768 -0.5687
Y  0.2609 -0.9247 -0.2772
Z -0.6303  0.0543 -0.7744

PART 3
OFFSET  2.5594  12.4944 -10.0648
X  0.6739 -0.5188  0.5261
Y -0.7325 -0.3758  0.5677
Z -0.0968 -0.7679 -0.6332

PART 4
OFFSET  8.2909  8.0819 -5.5902
X  0.6739 -0.5188  0.5261
Y -0.5352 -0.8336 -0.1365
Z  0.5093 -0.1896 -0.8394

PART 5
OFFSET  10.0926  8.4427 -4.8871
X  0.6785 -0.5144  0.5244
Y  0.1054  0.7747  0.6235
Z -0.7270 -0.3678  0.5798

PART 6
OFFSET  9.8233  7.4668 -6.2319
X  0.6785 -0.5144  0.5244
Y  0.1054  0.7747  0.6235
Z -0.7270 -0.3678  0.5798

PART 7
OFFSET  8.5756  7.1313 -3.2393
X  0.6785 -0.5144  0.5244
Y  0.1054  0.7747  0.6235
Z -0.7270 -0.3678  0.5798

PART 8
OFFSET  8.1241  5.9772 -3.9866
X  0.6785 -0.5144  0.5244
Y  0.1054  0.7747  0.6235
Z -0.7270 -0.3678  0.5798

PART 9
OFFSET  8.2754  5.1719 -5.6968
X  0.6785 -0.5144  0.5244
Y  0.1054  0.7747  0.6235
Z -0.7270 -0.3678  0.5798

PART 10
OFFSET  10.3568  6.4915 -3.9774
X  0.8105 -0.4624  0.3595
Y -0.4613 -0.8822 -0.0946
Z  0.3609 -0.0891 -0.9283

PART 11
OFFSET  10.4244  5.3955 -4.2882
X  0.5612 -0.8252 -0.0638
Y -0.8201 -0.5439 -0.1778
Z  0.1120  0.1521 -0.9820

PART 12
OFFSET  11.5598  3.5689 -4.4984
X  0.8653 -0.4210  0.2721
Y -0.3368 -0.8903 -0.3064
Z  0.3712  0.1734 -0.9122

PART 13
OFFSET  13.0183  2.9618 -4.1430
X  0.9354  0.2286  0.2697
Y  0.2647 -0.9585 -0.1056
Z  0.2344  0.1702 -0.9571

PART 14
OFFSET  14.0451  3.2005 -3.8969
X  0.5945 -0.1381  0.7922
Y -0.7974  0.0256  0.6029
Z -0.1035 -0.9901 -0.0949

PART 15
OFFSET  11.6095  7.0267 -3.7595
X  0.9590  0.0177  0.2830
Y  0.2835 -0.0529 -0.9575
Z -0.0020  0.9984 -0.0558

PART 16
OFFSET  13.7992  6.9147 -3.2330
X  0.7553 -0.5530 -0.3518
Y -0.5457 -0.2333 -0.8048
Z  0.3629  0.7999 -0.4780

PART 17
OFFSET  14.8685  6.1318 -3.7311
X -0.3670 -0.3356 -0.8676
Y -0.8332  0.5334  0.1461
Z  0.4137  0.7765 -0.4753

PART 18
OFFSET  14.5431  5.8343 -4.5004
X -0.9282  0.2644 -0.2619
Y -0.0922  0.5183  0.8502
Z  0.3605  0.8133 -0.4567

PART 19
OFFSET  13.6614  6.0854 -4.7491
X  0.7157 -0.6452 -0.2674
Y  0.5732  0.3239  0.7527
Z -0.3990 -0.6920  0.6017

PART 20
OFFSET  11.4308  6.3512 -3.6137
X  0.9152 -0.1697  0.3656
Y  0.3641 -0.0408 -0.9304
Z  0.1728  0.9847  0.0244

PART 21
OFFSET  13.7972  5.9748 -2.6053
X  0.5713 -0.4325 -0.6975
Y -0.7611  0.0388 -0.6475
Z  0.3072  0.9008 -0.3070

PART 22
OFFSET  14.7699  5.2384 -3.7928
X -0.6950 -0.0026 -0.7190
Y -0.6397  0.4588  0.6167
Z  0.3283  0.8885 -0.3205

PART 23
OFFSET  13.8067  5.2348 -4.7893
X -0.8218  0.4378  0.3646
Y  0.4624  0.1385  0.8758
Z  0.3329  0.8883 -0.3163

PART 24
OFFSET  12.9154  5.7096 -4.3938
X  0.4256 -0.3941 -0.8146
Y  0.8351 -0.1757  0.5213
Z -0.3486 -0.9021  0.2543

PART 25
OFFSET  12.3163  3.6175 -3.5170
X  0.9522 -0.2892  0.0984
Y -0.1276 -0.0836  0.9883
Z -0.2776 -0.9536 -0.1165

PART 26
OFFSET  13.0329  4.0574 -2.3029
X  0.6158 -0.2735 -0.7390
Y -0.7270  0.1646 -0.6667
Z  0.3039  0.9477 -0.0975

PART 27
OFFSET  14.1170  3.5759 -3.6040
X -0.5798  0.1824 -0.7941
Y -0.7202  0.3409  0.6042
Z  0.3809  0.9222 -0.0662

PART 28
OFFSET  13.3890  3.7417 -4.5653
X -0.8894  0.3427  0.3024
Y  0.3215 -0.0011  0.9469
Z  0.3248  0.9394 -0.1092

PART 29
OFFSET  12.3844  4.1288 -4.2237
X  0.0906  0.1537 -0.9840
Y  0.8931 -0.4498  0.0120
Z -0.4407 -0.8798 -0.1780

PART 30
OFFSET  13.5116  5.0478 -2.4051
X  0.5549 -0.3857 -0.7371
Y -0.7339  0.1902 -0.6521
Z  0.3917  0.9028 -0.1775

PART 31
OFFSET  14.5957  4.2943 -3.8451
X -0.7292  0.1728 -0.6621
Y -0.5824  0.3513  0.7331
Z  0.3592  0.9202 -0.1555

PART 32
OFFSET  13.5306  4.5467 -4.8121
X -0.8288  0.3549  0.4326
Y  0.4386 -0.0680  0.8961
Z  0.3475  0.9324 -0.0992

PART 33
OFFSET  12.5940  4.9552 -4.3236
X  0.3332 -0.2883 -0.8977
Y  0.8926 -0.2102  0.3988
Z -0.3037 -0.9342  0.1873

PART 34
OFFSET  13.3528  5.5774 -4.3664
X  0.1434  0.9889 -0.0392
Y -0.3609  0.0891  0.9283
Z  0.9215 -0.1190  0.3697

PART 35
OFFSET  12.2509 -4.3183 -4.4314
X  0.4484 -0.8745 -0.1846
Y -0.0496 -0.2305  0.9718
Z -0.8924 -0.4267 -0.1467

PART 36
OFFSET  12.2509 -4.3183 -4.4314
X  0.4484 -0.8745 -0.1846
Y -0.0496 -0.2305  0.9718
Z -0.8924 -0.4267 -0.1467

PART 37
OFFSET  14.0443 -7.8156 -5.1695
X  0.4484 -0.8745 -0.1846
Y -0.0496 -0.2305  0.9718
Z -0.8924 -0.4267 -0.1467

PART 38
OFFSET  11.7150 -7.7919 -5.2826
X  0.4484 -0.8745 -0.1846
Y -0.0496 -0.2305  0.9718
Z -0.8924 -0.4267 -0.1467

PART 39
OFFSET  14.6175 -6.7988 -4.8990
X  0.4484 -0.8745 -0.1846
Y -0.0496 -0.2305  0.9718
Z -0.8924 -0.4267 -0.1467

PART 40
OFFSET  14.7194 -6.7295 -4.8557
X  0.4484 -0.8745 -0.1846
Y -0.0496 -0.2305  0.9718
Z -0.8924 -0.4267 -0.1467

PART 41
OFFSET  13.4174  5.2333 -3.9104
X  0.5035  0.8216 -0.2672
Y -0.1593 -0.2156 -0.9634
Z -0.8492  0.5277  0.0223

PART 42
OFFSET  13.4174  5.2333 -3.9104
X  0.5035  0.8216 -0.2672
Y -0.1593 -0.2156 -0.9634
Z -0.8492  0.5277  0.0223

PART 43
OFFSET  17.7229  10.5973 -5.8215
X  0.8492 -0.5277 -0.0223
Y -0.1593 -0.2156 -0.9634
Z  0.5035  0.8216 -0.2672

PART 44
OFFSET  14.0443 -7.8156 -5.1695
X  0.4484 -0.8745 -0.1846
Y -0.0496 -0.2305  0.9718
Z -0.8924 -0.4267 -0.1467

PART 45
OFFSET -6.0573 -7.9373 -2.8236
X -0.7113  0.4406  0.5477
Y -0.2473 -0.8862  0.3917
Z  0.6580  0.1431  0.7393

PART 46
OFFSET  2.5447 -13.2653 -9.4477
X -0.6695 -0.5884 -0.4533
Y  0.7326 -0.4223 -0.5338
Z  0.1226 -0.6895  0.7138

PART 47
OFFSET  8.2394 -8.2607 -5.5921
X -0.6695 -0.5884 -0.4533
Y  0.5284 -0.8062  0.2661
Z -0.5220 -0.0614  0.8507

PART 48
OFFSET  8.3228 -5.6777 -5.8892
X -0.6742 -0.5840 -0.4521
Y -0.1313  0.6972 -0.7048
Z  0.7268 -0.4159 -0.5467

PART 49
OFFSET  7.9003 -5.7684 -4.3011
X -0.6742 -0.5840 -0.4521
Y -0.1313  0.6972 -0.7048
Z  0.7268 -0.4159 -0.5467

PART 50
OFFSET  8.5359 -7.0456 -3.3678
X -0.6742 -0.5840 -0.4521
Y -0.1313  0.6972 -0.7048
Z  0.7268 -0.4159 -0.5467

PART 51
OFFSET  10.2920 -6.4568 -4.2024
X -0.5836 -0.7261 -0.3636
Y  0.6530 -0.6857  0.3214
Z -0.4827 -0.0499  0.8744

PART 52
OFFSET  10.1225 -5.4479 -4.7080
X -0.2351 -0.9253  0.2977
Y  0.9516 -0.1567  0.2643
Z -0.1979  0.3454  0.9173

PART 53
OFFSET  10.5458 -3.4549 -5.4278
X -0.7164 -0.6779 -0.1650
Y  0.5354 -0.6858  0.4929
Z -0.4473  0.2648  0.8543

PART 54
OFFSET  11.7844 -2.4311 -5.2277
X -0.9332  0.0694 -0.3527
Y -0.1705 -0.9493  0.2641
Z -0.3165  0.3066  0.8977

PART 55
OFFSET  12.8109 -2.5041 -4.8918
X -0.5207 -0.3413 -0.7826
Y  0.8303  0.0111 -0.5573
Z  0.1989 -0.9399  0.2776

PART 56
OFFSET  11.5826 -6.5666 -3.7273
X -0.8882 -0.4441 -0.1178
Y -0.1915  0.1249  0.9735
Z -0.4177  0.8872 -0.1960

PART 57
OFFSET  13.5409 -5.4547 -3.6106
X -0.2835 -0.4712  0.8352
Y  0.8540  0.2721  0.4434
Z -0.4362  0.8390  0.3253

PART 58
OFFSET  13.9423 -4.7876 -4.7931
X  0.7588  0.1644  0.6302
Y  0.4503  0.5667 -0.6900
Z -0.4706  0.8073  0.3560

PART 59
OFFSET  13.2695 -4.9335 -5.3519
X  0.8935  0.4005  0.2031
Y  0.0494  0.3618 -0.9309
Z -0.4464  0.8418  0.3035

PART 60
OFFSET  12.4207 -5.3140 -5.5448
X -0.6499 -0.6552  0.3852
Y -0.5940  0.1218 -0.7952
Z  0.4741 -0.7456 -0.4684

PART 61
OFFSET  11.2096 -5.9581 -3.7388
X -0.7621 -0.5681 -0.3106
Y -0.4141  0.0589  0.9083
Z -0.4977  0.8209 -0.2801

PART 62
OFFSET  13.2523 -4.6044 -2.8710
X -0.3737 -0.4379  0.8176
Y  0.7674  0.3491  0.5378
Z -0.5209  0.8285  0.2056

PART 63
OFFSET  13.8886 -3.8588 -4.2631
X  0.6709  0.2341  0.7036
Y  0.5590  0.4638 -0.6873
Z -0.4872  0.8544  0.1803

PART 64
OFFSET  12.9588 -4.1833 -5.2383
X  0.8650  0.4909  0.1038
Y  0.0635  0.0982 -0.9931
Z -0.4977  0.8657  0.0538

PART 65
OFFSET  12.0207 -4.7156 -5.3508
X -0.7695 -0.4157  0.4849
Y -0.4225 -0.2382 -0.8745
Z  0.4790 -0.8778  0.0077

PART 66
OFFSET  7.0523 -8.9258 -5.5187
X -0.8096 -0.5645 -0.1611
Y  0.3174 -0.1901 -0.9290
Z  0.4938 -0.8033  0.3331

PART 67
OFFSET  11.8940 -3.1287 -2.7031
X -0.5019 -0.5122  0.6969
Y  0.4349  0.5471  0.7153
Z -0.7476  0.6621 -0.0518

PART 68
OFFSET  12.7777 -2.2269 -3.9302
X  0.3924  0.5805  0.7135
Y  0.5066  0.5110 -0.6944
Z -0.7677  0.6339 -0.0936

PART 69
OFFSET  12.2541 -2.8941 -4.8033
X  0.6692  0.7264  0.1566
Y  0.1488  0.0755 -0.9860
Z -0.7280  0.6831 -0.0576

PART 70
OFFSET  11.4982 -3.7146 -4.9802
X -0.5570 -0.1125  0.8229
Y -0.4904 -0.7551 -0.4351
Z  0.6703 -0.6459  0.3654

PART 71
OFFSET  12.6268 -3.9412 -2.5501
X -0.4541 -0.4920  0.7428
Y  0.5458  0.5054  0.6684
Z -0.7042  0.7089  0.0390

PART 72
OFFSET  13.5138 -2.9801 -4.0012
X  0.5359  0.4158  0.7348
Y  0.5840  0.4460 -0.6783
Z -0.6097  0.7926 -0.0038

PART 73
OFFSET  12.7311 -3.5874 -5.0745
X  0.7641  0.6450  0.0069
Y  0.0752 -0.0785 -0.9941
Z -0.6407  0.7601 -0.1085

PART 74
OFFSET  11.8702 -4.3233 -5.0822
X -0.5930 -0.4931  0.6366
Y -0.4809 -0.4173 -0.7712
Z  0.6459 -0.7634  0.0103

PART 75
OFFSET  0.0000 -0.0000 -0.0000
X  1.0000 -0.0000  0.0000
Y  0.0000  1.0000  0.0000
Z  0.0000 -0.0000  1.0000

PART 76
OFFSET  0.0000 -0.0000 -0.0000
X  1.0000 -0.0000  0.0000
Y  0.0000  1.0000  0.0000
Z  0.0000 -0.0000  1.0000

PART 77
OFFSET  1.5404 -0.0000  4.1357
X  1.0000 -0.0000  0.0000
Y  0.0000  1.0000  0.0000
Z  0.0000 -0.0000  1.0000


FRAME 1404
PART 0
OFFSET  0.0000 -0.0000 -0.0000
X  1.0000 -0.0000  0.0000
Y  0.0000  1.0000  0.0000
Z  0.0000 -0.0000  1.0000

PART 1
OFFSET -4.6318 -0.0000 -1.3770
X  1.0000 -0.0000  0.0000
Y  0.0000  1.0000  0.0000
Z  0.0000 -0.0000  1.0000

PART 2
OFFSET -6.2831  7.9373 -3.1869
X  0.6647  0.3906 -0.6369
Y  0.2732 -0.9205 -0.2794
Z -0.6954  0.0118 -0.7185

PART 3
OFFSET  1.7556  12.6612 -10.8892
X  0.6600 -0.5193  0.5428
Y -0.7417 -0.3356  0.5808
Z -0.1194 -0.7859 -0.6067

PART 4
OFFSET  7.3695  8.2441 -6.2722
X  0.6600 -0.5193  0.5428
Y -0.6048 -0.7960 -0.0262
Z  0.4457 -0.3110 -0.8394

PART 5
OFFSET  9.1819  8.5780 -5.5833
X  0.6648 -0.5151  0.5410
Y  0.1282  0.7921  0.5967
Z -0.7360 -0.3273  0.5926

PART 6
