// Export filename: `C:\projects\cod\t5\xanim_export\t5_viewmodels\ballistic_knife\b_knife_pullout.XANIM_EXPORT`
// Source filename: `D:\projects\devanim\t5\animation_assets\viewmodels\ballistic_knife/ViewModel_ballistic_knife_animated2.fbx`
// Export time: Mon Sep 06 22:07:45 2010

ANIMATION
VERSION 3

NUMPARTS 78
PART 0 "tag_ads"
PART 1 "tag_torso"
PART 2 "J_Shoulder_LE"
PART 3 "J_Elbow_LE"
PART 4 "J_WristTwist_LE"
PART 5 "J_Sleave_Reshape_Bottom_LE_1"
PART 6 "J_Sleave_Reshape_Bottom_LE_2"
PART 7 "J_Sleave_Reshape_Top_LE_1"
PART 8 "J_Sleave_Reshape_Top_LE_2"
PART 9 "J_Sleave_Reshape_Top_LE_3"
PART 10 "J_Wrist_LE"
PART 11 "J_Thumb_LE_0"
PART 12 "J_Thumb_LE_1"
PART 13 "J_Thumb_LE_2"
PART 14 "J_Thumb_LE_3"
PART 15 "J_PinkyPalm_LE"
PART 16 "J_Pinky_LE_0"
PART 17 "J_Pinky_LE_1"
PART 18 "J_Pinky_LE_2"
PART 19 "J_Pinky_LE_3"
PART 20 "J_RingPalm_LE"
PART 21 "J_Ring_LE_0"
PART 22 "J_Ring_LE_1"
PART 23 "J_Ring_LE_2"
PART 24 "J_Ring_LE_3"
PART 25 "J_Webbing_LE"
PART 26 "J_Index_LE_0"
PART 27 "J_Index_LE_1"
PART 28 "J_Index_LE_2"
PART 29 "J_Index_LE_3"
PART 30 "J_Mid_LE_0"
PART 31 "J_Mid_LE_1"
PART 32 "J_Mid_LE_2"
PART 33 "J_Mid_LE_3"
PART 34 "tag_knife_attach"
PART 35 "tag_weapon"
PART 36 "J_Gun"
PART 37 "tag_blade"
PART 38 "TAG_BOLT"
PART 39 "tag_pin"
PART 40 "tag_ring"
PART 41 "tag_origin"
PART 42 "origin_animate_jnt"
PART 43 "TAG_KNIFE_FX"
PART 44 "tag_clip"
PART 45 "J_Shoulder_RI"
PART 46 "J_Elbow_RI"
PART 47 "J_WristTwist_RI"
PART 48 "J_Sleave_Reshape_Top_RI_3"
PART 49 "J_Sleave_Reshape_Top_RI_2"
PART 50 "J_Sleave_Reshape_Top_RI_1"
PART 51 "J_Wrist_RI"
PART 52 "J_Thumb_RI_0"
PART 53 "J_Thumb_RI_1"
PART 54 "J_Thumb_RI_2"
PART 55 "J_Thumb_RI_3"
PART 56 "J_PinkyPalm_RI"
PART 57 "J_Pinky_RI_0"
PART 58 "J_Pinky_RI_1"
PART 59 "J_Pinky_RI_2"
PART 60 "J_Pinky_RI_3"
PART 61 "J_RingPalm_RI"
PART 62 "J_Ring_RI_0"
PART 63 "J_Ring_RI_1"
PART 64 "J_Ring_RI_2"
PART 65 "J_Ring_RI_3"
PART 66 "J_Webbing_RI"
PART 67 "J_Index_RI_0"
PART 68 "J_Index_RI_1"
PART 69 "J_Index_RI_2"
PART 70 "J_Index_RI_3"
PART 71 "J_Mid_RI_0"
PART 72 "J_Mid_RI_1"
PART 73 "J_Mid_RI_2"
PART 74 "J_Mid_RI_3"
PART 75 "tag_cambone"
PART 76 "tag_camera"
PART 77 "tag_gasmask"

FRAMERATE 30
NUMFRAMES 28

FRAME 600
PART 0
OFFSET  0.0000 -0.0000 -0.0000
X  1.0000 -0.0000  0.0000
Y  0.0000  1.0000  0.0000
Z  0.0000 -0.0000  1.0000

PART 1
OFFSET -4.6318 -0.0000 -1.3770
X  1.0000 -0.0000  0.0000
Y  0.0000  1.0000  0.0000
Z  0.0000 -0.0000  1.0000

PART 2
OFFSET -6.2831  7.9373 -3.1869
X  0.8692  0.0014 -0.4944
Y -0.3443 -0.7160 -0.6073
Z -0.3549  0.6981 -0.6219

PART 3
OFFSET  4.2291  7.9543 -9.1664
X  0.4983 -0.8669 -0.0145
Y -0.7239 -0.4252  0.5432
Z -0.4771 -0.2602 -0.8395

PART 4
OFFSET  8.4674  0.5811 -9.2895
X  0.4983 -0.8669 -0.0145
Y -0.2331 -0.1500  0.9608
Z -0.8351 -0.4754 -0.2768

PART 5
OFFSET  10.3558  0.0526 -9.1306
X  0.5039 -0.8636 -0.0154
Y  0.4860  0.2688  0.8316
Z -0.7140 -0.4266  0.5552

PART 6
OFFSET  9.5333  0.0458 -10.5993
X  0.5039 -0.8636 -0.0154
Y  0.4860  0.2688  0.8316
Z -0.7140 -0.4266  0.5552

PART 7
OFFSET  8.7263 -1.5110 -7.8515
X  0.5039 -0.8636 -0.0154
Y  0.4860  0.2688  0.8316
Z -0.7140 -0.4266  0.5552

PART 8
OFFSET  7.7615 -1.9353 -8.8431
X  0.5039 -0.8636 -0.0154
Y  0.4860  0.2688  0.8316
Z -0.7140 -0.4266  0.5552

PART 9
OFFSET  7.3314 -1.7135 -10.6767
X  0.5039 -0.8636 -0.0154
Y  0.4860  0.2688  0.8316
Z -0.7140 -0.4266  0.5552

PART 10
OFFSET  9.9950 -2.0765 -9.3339
X  0.3859 -0.8843  0.2627
Y -0.3439  0.1263  0.9305
Z -0.8560 -0.4494 -0.2553

PART 11
OFFSET  9.4852 -2.5369 -8.4226
X -0.1365 -0.8101  0.5702
Y -0.4144  0.5695  0.7099
Z -0.8998 -0.1394 -0.4135

PART 12
OFFSET  9.0992 -4.2360 -7.1443
X  0.3187 -0.9293  0.1865
Y -0.5298 -0.0115  0.8480
Z -0.7859 -0.3691 -0.4961

PART 13
OFFSET  9.5573 -5.7769 -6.9495
X  0.4585 -0.7760 -0.4331
Y -0.2519 -0.5809  0.7741
Z -0.8522 -0.2458 -0.4618

PART 14
OFFSET  10.0098 -6.6372 -7.4258
X  0.8340 -0.5346  0.1364
Y  0.4580  0.8087  0.3692
Z -0.3077 -0.2455  0.9193

PART 15
OFFSET  10.5168 -3.0510 -10.1595
X  0.4327 -0.8681 -0.2432
Y -0.8895 -0.3672 -0.2719
Z  0.1467  0.3340 -0.9311

PART 16
OFFSET  11.3586 -5.0951 -10.6037
X -0.3284 -0.9253  0.1898
Y -0.9130  0.3625  0.1870
Z -0.2418 -0.1119 -0.9638

PART 17
OFFSET  10.8936 -6.4051 -10.3349
X -0.9652  0.1549  0.2106
Y  0.1131  0.9737 -0.1979
Z -0.2357 -0.1672 -0.9573

PART 18
OFFSET  10.0378 -6.2677 -10.1482
X -0.3505  0.9363 -0.0206
Y  0.9106  0.3356 -0.2412
Z -0.2189 -0.1033 -0.9703

PART 19
OFFSET  9.7047 -5.3782 -10.1677
X -0.2719 -0.9119  0.3074
Y  0.8854 -0.3622 -0.2915
Z  0.3771  0.1930  0.9058

PART 20
OFFSET  10.4926 -3.0988 -9.4477
X  0.4677 -0.8831 -0.0373
Y -0.8479 -0.4363 -0.3013
Z  0.2498  0.1725 -0.9528

PART 21
OFFSET  11.7754 -5.3557 -9.5860
X -0.6680 -0.7424  0.0517
Y -0.7413  0.6699  0.0414
Z -0.0654 -0.0107 -0.9978

PART 22
OFFSET  10.6382 -6.6196 -9.4979
X -0.8080  0.5877  0.0417
Y  0.5841  0.8083 -0.0744
Z -0.0775 -0.0358 -0.9964

PART 23
OFFSET  9.5184 -5.8051 -9.4401
X  0.3068  0.9499 -0.0603
Y  0.9490 -0.3101 -0.0568
Z -0.0727 -0.0398 -0.9966

PART 24
OFFSET  9.8512 -4.7749 -9.5055
X -0.7970 -0.6030  0.0328
Y  0.6039 -0.7965  0.0309
Z  0.0075  0.0445  0.9990

PART 25
OFFSET  10.1798 -4.8430 -7.1835
X  0.1916 -0.9815 -0.0038
Y  0.9171  0.1776  0.3568
Z -0.3495 -0.0718  0.9342

PART 26
OFFSET  11.5575 -5.2601 -7.5135
X -0.6688 -0.7340 -0.1183
Y -0.7290  0.6787 -0.0894
Z  0.1459  0.0265 -0.9889

PART 27
OFFSET  10.3800 -6.5523 -7.7219
X -0.8245  0.5357 -0.1822
Y  0.5352  0.8429  0.0558
Z  0.1835 -0.0515 -0.9817

PART 28
OFFSET  9.3665 -5.8980 -7.8838
X  0.2166  0.9757  0.0328
Y  0.9667 -0.2191  0.1323
Z  0.1363  0.0031 -0.9907

PART 29
OFFSET  9.6111 -4.7959 -7.8467
X -0.9048 -0.1190 -0.4088
Y  0.0662 -0.9878  0.1410
Z -0.4206  0.1006  0.9017

PART 30
OFFSET  11.7359 -5.3834 -8.5968
X -0.6995 -0.7147  0.0041
Y -0.7108  0.6951 -0.1072
Z  0.0738 -0.0779 -0.9942

PART 31
OFFSET  10.3694 -6.7796 -8.5888
X -0.7233  0.6840 -0.0951
Y  0.6842  0.7284  0.0351
Z  0.0933 -0.0397 -0.9948

PART 32
OFFSET  9.3130 -5.7805 -8.7277
X  0.3546  0.9344  0.0346
Y  0.9232 -0.3557  0.1454
Z  0.1482 -0.0196 -0.9888

PART 33
OFFSET  9.7150 -4.7221 -8.6956
X -0.8710 -0.4880 -0.0562
Y  0.4880 -0.8727  0.0150
Z -0.0564 -0.0143  0.9983

PART 34
OFFSET  9.9221 -5.2271 -9.5122
X  0.1844  0.1959 -0.9631
Y  0.8560  0.4494  0.2553
Z  0.4829 -0.8716 -0.0848

PART 35
OFFSET  12.3228 -5.4312 -11.1005
X -0.0294  0.2192 -0.9752
Y  0.9347 -0.3397 -0.1046
Z -0.3542 -0.9146 -0.1949

PART 36
OFFSET  12.3228 -5.4312 -11.1005
X -0.0294  0.2192 -0.9752
Y  0.9347 -0.3397 -0.1046
Z -0.3542 -0.9146 -0.1949

PART 37
OFFSET  12.2050 -4.5546 -15.0005
X -0.0294  0.2192 -0.9752
Y  0.9347 -0.3397 -0.1046
Z -0.3542 -0.9146 -0.1949

PART 38
OFFSET  11.4971 -6.6907 -14.3883
X -0.0294  0.2192 -0.9752
Y  0.9347 -0.3397 -0.1046
Z -0.3542 -0.9146 -0.1949

PART 39
OFFSET -26.5833  8.0243 -26.6169
X -0.0294  0.2192 -0.9752
Y  0.9347 -0.3397 -0.1046
Z -0.3542 -0.9146 -0.1949

PART 40
OFFSET -26.5180  8.1281 -26.5720
X -0.0294  0.2192 -0.9752
Y  0.9347 -0.3397 -0.1046
Z -0.3542 -0.9146 -0.1949

PART 41
OFFSET  10.3039 -5.3640 -9.1048
X -0.0109 -0.2179 -0.9759
Y -0.9999 -0.0076  0.0129
Z -0.0102  0.9759 -0.2178

PART 42
OFFSET  10.3039 -5.3640 -9.1048
X -0.0109 -0.2179 -0.9759
Y -0.9999 -0.0076  0.0129
Z -0.0102  0.9759 -0.2178

PART 43
OFFSET  10.2366 -7.7558 -15.8306
X  0.0102 -0.9759  0.2178
Y -0.9999 -0.0076  0.0129
Z -0.0109 -0.2179 -0.9759

PART 44
OFFSET  12.2050 -4.5546 -15.0005
X -0.0294  0.2192 -0.9752
Y  0.9347 -0.3397 -0.1046
Z -0.3542 -0.9146 -0.1949

PART 45
OFFSET -6.0573 -7.9373 -2.8236
X -0.7757  0.4759  0.4146
Y  0.1960 -0.4427  0.8750
Z  0.5999  0.7600  0.2501

PART 46
OFFSET  3.3234 -13.6930 -7.8372
X -0.7605 -0.5005  0.4136
Y  0.4432 -0.8657 -0.2325
Z  0.4745  0.0065  0.8803

PART 47
OFFSET  9.7921 -9.4361 -11.3553
X -0.7605 -0.5005  0.4136
Y -0.1817 -0.4475 -0.8756
Z  0.6233 -0.7411  0.2494

PART 48
OFFSET  9.5612 -7.9736 -13.4941
X -0.7645 -0.4953  0.4126
Y -0.4786  0.0073 -0.8780
Z  0.4319 -0.8687 -0.2427

PART 49
OFFSET  9.9000 -6.8054 -12.3853
X -0.7645 -0.4953  0.4126
Y -0.4786  0.0073 -0.8780
Z  0.4319 -0.8687 -0.2427

PART 50
OFFSET  10.9693 -7.1851 -11.1132
X -0.7645 -0.4953  0.4126
Y -0.4786  0.0073 -0.8780
Z  0.4319 -0.8687 -0.2427

PART 51
OFFSET  12.1237 -7.9018 -12.6234
X -0.4729 -0.6586 -0.5854
Y  0.5044  0.3424 -0.7927
Z  0.7225 -0.6701  0.1703

PART 52
OFFSET  11.5530 -7.6608 -11.6650
X  0.2629 -0.5455 -0.7958
Y  0.5055  0.7804 -0.3680
Z  0.8218 -0.3056  0.4809

PART 53
OFFSET  10.8896 -6.5446 -9.9377
X -0.3171 -0.8159 -0.4835
Y  0.6399  0.1923 -0.7441
Z  0.7000 -0.5453  0.4611

PART 54
OFFSET  11.3613 -5.1550 -9.2532
X -0.5827 -0.7665  0.2699
Y  0.2479 -0.4840 -0.8392
Z  0.7739 -0.4221  0.4721

PART 55
OFFSET  11.9518 -4.2985 -9.5524
X -0.8762 -0.3944 -0.2769
Y -0.3255  0.9081 -0.2633
Z  0.3554 -0.1406 -0.9241

PART 56
OFFSET  12.9180 -6.8425 -13.0112
X -0.3245 -0.9223 -0.2097
Y  0.8862 -0.3740  0.2735
Z -0.3307 -0.0971  0.9387

PART 57
OFFSET  13.4903 -4.7384 -12.4370
X  0.7520 -0.5920 -0.2898
Y  0.6369  0.7659  0.0881
Z  0.1698 -0.2509  0.9530

PART 58
OFFSET  12.4256 -3.9003 -12.0266
X  0.7970  0.6032  0.0293
Y -0.5727  0.7394  0.3541
Z  0.1919 -0.2990  0.9348

PART 59
OFFSET  11.7189 -4.4352 -12.0526
X  0.4100  0.8950  0.1756
Y -0.9003  0.3663  0.2350
Z  0.1461 -0.2544  0.9560

PART 60
OFFSET  11.3294 -5.2855 -12.2194
X  0.2305 -0.8777 -0.4201
Y -0.9251 -0.3316  0.1853
Z -0.3019  0.3459 -0.8884

PART 61
OFFSET  12.7876 -7.0188 -12.3319
X -0.4736 -0.7936 -0.3818
Y  0.7687 -0.5841  0.2606
Z -0.4299 -0.1701  0.8867

PART 62
OFFSET  14.0977 -4.9466 -11.4669
X  0.7106 -0.6626 -0.2365
Y  0.7028  0.6843  0.1945
Z  0.0329 -0.3045  0.9520

PART 63
OFFSET  12.8878 -3.8184 -11.0642
X  0.8427  0.5233  0.1268
Y -0.5382  0.8115  0.2275
Z  0.0161 -0.2599  0.9655

PART 64
OFFSET  11.7200 -4.5437 -11.2399
X  0.3033  0.9170  0.2590
Y -0.9466  0.3211 -0.0284
Z -0.1092 -0.2366  0.9655

PART 65
OFFSET  11.3911 -5.5382 -11.5208
X  0.2869 -0.9464 -0.1485
Y -0.9438 -0.2527 -0.2131
Z  0.1642  0.2013 -0.9657

PART 66
OFFSET  10.1164 -11.2915 -14.2981
X -0.3416 -0.8722 -0.3501
Y -0.8084  0.4627 -0.3639
Z  0.4794  0.1587 -0.8631

PART 67
OFFSET  13.8543 -5.8429 -9.6813
X  0.5640 -0.7741 -0.2876
Y  0.7813  0.3874  0.4894
Z -0.2674 -0.5008  0.8232

PART 68
OFFSET  12.8613 -4.4800 -9.1749
X  0.7674  0.3575  0.5323
Y -0.5603  0.7775  0.2856
Z -0.3118 -0.5174  0.7969

PART 69
OFFSET  11.9095 -4.9460 -9.7737
X  0.2950  0.7873  0.5414
Y -0.9169  0.3926 -0.0714
Z -0.2688 -0.4753  0.8377

PART 70
OFFSET  11.5763 -5.8354 -10.3852
X  0.6561 -0.7444  0.1239
Y -0.5169 -0.5629 -0.6449
Z  0.5498  0.3591 -0.7542

PART 71
OFFSET  14.2215 -5.4215 -10.6342
X  0.6198 -0.7347 -0.2757
Y  0.7660  0.4902  0.4158
Z -0.1703 -0.4689  0.8667

PART 72
OFFSET  13.0107 -3.9861 -10.0957
X  0.8311  0.4405  0.3394
Y -0.5224  0.8277  0.2048
Z -0.1907 -0.3475  0.9181

PART 73
OFFSET  11.7968 -4.6296 -10.5915
X  0.1779  0.8886  0.4227
Y -0.9377  0.2833 -0.2011
Z -0.2985 -0.3606  0.8837

PART 74
OFFSET  11.5968 -5.6333 -11.0766
X  0.4816 -0.8393 -0.2522
Y -0.8520 -0.3811 -0.3589
Z  0.2051  0.3878 -0.8986

PART 75
OFFSET  0.0000 -0.0000 -0.0000
X  1.0000 -0.0000  0.0000
Y  0.0000  1.0000  0.0000
Z  0.0000 -0.0000  1.0000

PART 76
OFFSET  0.0000 -0.0000 -0.0000
X  1.0000 -0.0000  0.0000
Y  0.0000  1.0000  0.0000
Z  0.0000 -0.0000  1.0000

PART 77
OFFSET  1.5404 -0.0000  4.1357
X  1.0000 -0.0000  0.0000
Y  0.0000  1.0000  0.0000
Z  0.0000 -0.0000  1.0000


FRAME 601
PART 0
OFFSET  0.0000 -0.0000 -0.0000
X  1.0000 -0.0000  0.0000
Y  0.0000  1.0000  0.0000
Z  0.0000 -0.0000  1.0000

PART 1
OFFSET -4.6318 -0.0000 -1.3770
X  1.0000 -0.0000  0.0000
Y  0.0000  1.0000  0.0000
Z  0.0000 -0.0000  1.0000

PART 2
OFFSET -6.2831  7.9373 -3.1869
X  0.8674 -0.0078 -0.4975
Y -0.3562 -0.7080 -0.6099
Z -0.3475  0.7062 -0.6169

PART 3
OFFSET  4.2074  7.8431 -9.2038
X  0.4966 -0.8675 -0.0286
Y -0.7208 -0.4305  0.5432
Z -0.4835 -0.2491 -0.8391

PART 4
OFFSET  8.4310  0.4645 -9.4473
X  0.4966 -0.8675 -0.0286
Y -0.1758 -0.1328  0.9754
Z -0.8500 -0.4793 -0.2185

PART 5
OFFSET  10.3196 -0.0692 -9.3084
X  0.5022 -0.8642 -0.0296
Y  0.4924  0.2577  0.8313
Z -0.7108 -0.4321  0.5550

PART 6
OFFSET  9.4866 -0.0566 -10.7711
X  0.5022 -0.8642 -0.0296
Y  0.4924  0.2577  0.8313
Z -0.7108 -0.4321  0.5550

PART 7
OFFSET  8.6964 -1.6454 -8.0368
X  0.5022 -0.8642 -0.0296
Y  0.4924  0.2577  0.8313
Z -0.7108 -0.4321  0.5550

PART 8
OFFSET  7.7238 -2.0558 -9.0266
X  0.5022 -0.8642 -0.0296
Y  0.4924  0.2577  0.8313
Z -0.7108 -0.4321  0.5550

PART 9
OFFSET  7.2810 -1.8109 -10.8542
X  0.5022 -0.8642 -0.0296
Y  0.4924  0.2577  0.8313
Z -0.7108 -0.4321  0.5550

PART 10
OFFSET  9.9534 -2.1950 -9.5350
X  0.3810 -0.8871  0.2605
Y -0.2874  0.1542  0.9453
Z -0.8788 -0.4350 -0.1962

PART 11
OFFSET  9.4866 -2.6239 -8.5861
X -0.1232 -0.7940  0.5953
Y -0.3597  0.5948  0.7189
Z -0.9249 -0.1256 -0.3588

PART 12
OFFSET  9.1335 -4.2849 -7.2497
X  0.3076 -0.9329  0.1871
Y -0.4803  0.0175  0.8769
Z -0.8214 -0.3596 -0.4428

PART 13
OFFSET  9.5668 -5.8323 -7.0496
X  0.4151 -0.7949 -0.4425
Y -0.2202 -0.5597  0.7989
Z -0.8828 -0.2342 -0.4073

PART 14
OFFSET  9.9714 -6.7122 -7.5332
X  0.8281 -0.5517  0.0996
Y  0.4967  0.8044  0.3258
Z -0.2599 -0.2203  0.9402

PART 15
OFFSET  10.4059 -3.1987 -10.3664
X  0.4003 -0.8823 -0.2474
Y -0.9108 -0.3535 -0.2131
Z  0.1006  0.3107 -0.9452

PART 16
OFFSET  11.1790 -5.2698 -10.8109
X -0.3411 -0.9116  0.2293
Y -0.8916  0.3910  0.2282
Z -0.2977 -0.1266 -0.9462

PART 17
OFFSET  10.6961 -6.5605 -10.4862
X -0.9486  0.1786  0.2611
Y  0.1202  0.9670 -0.2248
Z -0.2927 -0.1819 -0.9388

PART 18
OFFSET  9.8550 -6.4021 -10.2546
X -0.3308  0.9435 -0.0218
Y  0.9026  0.3096 -0.2991
Z -0.2754 -0.1186 -0.9540

PART 19
OFFSET  9.5408 -5.5058 -10.2753
X -0.2738 -0.8988  0.3424
Y  0.8595 -0.3884 -0.3323
Z  0.4317  0.2033  0.8788

PART 20
OFFSET  10.4214 -3.2306 -9.6535
X  0.4455 -0.8942 -0.0436
Y -0.8730 -0.4231 -0.2428
Z  0.1987  0.1462 -0.9691

PART 21
OFFSET  11.6468 -5.5179 -9.8129
X -0.6812 -0.7244  0.1061
Y -0.7219  0.6887  0.0678
Z -0.1221 -0.0304 -0.9920

PART 22
OFFSET  10.4871 -6.7512 -9.6323
X -0.7925  0.6054  0.0741
Y  0.5948  0.7940 -0.1253
Z -0.1347 -0.0552 -0.9894

PART 23
OFFSET  9.3888 -5.9122 -9.5296
X  0.3247  0.9406 -0.0990
Y  0.9368 -0.3343 -0.1030
Z -0.1300 -0.0593 -0.9897

PART 24
OFFSET  9.7410 -4.8921 -9.6370
X -0.8076 -0.5826  0.0913
Y  0.5861 -0.8101  0.0150
Z  0.0652  0.0656  0.9957

PART 25
OFFSET  10.2005 -4.9181 -7.3361
X  0.1697 -0.9855  0.0077
Y  0.9396  0.1641  0.3002
Z -0.2971 -0.0437  0.9538

PART 26
OFFSET  11.5478 -5.3738 -7.7340
X -0.6926 -0.7184 -0.0639
Y -0.7156  0.6956 -0.0642
Z  0.0906  0.0012 -0.9959

PART 27
OFFSET  10.3283 -6.6387 -7.8465
X -0.8198  0.5532 -0.1483
Y  0.5585  0.8295  0.0064
Z  0.1266 -0.0775 -0.9889

PART 28
OFFSET  9.3240 -5.9615 -7.9667
X  0.2426  0.9701 -0.0018
Y  0.9668 -0.2416  0.0833
Z  0.0803 -0.0219 -0.9965

PART 29
OFFSET  9.5980 -4.8657 -7.9687
X -0.9291 -0.1039 -0.3549
Y  0.0492 -0.9859  0.1599
Z -0.3665  0.1311  0.9211

PART 30
OFFSET  11.6612 -5.5245 -8.8225
X -0.7152 -0.6964  0.0598
Y -0.6987  0.7105 -0.0833
Z  0.0155 -0.1014 -0.9947

PART 31
OFFSET  10.2641 -6.8848 -8.7057
X -0.7107  0.6999 -0.0703
Y  0.7025  0.7114 -0.0201
Z  0.0359 -0.0637 -0.9973

PART 32
OFFSET  9.2259 -5.8625 -8.8083
X  0.3804  0.9248 -0.0067
Y  0.9203 -0.3778  0.1017
Z  0.0915 -0.0449 -0.9948

PART 33
OFFSET  9.6568 -4.8151 -8.8230
X -0.8853 -0.4649  0.0038
Y  0.4649 -0.8853  0.0078
Z -0.0003  0.0086  1.0000

PART 34
OFFSET  9.8020 -5.3462 -9.6371
X  0.1334  0.1709 -0.9762
Y  0.8788  0.4350  0.1962
Z  0.4582 -0.8841 -0.0921

PART 35
OFFSET  12.2869 -5.1642 -10.2839
X -0.0213  0.1584 -0.9871
Y  0.9354 -0.3453 -0.0756
Z -0.3528 -0.9250 -0.1409

PART 36
OFFSET  12.2869 -5.1642 -10.2839
X -0.0213  0.1584 -0.9871
Y  0.9354 -0.3453 -0.0756
Z -0.3528 -0.9250 -0.1409

PART 37
OFFSET  12.2018 -4.5306 -14.2316
X -0.0213  0.1584 -0.9871
Y  0.9354 -0.3453 -0.0756
Z -0.3528 -0.9250 -0.1409

PART 38
OFFSET  11.4883 -6.6249 -13.4943
X -0.0213  0.1584 -0.9871
Y  0.9354 -0.3453 -0.0756
Z -0.3528 -0.9250 -0.1409

PART 39
OFFSET -26.3257  7.2503 -26.8708
X -0.0213  0.1584 -0.9871
Y  0.9354 -0.3453 -0.0756
Z -0.3528 -0.9250 -0.1409

PART 40
OFFSET -26.2607  7.3567 -26.8319
X -0.0213  0.1584 -0.9871
Y  0.9354 -0.3453 -0.0756
Z -0.3528 -0.9250 -0.1409

PART 41
OFFSET  10.2033 -5.4830 -9.2489
X -0.0714 -0.2386 -0.9685
Y -0.9974  0.0157  0.0697
Z -0.0014  0.9710 -0.2391

PART 42
OFFSET  10.2033 -5.4830 -9.2489
X -0.0714 -0.2386 -0.9685
Y -0.9974  0.0157  0.0697
Z -0.0014  0.9710 -0.2391

PART 43
OFFSET  9.7001 -8.0167 -15.9039
X  0.0014 -0.9710  0.2391
Y -0.9974  0.0157  0.0697
Z -0.0714 -0.2386 -0.9685

PART 44
OFFSET  12.2018 -4.5306 -14.2316
X -0.0213  0.1584 -0.9871
Y  0.9354 -0.3453 -0.0756
Z -0.3528 -0.9250 -0.1409

PART 45
OFFSET -6.0573 -7.9373 -2.8236
X -0.7640  0.5000  0.4078
Y  0.1340 -0.4953  0.8583
Z  0.6311  0.7104  0.3114

PART 46
OFFSET  3.1826 -13.9841 -7.7553
X -0.7706 -0.5410  0.3368
Y  0.4638 -0.8386 -0.2857
Z  0.4370 -0.0640  0.8972

PART 47
OFFSET  9.7373 -9.3828 -10.6201
X -0.7706 -0.5410  0.3368
Y -0.0926 -0.4279 -0.8991
Z  0.6305 -0.7241  0.2797

PART 48
OFFSET  9.5772 -7.7459 -12.6354
X -0.7746 -0.5358  0.3360
Y -0.4414  0.0775 -0.8939
Z  0.4529 -0.8408 -0.2966

PART 49
OFFSET  9.8540 -6.6731 -11.4183
X -0.7746 -0.5358  0.3360
Y -0.4414  0.0775 -0.8939
Z  0.4529 -0.8408 -0.2966

PART 50
OFFSET  10.8739 -7.1495 -10.1381
X -0.7746 -0.5358  0.3360
Y -0.4414  0.0775 -0.8939
Z  0.4529 -0.8408 -0.2966

PART 51
OFFSET  12.0999 -7.7243 -11.6527
X -0.4682 -0.6937 -0.5474
Y  0.5111  0.2928 -0.8081
Z  0.7209 -0.6581  0.2174

PART 52
OFFSET  11.5213 -7.4247 -10.7158
X  0.2693 -0.5936 -0.7583
Y  0.5087  0.7563 -0.4113
Z  0.8177 -0.2750  0.5057

PART 53
OFFSET  10.8438 -6.2039 -9.0665
X -0.1889 -0.8030 -0.5652
Y  0.6927  0.2990 -0.6563
Z  0.6960 -0.5155  0.4997

PART 54
OFFSET  11.1122 -4.8320 -8.2491
X -0.5343 -0.8307  0.1563
Y  0.3767 -0.3996 -0.8357
Z  0.7567 -0.3876  0.5264

PART 55
OFFSET  11.6490 -3.9091 -8.4280
X -0.8028 -0.4466 -0.3950
Y -0.3790  0.8937 -0.2400
Z  0.4602 -0.0430 -0.8868

PART 56
OFFSET  12.8976 -6.6908 -12.0987
X -0.3367 -0.9219 -0.1918
Y  0.8828 -0.3799  0.2763
Z -0.3275 -0.0764  0.9417

PART 57
OFFSET  13.4981 -4.5841 -11.5644
X  0.8104 -0.5051 -0.2969
Y  0.4997  0.8604 -0.0999
Z  0.3059 -0.0674  0.9497

PART 58
OFFSET  12.3508 -3.8689 -11.1440
X  0.8494  0.4666 -0.2465
Y -0.4086  0.8771  0.2525
Z  0.3340 -0.1138  0.9357

PART 59
OFFSET  11.5976 -4.2827 -10.9255
X  0.1733  0.9848  0.0070
Y -0.9386  0.1630  0.3041
Z  0.2984 -0.0592  0.9526

PART 60
OFFSET  11.4330 -5.2183 -10.9321
X  0.4135 -0.8470 -0.3340
Y -0.7824 -0.5182  0.3455
Z -0.4657  0.1184 -0.8770

PART 61
OFFSET  12.7616 -6.8248 -11.4109
X -0.4706 -0.8159 -0.3359
Y  0.7664 -0.5667  0.3026
Z -0.4373 -0.1150  0.8919

PART 62
OFFSET  14.0649 -4.7027 -10.6649
X  0.7899 -0.5817 -0.1943
Y  0.5878  0.8084 -0.0306
Z  0.1749 -0.0900  0.9805

PART 63
OFFSET  12.7201 -3.7124 -10.3341
X  0.9117  0.3923 -0.1218
Y -0.3817  0.9186  0.1022
Z  0.1520 -0.0467  0.9873

PART 64
OFFSET  11.4565 -4.2561 -10.1653
X  0.0676  0.9977  0.0014
Y -0.9972  0.0676  0.0328
Z  0.0326 -0.0036  0.9995

PART 65
OFFSET  11.3832 -5.3382 -10.1668
X  0.5158 -0.8562  0.0293
Y -0.8562 -0.5164 -0.0169
Z  0.0296 -0.0164 -0.9994

PART 66
OFFSET  10.1056 -11.2117 -13.1311
X -0.3389 -0.8923 -0.2983
Y -0.8052  0.4391 -0.3985
Z  0.4866  0.1052 -0.8673

PART 67
OFFSET  13.8065 -5.4869 -8.8293
X  0.6616 -0.7230 -0.1989
Y  0.7430  0.5963  0.3040
Z -0.1011 -0.3489  0.9317

PART 68
OFFSET  12.6416 -4.2140 -8.4791
X  0.9074  0.3183  0.2743
Y -0.3947  0.8697  0.2965
Z -0.1441 -0.3773  0.9148

PART 69
OFFSET  11.5297 -4.6239 -8.7570
X  0.1099  0.9322  0.3449
Y -0.9900  0.1335 -0.0455
Z -0.0884 -0.3365  0.9375

PART 70
OFFSET  11.4056 -5.6768 -9.1465
X  0.8330 -0.5186  0.1925
Y -0.3881 -0.7958 -0.4649
Z  0.3943  0.3126 -0.8642

PART 71
OFFSET  14.1817 -5.1252 -9.8034
X  0.7127 -0.6725 -0.1997
Y  0.7014  0.6791  0.2162
Z -0.0098 -0.2941  0.9557

PART 72
OFFSET  12.7895 -3.8114 -9.4134
X  0.9289  0.3551  0.1050
Y -0.3674  0.9194  0.1407
Z -0.0465 -0.1692  0.9845

PART 73
OFFSET  11.4327 -4.3301 -9.5667
X -0.0309  0.9853  0.1680
Y -0.9867 -0.0032 -0.1627
Z -0.1598 -0.1708  0.9723

PART 74
OFFSET  11.4682 -5.4448 -9.7640
X  0.6641 -0.7426 -0.0871
Y -0.7451 -0.6476 -0.1595
Z  0.0621  0.1708 -0.9833

PART 75
OFFSET  0.0000 -0.0000 -0.0000
X  1.0000 -0.0000  0.0000
Y  0.0000  1.0000  0.0000
Z  0.0000 -0.0000  1.0000

PART 76
OFFSET  0.0000 -0.0000 -0.0000
X  1.0000 -0.0000  0.0000
Y  0.0000  1.0000  0.0000
Z  0.0000 -0.0000  1.0000

PART 77
OFFSET  1.5404 -0.0000  4.1357
X  1.0000 -0.0000  0.0000
Y  0.0000  1.0000  0.0000
Z  0.0000 -0.0000  1.0000


FRAME 602
PART 0
OFFSET  0.0000 -0.0000 -0.0000
X  1.0000 -0.0000  0.0000
Y  0.0000  1.0000  0.0000
Z  0.0000 -0.0000  1.0000

PART 1
OFFSET -4.6318 -0.0000 -1.3770
X  1.0000 -0.0000  0.0000
Y  0.0000  1.0000  0.0000
Z  0.0000 -0.0000  1.0000

PART 2
OFFSET -6.2831  7.9373 -3.1869
X  0.8641 -0.0216 -0.5028
Y -0.3745 -0.6949 -0.6139
Z -0.3361  0.7188 -0.6086

PART 3
OFFSET  4.1677  7.6764 -9.2676
X  0.4936 -0.8682 -0.0509
Y -0.7161 -0.4390  0.5428
Z -0.4936 -0.2315 -0.8383

PART 4
OFFSET  8.3662  0.2921 -9.7006
X  0.4936 -0.8682 -0.0509
Y -0.1013 -0.1156  0.9881
Z -0.8638 -0.4826 -0.1450

PART 5
OFFSET  10.2545 -0.2494 -9.5932
X  0.4992 -0.8649 -0.0518
Y  0.5024  0.2402  0.8306
Z -0.7059 -0.4407  0.5545

PART 6
OFFSET  9.4054 -0.2063 -11.0460
X  0.4992 -0.8649 -0.0518
Y  0.5024  0.2402  0.8306
Z -0.7059 -0.4407  0.5545

PART 7
OFFSET  8.6408 -1.8454 -8.3342
X  0.4992 -0.8649 -0.0518
Y  0.5024  0.2402  0.8306
Z -0.7059 -0.4407  0.5545

PART 8
OFFSET  7.6560 -2.2339 -9.3209
X  0.4992 -0.8649 -0.0518
Y  0.5024  0.2402  0.8306
Z -0.7059 -0.4407  0.5545

PART 9
OFFSET  7.1937 -1.9524 -11.1384
X  0.4992 -0.8649 -0.0518
Y  0.5024  0.2402  0.8306
Z -0.7059 -0.4407  0.5545

PART 10
OFFSET  9.8795 -2.3695 -9.8567
X  0.3737 -0.8912  0.2571
Y -0.2136  0.1870  0.9589
Z -0.9026 -0.4132 -0.1205

PART 11
OFFSET  9.4708 -2.7596 -8.8652
X -0.1072 -0.7734  0.6248
Y -0.2866  0.6258  0.7255
Z -0.9520 -0.1013 -0.2887

PART 12
OFFSET  9.1580 -4.3717 -7.4607
X  0.2908 -0.9388  0.1845
Y -0.4140  0.0504  0.9089
Z -0.8626 -0.3407 -0.3740

PART 13
OFFSET  9.5555 -5.9285 -7.2589
X  0.3561 -0.8167 -0.4541
Y -0.1786 -0.5365  0.8248
Z -0.9172 -0.2126 -0.3369

PART 14
OFFSET  9.8956 -6.8305 -7.7514
X  0.8153 -0.5768  0.0512
Y  0.5445  0.7936  0.2714
Z -0.1971 -0.1934  0.9611

PART 15
OFFSET  10.2420 -3.4074 -10.6902
X  0.3597 -0.8986 -0.2511
Y -0.9322 -0.3344 -0.1386
Z  0.0406  0.2839 -0.9580

PART 16
OFFSET  10.9300 -5.5089 -11.1318
X -0.3603 -0.8900  0.2796
Y -0.8581  0.4337  0.2749
Z -0.3659 -0.1408 -0.9199

PART 17
OFFSET  10.4199 -6.7689 -10.7360
X -0.9237  0.2053  0.3234
Y  0.1237  0.9589 -0.2555
Z -0.3625 -0.1960 -0.9111

PART 18
OFFSET  9.6009 -6.5868 -10.4493
X -0.3050  0.9521 -0.0235
Y  0.8876  0.2752 -0.3693
Z -0.3451 -0.1335 -0.9290

PART 19
OFFSET  9.3112 -5.6824 -10.4716
X -0.2741 -0.8817  0.3841
Y  0.8227 -0.4218 -0.3811
Z  0.4980  0.2116  0.8410

PART 20
OFFSET  10.3083 -3.4214 -9.9796
X  0.4158 -0.9080 -0.0506
Y -0.8998 -0.4027 -0.1677
Z  0.1319  0.1152 -0.9845

PART 21
OFFSET  11.4594 -5.7451 -10.1638
X -0.6953 -0.6973  0.1741
Y -0.6922  0.7149  0.0990
Z -0.1935 -0.0517 -0.9797

PART 22
OFFSET  10.2757 -6.9322 -9.8674
X -0.7710  0.6265  0.1145
Y  0.6024  0.7757 -0.1880
Z -0.2066 -0.0760 -0.9755

PART 23
OFFSET  9.2072 -6.0640 -9.7086
X  0.3467  0.9263 -0.1479
Y  0.9160 -0.3683 -0.1593
Z -0.2021 -0.0802 -0.9761

PART 24
OFFSET  9.5831 -5.0594 -9.8690
X -0.8172 -0.5525  0.1642
Y  0.5596 -0.8288 -0.0037
Z  0.1381  0.0889  0.9864

PART 25
OFFSET  10.2085 -5.0414 -7.6063
X  0.1419 -0.9896  0.0229
Y  0.9632  0.1434  0.2274
Z -0.2283 -0.0102  0.9735

PART 26
OFFSET  11.5100 -5.5475 -8.0870
X -0.7220 -0.6919  0.0051
Y -0.6916  0.7214 -0.0351
Z  0.0206 -0.0289 -0.9994

PART 27
OFFSET  10.2388 -6.7657 -8.0780
X -0.8067  0.5811 -0.1075
Y  0.5885  0.8066 -0.0564
Z  0.0539 -0.1088 -0.9926

PART 28
OFFSET  9.2548 -6.0527 -8.1485
X  0.2782  0.9594 -0.0470
Y  0.9605 -0.2774  0.0234
Z  0.0094 -0.0516 -0.9986

PART 29
OFFSET  9.5690 -4.9690 -8.2015
X -0.9550 -0.0764 -0.2867
Y  0.0231 -0.9825  0.1849
Z -0.2958  0.1700  0.9400

PART 30
OFFSET  11.5399 -5.7294 -9.1763
X -0.7331 -0.6676  0.1301
Y -0.6776  0.7334 -0.0551
Z -0.0586 -0.1285 -0.9900

PART 31
OFFSET  10.1078 -7.0336 -8.9222
X -0.6890  0.7236 -0.0410
Y  0.7238  0.6841 -0.0901
Z -0.0372 -0.0917 -0.9951

PART 32
OFFSET  9.1014 -5.9766 -8.9821
X  0.4166  0.9071 -0.0602
Y  0.9089 -0.4142  0.0486
Z  0.0191 -0.0749 -0.9970

PART 33
OFFSET  9.5728 -4.9495 -9.0573
X -0.9012 -0.4262  0.0788
Y  0.4276 -0.9040  0.0014
Z  0.0707  0.0350  0.9969

PART 34
OFFSET  9.6323 -5.5162 -9.8601
X  0.0670  0.1416 -0.9876
Y  0.9026  0.4132  0.1205
Z  0.4252 -0.8995 -0.1002

PART 35
OFFSET  12.2340 -4.7700 -8.4072
X -0.0091  0.0680 -0.9976
Y  0.9361 -0.3502 -0.0324
Z -0.3516 -0.9342 -0.0605

PART 36
OFFSET  12.2340 -4.7700 -8.4072
X -0.0091  0.0680 -0.9976
Y  0.9361 -0.3502 -0.0324
Z -0.3516 -0.9342 -0.0605

PART 37
OFFSET  12.1974 -4.4980 -12.3969
X -0.0091  0.0680 -0.9976
Y  0.9361 -0.3502 -0.0324
Z -0.3516 -0.9342 -0.0605

PART 38
OFFSET  11.4738 -6.5170 -11.4810
X -0.0091  0.0680 -0.9976
Y  0.9361 -0.3502 -0.0324
Z -0.3516 -0.9342 -0.0605

PART 39
OFFSET -26.0075  6.0236 -26.4635
X -0.0091  0.0680 -0.9976
Y  0.9361 -0.3502 -0.0324
Z -0.3516 -0.9342 -0.0605

PART 40
OFFSET -25.9429  6.1332 -26.4338
X -0.0091  0.0680 -0.9976
Y  0.9361 -0.3502 -0.0324
Z -0.3516 -0.9342 -0.0605

PART 41
OFFSET  10.0567 -5.6550 -9.4980
X -0.1481 -0.2611 -0.9539
Y -0.9889  0.0475  0.1406
Z  0.0086  0.9641 -0.2653

PART 42
OFFSET  10.0567 -5.6550 -9.4980
X -0.1481 -0.2611 -0.9539
Y -0.9889  0.0475  0.1406
Z  0.0086  0.9641 -0.2653

PART 43
OFFSET  9.0011 -8.3426 -16.0268
X -0.0086 -0.9641  0.2653
Y -0.9889  0.0475  0.1406
Z -0.1481 -0.2611 -0.9539

PART 44
OFFSET  12.1974 -4.4980 -12.3969
X -0.0091  0.0680 -0.9976
Y  0.9361 -0.3502 -0.0324
Z -0.3516 -0.9342 -0.0605

PART 45
OFFSET -6.0573 -7.9373 -2.8236
X -0.7445  0.5295  0.4067
Y  0.0048 -0.6050  0.7962
Z  0.6676  0.5947  0.4478

PART 46
OFFSET  2.9462 -14.3404 -7.7427
X -0.7878 -0.5960  0.1553
Y  0.5106 -0.7730 -0.3765
Z  0.3444 -0.2173  0.9133

PART 47
OFFSET  9.6470 -9.2713 -9.0636
X -0.7878 -0.5960  0.1553
Y  0.0831 -0.3528 -0.9320
Z  0.6103 -0.7214  0.3275

PART 48
OFFSET  9.6545 -7.3080 -10.7702
X -0.7918 -0.5908  0.1550
Y -0.3495  0.2301 -0.9082
Z  0.5009 -0.7733 -0.3887

PART 49
OFFSET  9.7796 -6.4631 -9.3634
X -0.7918 -0.5908  0.1550
Y -0.3495  0.2301 -0.9082
Z  0.5009 -0.7733 -0.3887

PART 50
OFFSET  10.6745 -7.1501 -8.0854
X -0.7918 -0.5908  0.1550
Y -0.3495  0.2301 -0.9082
Z  0.5009 -0.7733 -0.3887

PART 51
OFFSET  12.0622 -7.4441 -9.5397
X -0.4618 -0.7408 -0.4877
Y  0.5211  0.2184 -0.8251
Z  0.7178 -0.6352  0.2852

PART 52
OFFSET  11.4724 -7.0608 -8.6411
X  0.2782 -0.6600 -0.6979
Y  0.5141  0.7161 -0.4721
Z  0.8113 -0.2274  0.5385

PART 53
OFFSET  10.7755 -5.6955 -7.1180
X -0.1825 -0.8512 -0.4922
Y  0.7008  0.2385 -0.6723
Z  0.6896 -0.4676  0.5530

PART 54
OFFSET  11.0347 -4.2548 -6.4255
X -0.5366 -0.8134  0.2247
Y  0.3867 -0.4737 -0.7913
Z  0.7500 -0.3377  0.5687

PART 55
OFFSET  11.5741 -3.3518 -6.6810
X -0.7982 -0.4811 -0.3625
Y -0.3755  0.8680 -0.3249
Z  0.4710 -0.1232 -0.8735

PART 56
OFFSET  12.8659 -6.4550 -10.0681
X -0.3348 -0.9357 -0.1113
Y  0.8792 -0.3527  0.3204
Z -0.3391  0.0094  0.9407

PART 57
OFFSET  13.4610 -4.3080 -9.7202
X  0.8137 -0.5296 -0.2398
Y  0.5014  0.8481 -0.1716
Z  0.2942  0.0194  0.9555

PART 58
OFFSET  12.3090 -3.5583 -9.3807
X  0.8526  0.4428 -0.2775
Y -0.4111  0.8962  0.1667
Z  0.3225 -0.0281  0.9462

PART 59
OFFSET  11.5531 -3.9509 -9.1347
X  0.1737  0.9815 -0.0805
Y -0.9421  0.1895  0.2765
Z  0.2867  0.0278  0.9576

PART 60
OFFSET  11.3880 -4.8833 -9.0582
X  0.4171 -0.8737 -0.2505
Y -0.7868 -0.4851  0.3816
Z -0.4549  0.0380 -0.8897

PART 61
OFFSET  12.7214 -6.5259 -9.3726
X -0.4670 -0.8433 -0.2661
Y  0.7623 -0.5364  0.3622
Z -0.4482 -0.0337  0.8933

PART 62
OFFSET  14.0167 -4.3441 -8.8068
X  0.7919 -0.5965 -0.1309
Y  0.5886  0.8026 -0.0968
Z  0.1629 -0.0004  0.9866

PART 63
OFFSET  12.6686 -3.3285 -8.5839
X  0.9134  0.3801 -0.1458
Y -0.3824  0.9239  0.0136
Z  0.1399  0.0434  0.9892

PART 64
OFFSET  11.4027 -3.8554 -8.3818
X  0.0682  0.9937 -0.0885
Y -0.9975  0.0697  0.0143
Z  0.0204  0.0873  0.9960

PART 65
OFFSET  11.3288 -4.9331 -8.2858
X  0.5149 -0.8497  0.1133
Y -0.8562 -0.5162  0.0197
Z  0.0418 -0.1071 -0.9934

PART 66
OFFSET  10.0843 -11.0525 -10.7191
X -0.3357 -0.9159 -0.2201
Y -0.8001  0.4006 -0.4466
Z  0.4972  0.0261 -0.8673

PART 67
OFFSET  13.7355 -4.9583 -6.9109
X  0.6636 -0.7377 -0.1243
Y  0.7396  0.6219  0.2575
Z -0.1127 -0.2628  0.9582

PART 68
OFFSET  12.5671 -3.6594 -6.6921
X  0.9042  0.3425  0.2553
Y -0.3978  0.8928  0.2113
Z -0.1555 -0.2926  0.9435

PART 69
OFFSET  11.4585 -4.0935 -6.9451
X  0.1062  0.9597  0.2600
Y -0.9893  0.1283 -0.0695
Z -0.1001 -0.2499  0.9631

PART 70
OFFSET  11.3385 -5.1776 -7.2388
X  0.8303 -0.4985  0.2490
Y -0.3828 -0.8350 -0.3953
Z  0.4050  0.2329 -0.8842

PART 71
OFFSET  14.1228 -4.6864 -7.9092
X  0.7147 -0.6875 -0.1290
Y  0.6991  0.6964  0.1621
Z -0.0216 -0.2060  0.9783

PART 72
OFFSET  12.7267 -3.3434 -7.6572
X  0.9277  0.3637  0.0836
Y -0.3686  0.9281  0.0520
Z -0.0587 -0.0790  0.9951

PART 73
OFFSET  11.3716 -3.8746 -7.7793
X -0.0324  0.9965  0.0774
Y -0.9846 -0.0185 -0.1738
Z -0.1717 -0.0818  0.9817

PART 74
OFFSET  11.4088 -5.0026 -7.8740
X  0.6647 -0.7470 -0.0111
Y -0.7434 -0.6599 -0.1091
Z  0.0742  0.0808 -0.9940

PART 75
OFFSET  0.0000 -0.0000 -0.0000
X  1.0000 -0.0000  0.0000
Y  0.0000  1.0000  0.0000
Z  0.0000 -0.0000  1.0000

PART 76
OFFSET  0.0000 -0.0000 -0.0000
X  1.0000 -0.0000  0.0000
Y  0.0000  1.0000  0.0000
Z  0.0000 -0.0000  1.0000

PART 77
OFFSET  1.5404 -0.0000  4.1357
X  1.0000 -0.0000  0.0000
Y  0.0000  1.0000  0.0000
Z  0.0000 -0.0000  1.0000


FRAME 603
PART 0
OFFSET  0.0000 -0.0000 -0.0000
X  1.0000 -0.0000  0.0000
Y  0.0000  1.0000  0.0000
Z  0.0000 -0.0000  1.0000

PART 1
OFFSET -4.6318 -0.0000 -1.3770
X  1.0000 -0.0000  0.0000
Y  0.0000  1.0000  0.0000
Z  0.0000 -0.0000  1.0000

PART 2
OFFSET -6.2831  7.9373 -3.1869
X  0.8602 -0.0357 -0.5087
Y -0.3935 -0.6809 -0.6177
Z -0.3243  0.7315 -0.5997

PART 3
OFFSET  4.1202  7.5055 -9.3389
X  0.4910 -0.8679 -0.0748
Y -0.7106 -0.4488  0.5418
Z -0.5039 -0.2129 -0.8371

PART 4
OFFSET  8.2968  0.1235 -9.9754
X  0.4910 -0.8679 -0.0748
Y -0.0195 -0.0968  0.9951
Z -0.8709 -0.4872 -0.0645

PART 5
OFFSET  10.1850 -0.4239 -9.9014
X  0.4967 -0.8646 -0.0758
Y  0.5126  0.2218  0.8295
Z -0.7004 -0.4508  0.5534

PART 6
OFFSET  9.3190 -0.3486 -11.3430
X  0.4967 -0.8646 -0.0758
Y  0.5126  0.2218  0.8295
Z -0.7004 -0.4508  0.5534

PART 7
OFFSET  8.5826 -2.0426 -8.6572
X  0.4967 -0.8646 -0.0758
Y  0.5126  0.2218  0.8295
Z -0.7004 -0.4508  0.5534

PART 8
OFFSET  7.5854 -2.4084 -9.6401
X  0.4967 -0.8646 -0.0758
Y  0.5126  0.2218  0.8295
Z -0.7004 -0.4508  0.5534

PART 9
OFFSET  7.1026 -2.0881 -11.4458
X  0.4967 -0.8646 -0.0758
Y  0.5126  0.2218  0.8295
Z -0.7004 -0.4508  0.5534

PART 10
OFFSET  9.8022 -2.5372 -10.2048
X  0.3667 -0.8951  0.2536
Y -0.1306  0.2204  0.9666
Z -0.9211 -0.3876 -0.0361

PART 11
OFFSET  9.4628 -2.8863 -9.1727
X -0.0874 -0.7500  0.6556
Y -0.2042  0.6576  0.7251
Z -0.9750 -0.0705 -0.2107

PART 12
OFFSET  9.1995 -4.4432 -7.6973
X  0.2710 -0.9455  0.1807
Y -0.3372  0.0825  0.9378
Z -0.9016 -0.3151 -0.2965

PART 13
OFFSET  9.5562 -6.0097 -7.4948
X  0.2890 -0.8375 -0.4638
Y -0.1304 -0.5144  0.8476
Z -0.9484 -0.1845 -0.2579

PART 14
OFFSET  9.8231 -6.9325 -7.9937
X  0.7957 -0.6057 -0.0020
Y  0.5926  0.7777  0.2100
Z -0.1257 -0.1683  0.9777

PART 15
OFFSET  10.0662 -3.6089 -11.0325
X  0.3173 -0.9142 -0.2520
Y -0.9479 -0.3135 -0.0563
Z -0.0275  0.2567 -0.9661

PART 16
OFFSET  10.6668 -5.7389 -11.4649
X -0.3797 -0.8617  0.3367
Y -0.8151  0.4838  0.3188
Z -0.4376 -0.1534 -0.8860

PART 17
OFFSET  10.1292 -6.9588 -10.9882
X -0.8918  0.2303  0.3894
Y  0.1205  0.9505 -0.2863
Z -0.4361 -0.2083 -0.8754

PART 18
OFFSET  9.3385 -6.7546 -10.6429
X -0.2779  0.9602 -0.0271
Y  0.8644  0.2377 -0.4431
Z -0.4191 -0.1465 -0.8961

PART 19
OFFSET  9.0745 -5.8424 -10.6686
X -0.2694 -0.8625  0.4284
Y  0.7784 -0.4570 -0.4303
Z  0.5669  0.2176  0.7945

PART 20
OFFSET  10.1886 -3.6052 -10.3292
X  0.3836 -0.9218 -0.0557
Y -0.9218 -0.3785 -0.0837
Z  0.0561  0.0835 -0.9949

PART 21
OFFSET  11.2612 -5.9644 -10.5355
X -0.7046 -0.6645  0.2490
Y -0.6558  0.7438  0.1293
Z -0.2711 -0.0722 -0.9598

PART 22
OFFSET  10.0616 -7.0956 -10.1116
X -0.7459  0.6472  0.1576
Y  0.6022  0.7563 -0.2557
Z -0.2847 -0.0958 -0.9538

PART 23
OFFSET  9.0278 -6.1987 -9.8932
X  0.3664  0.9081 -0.2028
Y  0.8872 -0.4066 -0.2178
Z -0.2803 -0.1002 -0.9547

PART 24
OFFSET  9.4252 -5.2138 -10.1132
X -0.8208 -0.5166  0.2437
Y  0.5281 -0.8489 -0.0210
Z  0.2177  0.1115  0.9696

PART 25
OFFSET  10.2315 -5.1543 -7.9075
X  0.1142 -0.9926  0.0416
Y  0.9821  0.1191  0.1460
Z -0.1499  0.0242  0.9884

PART 26
OFFSET  11.4749 -5.7147 -8.4740
X -0.7492 -0.6573  0.0823
Y -0.6600  0.7512 -0.0080
Z -0.0566 -0.0603 -0.9966

PART 27
OFFSET  10.1559 -6.8719 -8.3291
X -0.7863  0.6142 -0.0668
Y  0.6173  0.7764 -0.1274
Z -0.0263 -0.1414 -0.9896

PART 28
OFFSET  9.2015 -6.1166 -8.3503
X  0.3156  0.9436 -0.1000
Y  0.9464 -0.3207 -0.0387
Z -0.0686 -0.0824 -0.9942

PART 29
OFFSET  9.5581 -5.0508 -8.4633
X -0.9764 -0.0409 -0.2121
Y -0.0060 -0.9764  0.2159
Z -0.2159  0.2121  0.9531

PART 30
OFFSET  11.4123 -5.9278 -9.5562
X -0.7468 -0.6317  0.2078
Y -0.6501  0.7593 -0.0282
Z -0.1399 -0.1562 -0.9778

PART 31
OFFSET  9.9533 -7.1620 -9.1503
X -0.6608  0.7505 -0.0129
Y  0.7413  0.6498 -0.1678
Z -0.1175 -0.1205 -0.9857

PART 32
OFFSET  8.9881 -6.0658 -9.1692
X  0.4548  0.8822 -0.1223
Y  0.8885 -0.4588 -0.0055
Z -0.0609 -0.1061 -0.9925

PART 33
OFFSET  9.5022 -5.0671 -9.3147
X -0.9123 -0.3766  0.1607
Y  0.3816 -0.9243  0.0003
Z  0.1484  0.0616  0.9870

PART 34
OFFSET  9.4631 -5.6734 -10.0931
X -0.0081  0.1118 -0.9937
Y  0.9211  0.3876  0.0361
Z  0.3892 -0.9150 -0.1062

PART 35
OFFSET  12.1827 -4.5486 -5.4081
X -0.0026  0.0201 -0.9998
Y  0.9383 -0.3458 -0.0094
Z -0.3459 -0.9381 -0.0179

PART 36
OFFSET  12.1827 -4.5486 -5.4081
X -0.0026  0.0201 -0.9998
Y  0.9383 -0.3458 -0.0094
Z -0.3459 -0.9381 -0.0179

PART 37
OFFSET  12.1722 -4.4683 -9.4064
X -0.0026  0.0201 -0.9998
Y  0.9383 -0.3458 -0.0094
Z -0.3459 -0.9381 -0.0179

PART 38
OFFSET  11.4536 -6.4454 -8.3995
X -0.0026  0.0201 -0.9998
Y  0.9383 -0.3458 -0.0094
Z -0.3459 -0.9381 -0.0179

PART 39
OFFSET -25.8348  5.1045 -24.1502
X -0.0026  0.0201 -0.9998
Y  0.9383 -0.3458 -0.0094
Z -0.3459 -0.9381 -0.0179

PART 40
OFFSET -25.7710  5.2158 -24.1252
X -0.0026  0.0201 -0.9998
Y  0.9383 -0.3458 -0.0094
Z -0.3459 -0.9381 -0.0179

PART 41
OFFSET  9.9108 -5.8154 -9.7617
X -0.2315 -0.2828 -0.9308
Y -0.9727  0.0827  0.2168
Z  0.0157  0.9556 -0.2942

PART 42
OFFSET  9.9108 -5.8154 -9.7617
X -0.2315 -0.2828 -0.9308
Y -0.9727  0.0827  0.2168
Z  0.0157  0.9556 -0.2942

PART 43
OFFSET  8.2579 -8.6492 -16.1020
X -0.0157 -0.9556  0.2942
Y -0.9727  0.0827  0.2168
Z -0.2315 -0.2828 -0.9308

PART 44
OFFSET  12.1722 -4.4683 -9.4064
X -0.0026  0.0201 -0.9998
Y  0.9383 -0.3458 -0.0094
Z -0.3459 -0.9381 -0.0179

PART 45
OFFSET -6.0573 -7.9373 -2.8236
X -0.7438  0.5249  0.4138
Y -0.1622 -0.7423  0.6502
Z  0.6484  0.4165  0.6372

PART 46
OFFSET  2.9380 -14.2858 -7.8278
X -0.7861 -0.6059 -0.1223
Y  0.5879 -0.6717 -0.4508
Z  0.1910 -0.4263  0.8842

PART 47
OFFSET  9.6239 -9.1324 -6.7872
X -0.7861 -0.6059 -0.1223
Y  0.2847 -0.1792 -0.9417
Z  0.5487 -0.7751  0.3133

PART 48
OFFSET  9.8658 -6.8289 -7.9713
X -0.7901 -0.6007 -0.1221
Y -0.1972  0.4376 -0.8773
Z  0.5804 -0.6690 -0.4642

PART 49
OFFSET  9.7282 -6.3327 -6.4080
X -0.7901 -0.6007 -0.1221
Y -0.1972  0.4376 -0.8773
Z  0.5804 -0.6690 -0.4642

PART 50
OFFSET  10.4128 -7.3069 -5.1881
X -0.7901 -0.6007 -0.1221
Y -0.1972  0.4376 -0.8773
Z  0.5804 -0.6690 -0.4642

PART 51
OFFSET  12.0338 -7.2749 -6.4122
X -0.4543 -0.7661 -0.4547
Y  0.5255  0.1817 -0.8312
Z  0.7194 -0.6165  0.3200

PART 52
OFFSET  11.4357 -6.8525 -5.5370
X  0.2868 -0.6910 -0.6636
Y  0.5134  0.6957 -0.5025
Z  0.8089 -0.1966  0.5542

PART 53
OFFSET  10.7206 -5.4200 -4.0857
X -0.1743 -0.8748 -0.4520
Y  0.7041  0.2102 -0.6783
Z  0.6884 -0.4365  0.5794

PART 54
OFFSET  10.9669 -3.9463 -3.4614
X -0.5336 -0.8048  0.2598
Y  0.3948 -0.5087 -0.7651
Z  0.7479 -0.3057  0.5892

PART 55
OFFSET  11.5030 -3.0533 -3.7563
X -0.7930 -0.5026 -0.3443
Y -0.3782  0.8492 -0.3686
Z  0.4777 -0.1621 -0.8634

PART 56
OFFSET  12.8355 -6.3075 -6.9821
X -0.3288 -0.9419 -0.0686
Y  0.8789 -0.3317  0.3428
Z -0.3456  0.0524  0.9369

PART 57
OFFSET  13.4161 -4.1428 -6.7336
X  0.8183 -0.5356 -0.2088
Y  0.4978  0.8418 -0.2087
Z  0.2875  0.0669  0.9554

PART 58
OFFSET  12.2577 -3.3845 -6.4380
X  0.8520  0.4340 -0.2927
Y -0.4173  0.9007  0.1208
Z  0.3161  0.0192  0.9485

PART 59
OFFSET  11.5022 -3.7694 -6.1785
X  0.1688  0.9775 -0.1263
Y -0.9451  0.1969  0.2609
Z  0.2799  0.0753  0.9571

PART 60
OFFSET  11.3419 -4.6981 -6.0585
X  0.4237 -0.8822 -0.2056
Y -0.7867 -0.4709  0.3992
Z -0.4489 -0.0074 -0.8935

PART 61
OFFSET  12.6866 -6.3459 -6.2850
X -0.4604 -0.8578 -0.2284
Y  0.7628 -0.5139  0.3926
Z -0.4542  0.0065  0.8909

PART 62
OFFSET  13.9657 -4.1318 -5.8158
X  0.7961 -0.5974 -0.0970
Y  0.5847  0.8005 -0.1313
Z  0.1560  0.0478  0.9866

PART 63
OFFSET  12.6104 -3.1147 -5.6508
X  0.9122  0.3781 -0.1578
Y -0.3876  0.9212 -0.0333
Z  0.1328  0.0915  0.9869

PART 64
OFFSET  11.3462 -3.6388 -5.4320
X  0.0632  0.9887 -0.1356
Y -0.9979  0.0644  0.0044
Z  0.0131  0.1350  0.9908

PART 65
OFFSET  11.2776 -4.7112 -5.2850
X  0.5189 -0.8402  0.1573
Y -0.8534 -0.5198  0.0387
Z  0.0492 -0.1543 -0.9868

PART 66
OFFSET  10.0843 -10.9474 -7.4304
X -0.3290 -0.9274 -0.1781
Y -0.7992  0.3739 -0.4706
Z  0.5030 -0.0125 -0.8642

PART 67
OFFSET  13.6749 -4.6561 -3.8945
X  0.6686 -0.7388 -0.0844
Y  0.7343  0.6379  0.2323
Z -0.1178 -0.2173  0.9690

PART 68
OFFSET  12.4978 -3.3552 -3.7460
X  0.9005  0.3597  0.2445
Y -0.4043  0.8995  0.1656
Z -0.1604 -0.2480  0.9554

PART 69
OFFSET  11.3933 -3.8076 -3.9853
X  0.0990  0.9717  0.2144
Y -0.9895  0.1189 -0.0821
Z -0.1053 -0.2040  0.9733

PART 70
OFFSET  11.2815 -4.9051 -4.2274
X  0.8314 -0.4811  0.2781
Y -0.3754 -0.8552 -0.3573
Z  0.4097  0.1927 -0.8916

PART 71
OFFSET  14.0675 -4.4301 -4.9021
X  0.7194 -0.6886 -0.0911
Y  0.6941  0.7075  0.1331
Z -0.0272 -0.1590  0.9869

PART 72
OFFSET  12.6622 -3.0848 -4.7241
X  0.9251  0.3728  0.0722
Y -0.3741  0.9274  0.0050
Z -0.0651 -0.0316  0.9974

PART 73
OFFSET  11.3109 -3.6294 -4.8296
X -0.0385  0.9988  0.0293
Y -0.9833 -0.0327 -0.1792
Z -0.1780 -0.0357  0.9834

PART 74
OFFSET  11.3552 -4.7604 -4.8698
X  0.6689 -0.7427  0.0291
Y -0.7389 -0.6687 -0.0822
Z  0.0806  0.0335 -0.9962

PART 75
OFFSET  0.0000 -0.0000 -0.0000
X  1.0000 -0.0000  0.0000
Y  0.0000  1.0000  0.0000
Z  0.0000 -0.0000  1.0000

PART 76
OFFSET  0.0000 -0.0000 -0.0000
X  1.0000 -0.0000  0.0000
Y  0.0000  1.0000  0.0000
Z  0.0000 -0.0000  1.0000

PART 77
OFFSET  1.5404 -0.0000  4.1357
X  1.0000 -0.0000  0.0000
Y  0.0000  1.0000  0.0000
Z  0.0000 -0.0000  1.0000


FRAME 604
PART 0
OFFSET  0.0000 -0.0000 -0.0000
X  1.0000 -0.0000  0.0000
Y  0.0000  1.0000  0.0000
Z  0.0000 -0.0000  1.0000

PART 1
OFFSET -4.6318 -0.0000 -1.3770
X  1.0000 -0.0000  0.0000
Y  0.0000  1.0000  0.0000
Z  0.0000 -0.0000  1.0000

PART 2
OFFSET -6.2831  7.9373 -3.1869
X  0.8568 -0.0451 -0.5136
Y -0.4073 -0.6700 -0.6207
Z -0.3161  0.7410 -0.5924

PART 3
OFFSET  4.0794  7.3920 -9.3984
X  0.4901 -0.8666 -0.0939
Y -0.7058 -0.4577  0.5407
Z -0.5115 -0.1987 -0.8360

PART 4
OFFSET  8.2479  0.0212 -10.1971
X  0.4901 -0.8666 -0.0939
Y  0.0598 -0.0741  0.9955
Z -0.8696 -0.4935  0.0155

PART 5
OFFSET  10.1366 -0.5276 -10.1496
X  0.4957 -0.8633 -0.0948
Y  0.5202  0.2077  0.8284
