// Export filename: `C:\projects\cod\t5\xanim_export\t5_viewmodels\ballistic_knife\b_knife_mantle.XANIM_EXPORT`
// Source filename: `D:\projects\devanim\t5\animation_assets\viewmodels/ballistic_knife/ViewModel_ballistic_knife_animated.fbx`
// Export time: Fri Feb 26 20:36:28 2010

ANIMATION
VERSION 3

NUMPARTS 77
PART 0 "tag_ads"
PART 1 "tag_torso"
PART 2 "J_Shoulder_LE"
PART 3 "J_Elbow_LE"
PART 4 "J_WristTwist_LE"
PART 5 "J_Sleave_Reshape_Bottom_LE_1"
PART 6 "J_Sleave_Reshape_Bottom_LE_2"
PART 7 "J_Sleave_Reshape_Top_LE_1"
PART 8 "J_Sleave_Reshape_Top_LE_2"
PART 9 "J_Sleave_Reshape_Top_LE_3"
PART 10 "J_Wrist_LE"
PART 11 "J_Thumb_LE_0"
PART 12 "J_Thumb_LE_1"
PART 13 "J_Thumb_LE_2"
PART 14 "J_Thumb_LE_3"
PART 15 "J_PinkyPalm_LE"
PART 16 "J_Pinky_LE_0"
PART 17 "J_Pinky_LE_1"
PART 18 "J_Pinky_LE_2"
PART 19 "J_Pinky_LE_3"
PART 20 "J_RingPalm_LE"
PART 21 "J_Ring_LE_0"
PART 22 "J_Ring_LE_1"
PART 23 "J_Ring_LE_2"
PART 24 "J_Ring_LE_3"
PART 25 "J_Webbing_LE"
PART 26 "J_Index_LE_0"
PART 27 "J_Index_LE_1"
PART 28 "J_Index_LE_2"
PART 29 "J_Index_LE_3"
PART 30 "J_Mid_LE_0"
PART 31 "J_Mid_LE_1"
PART 32 "J_Mid_LE_2"
PART 33 "J_Mid_LE_3"
PART 34 "tag_knife_attach"
PART 35 "tag_weapon"
PART 36 "J_Gun"
PART 37 "tag_blade"
PART 38 "TAG_BOLT"
PART 39 "tag_pin"
PART 40 "tag_ring"
PART 41 "tag_origin"
PART 42 "origin_animate_jnt"
PART 43 "TAG_KNIFE_FX"
PART 44 "J_Shoulder_RI"
PART 45 "J_Elbow_RI"
PART 46 "J_WristTwist_RI"
PART 47 "J_Sleave_Reshape_Top_RI_3"
PART 48 "J_Sleave_Reshape_Top_RI_2"
PART 49 "J_Sleave_Reshape_Top_RI_1"
PART 50 "J_Wrist_RI"
PART 51 "J_Thumb_RI_0"
PART 52 "J_Thumb_RI_1"
PART 53 "J_Thumb_RI_2"
PART 54 "J_Thumb_RI_3"
PART 55 "J_PinkyPalm_RI"
PART 56 "J_Pinky_RI_0"
PART 57 "J_Pinky_RI_1"
PART 58 "J_Pinky_RI_2"
PART 59 "J_Pinky_RI_3"
PART 60 "J_RingPalm_RI"
PART 61 "J_Ring_RI_0"
PART 62 "J_Ring_RI_1"
PART 63 "J_Ring_RI_2"
PART 64 "J_Ring_RI_3"
PART 65 "J_Webbing_RI"
PART 66 "J_Index_RI_0"
PART 67 "J_Index_RI_1"
PART 68 "J_Index_RI_2"
PART 69 "J_Index_RI_3"
PART 70 "J_Mid_RI_0"
PART 71 "J_Mid_RI_1"
PART 72 "J_Mid_RI_2"
PART 73 "J_Mid_RI_3"
PART 74 "tag_cambone"
PART 75 "tag_camera"
PART 76 "tag_gasmask"

FRAMERATE 30
NUMFRAMES 31

FRAME 1000
PART 0
OFFSET -4.6318 -0.0000 -1.3770
X  1.0000 -0.0000  0.0000
Y  0.0000  1.0000  0.0000
Z  0.0000 -0.0000  1.0000

PART 1
OFFSET -4.6318 -0.0000 -1.3770
X  1.0000 -0.0000  0.0000
Y  0.0000  1.0000  0.0000
Z  0.0000 -0.0000  1.0000

PART 2
OFFSET -6.2831  7.9373 -3.1869
X  0.8234  0.3425 -0.4524
Y  0.2348 -0.9315 -0.2780
Z -0.5166  0.1227 -0.8474

PART 3
OFFSET  3.6748  12.0800 -8.6586
X  0.7098 -0.5050  0.4911
Y -0.7018 -0.4462  0.5554
Z -0.0614 -0.7388 -0.6711

PART 4
OFFSET  9.7116  7.7846 -4.4814
X  0.7098 -0.5050  0.4911
Y -0.3956 -0.8626 -0.3153
Z  0.5829  0.0295 -0.8120

PART 5
OFFSET  11.4992  8.2129 -3.7801
X  0.7141 -0.5003  0.4896
Y  0.0694  0.7466  0.6616
Z -0.6966 -0.4385  0.5679

PART 6
OFFSET  11.2677  7.2930 -5.1708
X  0.7141 -0.5003  0.4896
Y  0.0694  0.7466  0.6616
Z -0.6966 -0.4385  0.5679

PART 7
OFFSET  10.0829  6.7332 -2.1861
X  0.7141 -0.5003  0.4896
Y  0.0694  0.7466  0.6616
Z -0.6966 -0.4385  0.5679

PART 8
OFFSET  9.6881  5.5946 -2.9872
X  0.7141 -0.5003  0.4896
Y  0.0694  0.7466  0.6616
Z -0.6966 -0.4385  0.5679

PART 9
OFFSET  9.8616  4.8879 -4.7384
X  0.7141 -0.5003  0.4896
Y  0.0694  0.7466  0.6616
Z -0.6966 -0.4385  0.5679

PART 10
OFFSET  11.8875  6.2363 -2.9758
X  0.7094 -0.6221  0.3314
Y -0.5154 -0.7785 -0.3580
Z  0.4807  0.0832 -0.8729

PART 11
OFFSET  11.9065  5.2393 -3.5307
X  0.4934 -0.8481 -0.1933
Y -0.8291 -0.3913 -0.3994
Z  0.2631  0.3573 -0.8962

PART 12
OFFSET  12.9031  3.3901 -4.0375
X  0.7793 -0.5685  0.2636
Y -0.3632 -0.7526 -0.5492
Z  0.5106  0.3323 -0.7930

PART 13
OFFSET  14.2401  2.5545 -3.6680
X  0.9033  0.0522  0.4258
Y  0.1958 -0.9334 -0.3008
Z  0.3818  0.3551 -0.8533

PART 14
OFFSET  15.2377  2.6114 -3.2517
X  0.4619 -0.3819  0.8005
Y -0.8702 -0.0205  0.4923
Z -0.1716 -0.9240 -0.3418

PART 15
OFFSET  13.1368  6.5604 -2.4884
X  0.9070 -0.1574  0.3907
Y  0.4116  0.1337 -0.9015
Z  0.0897  0.9784  0.1861

PART 16
OFFSET  15.2120  6.0806 -1.7483
X  0.7486 -0.5417 -0.3823
Y -0.4432  0.0199 -0.8962
Z  0.4931  0.8404 -0.2251

PART 17
OFFSET  16.2720  5.3137 -2.2895
X -0.2665 -0.0852 -0.9601
Y -0.7978  0.5784  0.1701
Z  0.5408  0.8113 -0.2221

PART 18
OFFSET  16.0357  5.2381 -3.1407
X -0.8560  0.4219 -0.2989
Y -0.1686  0.3187  0.9328
Z  0.4888  0.8488 -0.2016

PART 19
OFFSET  15.2225  5.6390 -3.4246
X  0.6898 -0.6455 -0.3278
Y  0.4853  0.0763  0.8710
Z -0.5372 -0.7599  0.3659

PART 20
OFFSET  12.8832  5.8946 -2.5316
X  0.8363 -0.3524  0.4200
Y  0.4882  0.1300 -0.8630
Z  0.2495  0.9268  0.2808

PART 21
OFFSET  15.0419  5.0293 -1.3698
X  0.6265 -0.3255 -0.7081
Y -0.6551  0.2722 -0.7048
Z  0.4222  0.9055 -0.0427

PART 22
OFFSET  16.1086  4.4750 -2.5754
X -0.5832  0.2408 -0.7758
Y -0.6803  0.3772  0.6285
Z  0.4439  0.8943 -0.0562

PART 23
OFFSET  15.3002  4.8087 -3.6506
X -0.8257  0.4350  0.3590
Y  0.3429 -0.1182  0.9319
Z  0.4478  0.8926 -0.0516

PART 24
OFFSET  14.4047  5.2805 -3.2612
X  0.5027 -0.2450 -0.8290
Y  0.7346 -0.3844  0.5591
Z -0.4557 -0.8901 -0.0132

PART 25
OFFSET  13.5136  3.1272 -2.9906
X  0.9008 -0.4116  0.1383
Y -0.2736 -0.2907  0.9169
Z -0.3372 -0.8638 -0.3745

PART 26
OFFSET  14.0843  3.1944 -1.6302
X  0.6896 -0.1674 -0.7046
Y -0.6082  0.3942 -0.6890
Z  0.3931  0.9036  0.1700

PART 27
OFFSET  15.2984  2.8996 -2.8707
X -0.4434  0.4235 -0.7899
Y -0.7678  0.2752  0.5786
Z  0.4624  0.8631  0.2031

PART 28
OFFSET  14.7312  3.3620 -3.8434
X -0.8915  0.3650  0.2682
Y  0.1822 -0.2532  0.9501
Z  0.4147  0.8959  0.1592

PART 29
OFFSET  13.7242  3.7743 -3.5404
X  0.2424  0.3617 -0.9002
Y  0.8414 -0.5404  0.0094
Z -0.4831 -0.7597 -0.4353

PART 30
OFFSET  14.6540  4.1202 -1.4337
X  0.6199 -0.2694 -0.7370
Y -0.6150  0.4165 -0.6696
Z  0.4873  0.8683  0.0925

PART 31
OFFSET  15.8651  3.5940 -2.8734
X -0.6104  0.4014 -0.6829
Y -0.6493  0.2401  0.7216
Z  0.4536  0.8839  0.1140

PART 32
OFFSET  14.9735  4.1803 -3.8708
X -0.8493  0.3402  0.4037
Y  0.2992 -0.3198  0.8990
Z  0.4350  0.8843  0.1698

PART 33
OFFSET  14.0145  4.5721 -3.4131
X  0.4323 -0.1132 -0.8946
Y  0.8059 -0.3965  0.4396
Z -0.4045 -0.9110 -0.0802

PART 34
OFFSET  14.8211  5.0962 -3.2147
X  0.2299  0.9487  0.2170
Y -0.4807 -0.0832  0.8729
Z  0.8462 -0.3050  0.4369

PART 35
OFFSET  13.4483 -3.7816 -3.7782
X  0.5915 -0.8021  0.0819
Y -0.2130 -0.0575  0.9754
Z -0.7777 -0.5944 -0.2049

PART 36
OFFSET  13.4483 -3.7816 -3.7782
X  0.5915 -0.8021  0.0819
Y -0.2130 -0.0575  0.9754
Z -0.7777 -0.5944 -0.2049

PART 37
OFFSET  15.8138 -6.9893 -3.4507
X  0.5915 -0.8021  0.0819
Y -0.2130 -0.0575  0.9754
Z -0.7777 -0.5944 -0.2049

PART 38
OFFSET  13.5744 -7.3910 -3.9634
X  0.5915 -0.8021  0.0819
Y -0.2130 -0.0575  0.9754
Z -0.7777 -0.5944 -0.2049

PART 39
OFFSET  16.1763 -5.8566 -3.3047
X  0.5915 -0.8021  0.0819
Y -0.2130 -0.0575  0.9754
Z -0.7777 -0.5944 -0.2049

PART 40
OFFSET  16.2569 -5.7641 -3.2600
X  0.5915 -0.8021  0.0819
Y -0.2130 -0.0575  0.9754
Z -0.7777 -0.5944 -0.2049

PART 41
OFFSET  12.4611 -4.0480  0.7420
X  0.5915 -0.8021  0.0819
Y -0.2130 -0.0575  0.9754
Z -0.7777 -0.5944 -0.2049

PART 42
OFFSET  14.7910  4.6524 -2.8504
X  0.6035  0.7973 -0.0001
Y -0.0380  0.0287 -0.9989
Z -0.7964  0.6029  0.0476

PART 43
OFFSET  19.7592  9.7786 -2.8909
X  0.7964 -0.6029 -0.0476
Y -0.0380  0.0287 -0.9989
Z  0.6035  0.7973 -0.0001

PART 44
OFFSET -6.0573 -7.9373 -2.8236
X -0.8071  0.4529  0.3788
Y -0.2258 -0.8296  0.5107
Z  0.5456  0.3266  0.7718

PART 45
OFFSET  3.7033 -13.4149 -7.4049
X -0.6992 -0.6277 -0.3421
Y  0.7100 -0.5536 -0.4352
Z  0.0838 -0.5472  0.8328

PART 46
OFFSET  9.6504 -8.0758 -4.4949
X -0.6992 -0.6277 -0.3421
Y  0.4653 -0.7629  0.4488
Z -0.5428  0.1546  0.8255

PART 47
OFFSET  9.8732 -5.6038 -5.2740
X -0.7037 -0.6229 -0.3418
Y -0.0920  0.5569 -0.8255
Z  0.7045 -0.5494 -0.4492

PART 48
OFFSET  9.4429 -5.3696 -3.7028
X -0.7037 -0.6229 -0.3418
Y -0.0920  0.5569 -0.8255
Z  0.7045 -0.5494 -0.4492

PART 49
OFFSET  10.0069 -6.4786 -2.5371
X -0.7037 -0.6229 -0.3418
Y -0.0920  0.5569 -0.8255
Z  0.7045 -0.5494 -0.4492

PART 50
OFFSET  11.7939 -6.1513 -3.4461
X -0.3934 -0.8697 -0.2982
Y  0.6619 -0.4930  0.5646
Z -0.6380  0.0248  0.7696

PART 51
OFFSET  11.5941 -5.2945 -4.1728
X -0.1619 -0.8834  0.4398
Y  0.8909  0.0608  0.4502
Z -0.4244  0.4647  0.7771

PART 52
OFFSET  11.8783 -3.4202 -5.2100
X -0.5690 -0.8104 -0.1398
Y  0.5132 -0.4828  0.7096
Z -0.6426  0.3320  0.6906

PART 53
OFFSET  12.8993 -2.1779 -5.0193
X -0.8432 -0.1580 -0.5139
Y -0.0892 -0.9015  0.4236
Z -0.5302  0.4030  0.7460

PART 54
OFFSET  13.8369 -2.0102 -4.5049
X -0.3003 -0.5613 -0.7712
Y  0.9163  0.0549 -0.3967
Z  0.2650 -0.8258  0.4978

PART 55
OFFSET  12.9646 -5.9484 -2.7447
X -0.7770 -0.6054 -0.1726
Y -0.3995  0.2623  0.8784
Z -0.4865  0.7515 -0.4457

PART 56
OFFSET  14.6885 -4.5109 -2.5295
X -0.3795 -0.3556  0.8541
Y  0.7016  0.4913  0.5162
Z -0.6032  0.7951  0.0631

PART 57
OFFSET  15.2257 -4.0074 -3.7387
X  0.5861  0.4040  0.7023
Y  0.4988  0.5032 -0.7057
Z -0.6385  0.7639  0.0934

PART 58
OFFSET  14.7061 -4.3656 -4.3614
X  0.7708  0.5794  0.2648
Y  0.1867  0.1919 -0.9635
Z -0.6090  0.7921  0.0398

PART 59
OFFSET  13.9738 -4.9160 -4.6130
X -0.6187 -0.6782  0.3965
Y -0.4320 -0.1278 -0.8927
Z  0.6561 -0.7237 -0.2139

PART 60
OFFSET  12.5221 -5.4260 -2.9469
X -0.5989 -0.7381 -0.3108
Y -0.5932  0.1481  0.7913
Z -0.5381  0.6583 -0.5265

PART 61
OFFSET  14.1432 -3.6049 -2.0446
X -0.4680 -0.3422  0.8148
Y  0.5880  0.5677  0.5762
Z -0.6598  0.7487 -0.0645

PART 62
OFFSET  14.9399 -3.0222 -3.4318
X  0.4765  0.4694  0.7434
Y  0.6178  0.4229 -0.6630
Z -0.6255  0.7752 -0.0885

PART 63
OFFSET  14.2795 -3.6727 -4.4621
X  0.7510  0.6441  0.1454
Y  0.2488 -0.0721 -0.9659
Z -0.6116  0.7615 -0.2144

PART 64
OFFSET  13.4650 -4.3712 -4.6198
X -0.7875 -0.4491  0.4220
Y -0.2005 -0.4609 -0.8645
Z  0.5827 -0.7655  0.2729

PART 65
OFFSET  9.2548 -9.3406 -4.7520
X -0.6756 -0.7160 -0.1757
Y  0.5215 -0.2956 -0.8004
Z  0.5211 -0.6324  0.5732

PART 66
OFFSET  12.5906 -2.3816 -2.4241
X -0.5578 -0.4581  0.6921
Y  0.2026  0.7335  0.6488
Z -0.8049  0.5021 -0.3163

PART 67
OFFSET  13.5726 -1.5751 -3.6427
X  0.1572  0.7582  0.6328
Y  0.5620  0.4582 -0.6886
Z -0.8121  0.4638 -0.3541

PART 68
OFFSET  13.3322 -2.4687 -4.4334
X  0.5183  0.8477  0.1135
Y  0.3333 -0.0779 -0.9396
Z -0.7876  0.5248 -0.3229

PART 69
OFFSET  12.7469 -3.4261 -4.5617
X -0.6911 -0.0580  0.7204
Y -0.2847 -0.8944 -0.3450
Z  0.6643 -0.4435  0.6016

PART 70
OFFSET  13.3812 -3.0137 -1.9814
X -0.5234 -0.4220  0.7403
Y  0.3253  0.7040  0.6313
Z -0.7876  0.5712 -0.2312

PART 71
OFFSET  14.4036 -2.1893 -3.4275
X  0.3146  0.6274  0.7123
Y  0.6426  0.4115 -0.6463
Z -0.6986  0.6610 -0.2738

PART 72
OFFSET  13.9442 -3.1058 -4.4680
X  0.6517  0.7585  0.0026
Y  0.2845 -0.2412 -0.9278
Z -0.7031  0.6054 -0.3730

PART 73
OFFSET  13.2113 -3.9693 -4.4689
X -0.6365 -0.4662  0.6144
Y -0.2536 -0.6258 -0.7376
Z  0.7284 -0.6253  0.2801

PART 74
OFFSET  0.0000 -0.0000 -0.0000
X  1.0000 -0.0000  0.0000
Y  0.0000  1.0000  0.0000
Z  0.0000 -0.0000  1.0000

PART 75
OFFSET  0.0000 -0.0000 -0.0000
X  1.0000 -0.0000  0.0000
Y  0.0000  1.0000  0.0000
Z  0.0000 -0.0000  1.0000

PART 76
OFFSET  1.5404 -0.0000  4.1357
X  1.0000 -0.0000  0.0000
Y  0.0000  1.0000  0.0000
Z  0.0000 -0.0000  1.0000


FRAME 1001
PART 0
OFFSET -4.6318 -0.0000 -1.3770
X  1.0000 -0.0000  0.0000
Y  0.0000  1.0000  0.0000
Z  0.0000 -0.0000  1.0000

PART 1
OFFSET -4.6318 -0.0000 -1.3770
X  1.0000 -0.0000  0.0000
Y  0.0000  1.0000  0.0000
Z  0.0000 -0.0000  1.0000

PART 2
OFFSET -6.2831  7.9373 -3.1869
X  0.8229  0.3429 -0.4531
Y  0.2342 -0.9312 -0.2793
Z -0.5177  0.1237 -0.8466

PART 3
OFFSET  3.6686  12.0841 -8.6668
X  0.7108 -0.5053  0.4892
Y -0.7006 -0.4470  0.5562
Z -0.0624 -0.7381 -0.6718

PART 4
OFFSET  9.7147  7.7860 -4.5057
X  0.7108 -0.5053  0.4892
Y -0.3941 -0.8623 -0.3180
Z  0.5826  0.0333 -0.8121

PART 5
OFFSET  11.5035  8.2142 -3.8073
X  0.7152 -0.5006  0.4877
Y  0.0704  0.7459  0.6624
Z -0.6954 -0.4394  0.5687

PART 6
OFFSET  11.2697  7.2958 -5.1986
X  0.7152 -0.5006  0.4877
Y  0.0704  0.7459  0.6624
Z -0.6954 -0.4394  0.5687

PART 7
OFFSET  10.0907  6.7322 -2.2123
X  0.7152 -0.5006  0.4877
Y  0.0704  0.7459  0.6624
Z -0.6954 -0.4394  0.5687

PART 8
OFFSET  9.6948  5.5943 -3.0140
X  0.7152 -0.5006  0.4877
Y  0.0704  0.7459  0.6624
Z -0.6954 -0.4394  0.5687

PART 9
OFFSET  9.8652  4.8897 -4.7663
X  0.7152 -0.5006  0.4877
Y  0.0704  0.7459  0.6624
Z -0.6954 -0.4394  0.5687

PART 10
OFFSET  11.8939  6.2369 -3.0059
X  0.7096 -0.6224  0.3303
Y -0.5144 -0.7780 -0.3608
Z  0.4815  0.0861 -0.8722

PART 11
OFFSET  11.9145  5.2415 -3.5636
X  0.4944 -0.8471 -0.1952
Y -0.8283 -0.3909 -0.4013
Z  0.2636  0.3601 -0.8949

PART 12
OFFSET  12.9132  3.3946 -4.0747
X  0.7796 -0.5685  0.2628
Y -0.3620 -0.7514 -0.5517
Z  0.5111  0.3350 -0.7916

PART 13
OFFSET  14.2506  2.5592 -3.7063
X  0.9028  0.0518  0.4269
Y  0.1969 -0.9323 -0.3032
Z  0.3823  0.3578 -0.8519

PART 14
OFFSET  15.2478  2.6158 -3.2888
X  0.4614 -0.3837  0.7999
Y -0.8707 -0.0227  0.4914
Z -0.1704 -0.9232 -0.3446

PART 15
OFFSET  13.1425  6.5607 -2.5164
X  0.9067 -0.1577  0.3912
Y  0.4123  0.1367 -0.9007
Z  0.0886  0.9780  0.1890

PART 16
OFFSET  15.2174  6.0806 -1.7755
X  0.7495 -0.5399 -0.3831
Y -0.4423  0.0221 -0.8966
Z  0.4925  0.8414 -0.2222

PART 17
OFFSET  16.2786  5.3162 -2.3178
X -0.2655 -0.0827 -0.9606
Y -0.7985  0.5772  0.1710
Z  0.5403  0.8124 -0.2193

PART 18
OFFSET  16.0432  5.2429 -3.1695
X -0.8560  0.4220 -0.2985
Y -0.1698  0.3158  0.9335
Z  0.4882  0.8498 -0.1987

PART 19
OFFSET  15.2299  5.6438 -3.4531
X  0.6908 -0.6439 -0.3289
Y  0.4844  0.0743  0.8717
Z -0.5369 -0.7615  0.3632

PART 20
OFFSET  12.8895  5.8947 -2.5617
X  0.8362 -0.3528  0.4199
Y  0.4890  0.1329 -0.8621
Z  0.2484  0.9262  0.2837

PART 21
OFFSET  15.0478  5.0281 -1.4002
X  0.6276 -0.3230 -0.7084
Y -0.6547  0.2736 -0.7047
Z  0.4214  0.9060 -0.0397

PART 22
OFFSET  16.1162  4.4783 -2.6063
X -0.5827  0.2424 -0.7757
Y -0.6813  0.3747  0.6289
Z  0.4432  0.8949 -0.0532

PART 23
OFFSET  15.3087  4.8143 -3.6814
X -0.8265  0.4333  0.3594
Y  0.3421 -0.1205  0.9319
Z  0.4471  0.8932 -0.0486

PART 24
OFFSET  14.4123  5.2842 -3.2916
X  0.5037 -0.2422 -0.8292
Y  0.7344 -0.3853  0.5587
Z -0.4548 -0.8904 -0.0162

PART 25
OFFSET  13.5229  3.1292 -3.0280
X  0.9011 -0.4112  0.1380
Y -0.2742 -0.2936  0.9158
Z -0.3360 -0.8630 -0.3773

PART 26
OFFSET  14.0921  3.1931 -1.6668
X  0.6905 -0.1648 -0.7044
Y -0.6079  0.3956 -0.6885
Z  0.3921  0.9035  0.1730

PART 27
OFFSET  15.3078  2.9029 -2.9069
X -0.4430  0.4254 -0.7892
Y -0.7686  0.2728  0.5786
Z  0.4614  0.8629  0.2061

PART 28
OFFSET  14.7412  3.3676 -3.8788
X -0.8921  0.3634  0.2683
Y  0.1815 -0.2557  0.9496
Z  0.4137  0.8958  0.1622

PART 29
OFFSET  13.7335  3.7781 -3.5757
X  0.2430  0.3645 -0.8989
Y  0.8418 -0.5397  0.0087
Z -0.4819 -0.7589 -0.4380

PART 30
OFFSET  14.6608  4.1189 -1.4671
X  0.6209 -0.2667 -0.7371
Y -0.6147  0.4178 -0.6690
Z  0.4864  0.8685  0.0955

PART 31
OFFSET  15.8738  3.5979 -2.9071
X -0.6101  0.4027 -0.6823
Y -0.6503  0.2375  0.7216
Z  0.4527  0.8840  0.1170

PART 32
OFFSET  14.9827  4.1861 -3.9037
X -0.8500  0.3383  0.4038
Y  0.2986 -0.3221  0.8984
Z  0.4340  0.8842  0.1728

PART 33
OFFSET  14.0229  4.5758 -3.4458
X  0.4333 -0.1102 -0.8945
Y  0.8058 -0.3971  0.4393
Z -0.4036 -0.9112 -0.0832

PART 34
OFFSET  14.8288  5.1000 -3.2451
X  0.2289  0.9483  0.2200
Y -0.4815 -0.0861  0.8722
Z  0.8460 -0.3055  0.4369

PART 35
OFFSET  13.4281 -3.7811 -3.7328
X  0.5913 -0.8022  0.0828
Y -0.2066 -0.0515  0.9771
Z -0.7795 -0.5949 -0.1962

PART 36
OFFSET  13.4281 -3.7811 -3.7328
X  0.5913 -0.8022  0.0828
Y -0.2066 -0.0515  0.9771
Z -0.7795 -0.5949 -0.1962

PART 37
OFFSET  15.7928 -6.9891 -3.4017
X  0.5913 -0.8022  0.0828
Y -0.2066 -0.0515  0.9771
Z -0.7795 -0.5949 -0.1962

PART 38
OFFSET  13.5497 -7.3917 -3.8973
X  0.5913 -0.8022  0.0828
Y -0.2066 -0.0515  0.9771
Z -0.7795 -0.5949 -0.1962

PART 39
OFFSET  16.1573 -5.8559 -3.2649
X  0.5913 -0.8022  0.0828
Y -0.2066 -0.0515  0.9771
Z -0.7795 -0.5949 -0.1962

PART 40
OFFSET  16.2383 -5.7632 -3.2213
X  0.5913 -0.8022  0.0828
Y -0.2066 -0.0515  0.9771
Z -0.7795 -0.5949 -0.1962

PART 41
OFFSET  12.4704 -4.0197  0.7953
X  0.5913 -0.8022  0.0828
Y -0.2066 -0.0515  0.9771
Z -0.7795 -0.5949 -0.1962

PART 42
OFFSET  14.7988  4.6553 -2.8822
X  0.6028  0.7979  0.0028
Y -0.0370  0.0315 -0.9988
Z -0.7970  0.6020  0.0485

PART 43
OFFSET  19.7624  9.7860 -2.9030
X  0.7970 -0.6020 -0.0485
Y -0.0370  0.0315 -0.9988
Z  0.6028  0.7979  0.0028

PART 44
OFFSET -6.0573 -7.9373 -2.8236
X -0.8077  0.4524  0.3781
Y -0.2280 -0.8311  0.5072
Z  0.5437  0.3235  0.7745

PART 45
OFFSET  3.7111 -13.4080 -7.3964
X -0.6968 -0.6275 -0.3475
Y  0.7127 -0.5510 -0.4341
Z  0.0810 -0.5502  0.8311

PART 46
OFFSET  9.6377 -8.0710 -4.4409
X -0.6968 -0.6275 -0.3475
Y  0.4649 -0.7640  0.4473
Z -0.5462  0.1501  0.8241

PART 47
OFFSET  9.8603 -5.5959 -5.2099
X -0.7013 -0.6227 -0.3472
Y -0.0892  0.5598 -0.8238
Z  0.7073 -0.5467 -0.4481

PART 48
OFFSET  9.4228 -5.3680 -3.6398
X -0.7013 -0.6227 -0.3472
Y -0.0892  0.5598 -0.8238
Z  0.7073 -0.5467 -0.4481

PART 49
OFFSET  9.9833 -6.4805 -2.4757
X -0.7013 -0.6227 -0.3472
Y -0.0892  0.5598 -0.8238
Z  0.7073 -0.5467 -0.4481

PART 50
OFFSET  11.7738 -6.1473 -3.3757
X -0.3962 -0.8710 -0.2904
Y  0.6652 -0.4903  0.5632
Z -0.6329  0.0299  0.7736

PART 51
OFFSET  11.5700 -5.2947 -4.1062
X -0.1598 -0.8806  0.4461
Y  0.8939  0.0627  0.4439
Z -0.4189  0.4697  0.7771

PART 52
OFFSET  11.8490 -3.4268 -5.1564
X -0.5706 -0.8107 -0.1313
Y  0.5174 -0.4790  0.7091
Z -0.6377  0.3367  0.6928

PART 53
OFFSET  12.8724 -2.1844 -4.9798
X -0.8467 -0.1603 -0.5074
Y -0.0872 -0.8988  0.4295
Z -0.5249  0.4079  0.7471

PART 54
OFFSET  13.8135 -2.0144 -4.4726
X -0.3058 -0.5656 -0.7659
Y  0.9137  0.0517 -0.4030
Z  0.2675 -0.8231  0.5010

PART 55
OFFSET  12.9492 -5.9413 -2.6833
X -0.7787 -0.6057 -0.1639
Y -0.3935  0.2679  0.8794
Z -0.4887  0.7493 -0.4469

PART 56
OFFSET  14.6758 -4.5042 -2.4880
X -0.3742 -0.3502  0.8587
Y  0.7054  0.4937  0.5087
Z -0.6020  0.7960  0.0623

PART 57
OFFSET  15.2055 -4.0083 -3.7037
X  0.5911  0.4076  0.6961
Y  0.4946  0.4985 -0.7119
Z -0.6372  0.7651  0.0930

PART 58
OFFSET  14.6815 -4.3698 -4.3208
X  0.7731  0.5802  0.2563
Y  0.1805  0.1860 -0.9658
Z -0.6081  0.7929  0.0391

PART 59
OFFSET  13.9470 -4.9210 -4.5643
X -0.6167 -0.6752  0.4046
Y -0.4380 -0.1327 -0.8891
Z  0.6541 -0.7256 -0.2139

PART 60
OFFSET  12.5059 -5.4197 -2.8856
X -0.6016 -0.7394 -0.3024
Y -0.5878  0.1533  0.7943
Z -0.5409  0.6556 -0.5269

PART 61
OFFSET  14.1345 -3.5947 -2.0049
X -0.4629 -0.3370  0.8199
Y  0.5923  0.5706  0.5689
Z -0.6595  0.7489 -0.0646

PART 62
OFFSET  14.9226 -3.0211 -3.4008
X  0.4818  0.4733  0.7374
Y  0.6138  0.4183 -0.6696
Z -0.6254  0.7752 -0.0890

PART 63
OFFSET  14.2549 -3.6771 -4.4228
X  0.7525  0.6442  0.1366
Y  0.2424 -0.0781 -0.9670
Z -0.6123  0.7608 -0.2149

PART 64
OFFSET  13.4387 -4.3758 -4.5710
X -0.7851 -0.4458  0.4299
Y -0.2066 -0.4658 -0.8604
Z  0.5838 -0.7644  0.2736

PART 65
OFFSET  9.2233 -9.3419 -4.6458
X -0.6774 -0.7164 -0.1670
Y  0.5160 -0.3009 -0.8020
Z  0.5243 -0.6295  0.5735

PART 66
OFFSET  12.5806 -2.3723 -2.3814
X -0.5536 -0.4534  0.6985
Y  0.2075  0.7372  0.6430
Z -0.8065  0.5009 -0.3140

PART 67
OFFSET  13.5553 -1.5740 -3.6112
X  0.1620  0.7618  0.6272
Y  0.5578  0.4536 -0.6950
Z -0.8140  0.4625 -0.3515

PART 68
OFFSET  13.3089 -2.4720 -4.3951
X  0.5198  0.8478  0.1051
Y  0.3270 -0.0839 -0.9413
Z -0.7892  0.5236 -0.3209

PART 69
OFFSET  12.7218 -3.4297 -4.5137
X -0.6864 -0.0530  0.7253
Y -0.2877 -0.8962 -0.3378
Z  0.6679 -0.4406  0.5999

PART 70
OFFSET  13.3735 -3.0025 -1.9402
X -0.5189 -0.4171  0.7462
Y  0.3301  0.7074  0.6249
Z -0.7885  0.5706 -0.2294

PART 71
OFFSET  14.3871 -2.1877 -3.3979
X  0.3198  0.6314  0.7065
Y  0.6387  0.4071 -0.6529
Z -0.6998  0.6600 -0.2731

PART 72
OFFSET  13.9201 -3.1099 -4.4298
X  0.6524  0.7579 -0.0062
Y  0.2782 -0.2470 -0.9282
Z -0.7050  0.6038 -0.3720

PART 73
OFFSET  13.1864 -3.9727 -4.4208
X -0.6328 -0.4620  0.6214
Y -0.2590 -0.6300 -0.7321
Z  0.7297 -0.6243  0.2790

PART 74
OFFSET  0.0000 -0.0000 -0.0000
X  1.0000 -0.0000  0.0000
Y  0.0000  1.0000  0.0000
Z  0.0000 -0.0000  1.0000

PART 75
OFFSET -0.0000 -0.0000 -0.0000
X  1.0000  0.0000 -0.0080
Y -0.0001  1.0000 -0.0065
Z  0.0080  0.0065  0.9999

PART 76
OFFSET  1.5735  0.0268  4.1232
X  1.0000  0.0000 -0.0080
Y -0.0001  1.0000 -0.0065
Z  0.0080  0.0065  0.9999


FRAME 1002
PART 0
OFFSET -4.6318 -0.0000 -1.3770
X  1.0000 -0.0000  0.0000
Y  0.0000  1.0000  0.0000
Z  0.0000 -0.0000  1.0000

PART 1
OFFSET -4.6318 -0.0000 -1.3770
X  1.0000 -0.0000  0.0000
Y  0.0000  1.0000  0.0000
Z  0.0000 -0.0000  1.0000

PART 2
OFFSET -6.2831  7.9373 -3.1869
X  0.8213  0.3440 -0.4551
Y  0.2330 -0.9305 -0.2828
Z -0.5207  0.1262 -0.8444

PART 3
OFFSET  3.6500  12.0973 -8.6905
X  0.7133 -0.5064  0.4845
Y -0.6978 -0.4491  0.5580
Z -0.0650 -0.7362 -0.6737

PART 4
OFFSET  9.7170  7.7905 -4.5692
X  0.7133 -0.5064  0.4845
Y -0.3915 -0.8613 -0.3238
Z  0.5813  0.0413 -0.8126

PART 5
OFFSET  11.5086  8.2176 -3.8776
X  0.7176 -0.5017  0.4831
Y  0.0730  0.7440  0.6642
Z -0.6926 -0.4414  0.5705

PART 6
OFFSET  11.2691  7.3032 -5.2704
X  0.7176 -0.5017  0.4831
Y  0.0730  0.7440  0.6642
Z -0.6926 -0.4414  0.5705

PART 7
OFFSET  10.1038  6.7301 -2.2806
X  0.7176 -0.5017  0.4831
Y  0.0730  0.7440  0.6642
Z -0.6926 -0.4414  0.5705

PART 8
OFFSET  9.7049  5.5944 -3.0838
X  0.7176 -0.5017  0.4831
Y  0.0730  0.7440  0.6642
Z -0.6926 -0.4414  0.5705

PART 9
OFFSET  9.8679  4.8950 -4.8390
X  0.7176 -0.5017  0.4831
Y  0.0730  0.7440  0.6642
Z -0.6926 -0.4414  0.5705

PART 10
OFFSET  11.9038  6.2381 -3.0837
X  0.7101 -0.6230  0.3282
Y -0.5122 -0.7768 -0.3662
Z  0.4831  0.0919 -0.8707

PART 11
OFFSET  11.9272  5.2460 -3.6471
X  0.4963 -0.8450 -0.1990
Y -0.8268 -0.3901 -0.4052
Z  0.2648  0.3657 -0.8923

PART 12
OFFSET  12.9303  3.4039 -4.1667
X  0.7801 -0.5686  0.2611
Y -0.3595 -0.7489 -0.5567
Z  0.5121  0.3404 -0.7886

PART 13
OFFSET  14.2685  2.5687 -3.8003
X  0.9019  0.0510  0.4290
Y  0.1992 -0.9302 -0.3081
Z  0.3834  0.3634 -0.8491

PART 14
OFFSET  15.2647  2.6247 -3.3804
X  0.4605 -0.3874  0.7986
Y -0.8716 -0.0271  0.4895
Z -0.1680 -0.9215 -0.3502

PART 15
OFFSET  13.1508  6.5614 -2.5899
X  0.9062 -0.1583  0.3921
Y  0.4139  0.1425 -0.8991
Z  0.0865  0.9770  0.1947

PART 16
OFFSET  15.2250  6.0808 -1.8475
X  0.7513 -0.5364 -0.3846
Y -0.4405  0.0264 -0.8973
Z  0.4915  0.8436 -0.2164

PART 17
OFFSET  16.2887  5.3215 -2.3921
X -0.2634 -0.0777 -0.9616
Y -0.7999  0.5748  0.1726
Z  0.5393  0.8146 -0.2135

PART 18
OFFSET  16.0551  5.2526 -3.2446
X -0.8562  0.4222 -0.2978
Y -0.1723  0.3102  0.9349
Z  0.4871  0.8518 -0.1929

PART 19
OFFSET  15.2417  5.6536 -3.5276
X  0.6926 -0.6408 -0.3312
Y  0.4825  0.0702  0.8731
Z -0.5362 -0.7645  0.3578

PART 20
OFFSET  12.8991  5.8953 -2.6395
X  0.8360 -0.3537  0.4196
Y  0.4905  0.1387 -0.8604
Z  0.2461  0.9250  0.2894

PART 21
OFFSET  15.0566  5.0259 -1.4786
X  0.6296 -0.3178 -0.7090
Y -0.6538  0.2764 -0.7044
Z  0.4198  0.9070 -0.0337

PART 22
OFFSET  16.1284  4.4849 -2.6856
X -0.5816  0.2458 -0.7755
Y -0.6832  0.3699  0.6296
Z  0.4416  0.8959 -0.0472

PART 23
OFFSET  15.3224  4.8255 -3.7604
X -0.8280  0.4297  0.3602
Y  0.3404 -0.1252  0.9319
Z  0.4456  0.8942 -0.0426

PART 24
OFFSET  14.4244  5.2916 -3.3697
X  0.5058 -0.2366 -0.8296
Y  0.7340 -0.3872  0.5580
Z -0.4532 -0.8911 -0.0222

PART 25
OFFSET  13.5383  3.1336 -3.1202
X  0.9015 -0.4103  0.1375
Y -0.2755 -0.2993  0.9135
Z -0.3337 -0.8614 -0.3829

PART 26
OFFSET  14.1047  3.1907 -1.7576
X  0.6922 -0.1595 -0.7039
Y -0.6072  0.3984 -0.6874
Z  0.3901  0.9032  0.1789

PART 27
OFFSET  15.3234  2.9098 -2.9968
X -0.4422  0.4290 -0.7876
Y -0.7703  0.2682  0.5786
Z  0.4594  0.8626  0.2119

PART 28
OFFSET  14.7579  3.3790 -3.9672
X -0.8933  0.3603  0.2686
Y  0.1800 -0.2608  0.9485
Z  0.4118  0.8956  0.1681

PART 29
OFFSET  13.7489  3.7860 -3.6638
X  0.2441  0.3700 -0.8964
Y  0.8428 -0.5382  0.0074
Z -0.4797 -0.7572 -0.4433

PART 30
OFFSET  14.6714  4.1164 -1.5514
X  0.6229 -0.2614 -0.7374
Y -0.6141  0.4205 -0.6678
Z  0.4846  0.8688  0.1014

PART 31
OFFSET  15.8882  3.6058 -2.9919
X -0.6095  0.4055 -0.6812
Y -0.6522  0.2322  0.7217
Z  0.4508  0.8841  0.1230

PART 32
OFFSET  14.9980  4.1981 -3.9870
X -0.8514  0.3345  0.4040
Y  0.2974 -0.3267  0.8971
Z  0.4321  0.8840  0.1787

PART 33
OFFSET  14.0366  4.5834 -3.5288
X  0.4353 -0.1043 -0.8942
Y  0.8057 -0.3981  0.4387
Z -0.4018 -0.9114 -0.0892

PART 34
OFFSET  14.8412  5.1079 -3.3235
X  0.2267  0.9474  0.2258
Y -0.4831 -0.0919  0.8707
Z  0.8457 -0.3065  0.4369

PART 35
OFFSET  13.3708 -3.7802 -3.6189
X  0.5909 -0.8023  0.0847
Y -0.1905 -0.0367  0.9810
Z -0.7839 -0.5958 -0.1745

PART 36
OFFSET  13.3708 -3.7802 -3.6189
X  0.5909 -0.8023  0.0847
Y -0.1905 -0.0367  0.9810
Z -0.7839 -0.5958 -0.1745

PART 37
OFFSET  15.7338 -6.9886 -3.2800
X  0.5909 -0.8023  0.0847
Y -0.1905 -0.0367  0.9810
Z -0.7839 -0.5958 -0.1745

PART 38
OFFSET  13.4820 -7.3930 -3.7323
X  0.5909 -0.8023  0.0847
Y -0.1905 -0.0367  0.9810
Z -0.7839 -0.5958 -0.1745

PART 39
OFFSET  16.1030 -5.8543 -3.1659
X  0.5909 -0.8023  0.0847
Y -0.1905 -0.0367  0.9810
Z -0.7839 -0.5958 -0.1745

PART 40
OFFSET  16.1849 -5.7612 -3.1250
X  0.5909 -0.8023  0.0847
Y -0.1905 -0.0367  0.9810
Z -0.7839 -0.5958 -0.1745

PART 41
OFFSET  12.4881 -3.9501  0.9276
X  0.5909 -0.8023  0.0847
Y -0.1905 -0.0367  0.9810
Z -0.7839 -0.5958 -0.1745

PART 42
OFFSET  14.8112  4.6611 -2.9632
X  0.6014  0.7989  0.0086
Y -0.0351  0.0371 -0.9987
Z -0.7982  0.6003  0.0503

PART 43
OFFSET  19.7655  9.8007 -2.9448
X  0.7982 -0.6003 -0.0503
Y -0.0351  0.0371 -0.9987
Z  0.6014  0.7989  0.0086

PART 44
OFFSET -6.0573 -7.9373 -2.8236
X -0.8092  0.4511  0.3764
Y -0.2335 -0.8348  0.4985
Z  0.5391  0.3156  0.7809

PART 45
OFFSET  3.7295 -13.3923 -7.3757
X -0.6904 -0.6270 -0.3609
Y  0.7197 -0.5442 -0.4312
Z  0.0740 -0.5574  0.8269

PART 46
OFFSET  9.6012 -8.0592 -4.3060
X -0.6904 -0.6270 -0.3609
Y  0.4643 -0.7665  0.4437
Z -0.5548  0.1387  0.8203

PART 47
OFFSET  9.8224 -5.5763 -5.0500
X -0.6948 -0.6222 -0.3606
Y -0.0823  0.5669 -0.8196
Z  0.7144 -0.5398 -0.4452

PART 48
OFFSET  9.3665 -5.3645 -3.4828
X -0.6948 -0.6222 -0.3606
Y -0.0823  0.5669 -0.8196
Z  0.7144 -0.5398 -0.4452

PART 49
OFFSET  9.9186 -6.4853 -2.3227
X -0.6948 -0.6222 -0.3606
Y -0.0823  0.5669 -0.8196
Z  0.7144 -0.5398 -0.4452

PART 50
OFFSET  11.7176 -6.1369 -3.1996
X -0.4028 -0.8743 -0.2710
Y  0.6734 -0.4836  0.5592
Z -0.6199  0.0428  0.7835

PART 51
OFFSET  11.5035 -5.2946 -3.9391
X -0.1543 -0.8736  0.4616
Y  0.9013  0.0670  0.4281
Z -0.4049  0.4820  0.7770

PART 52
OFFSET  11.7690 -3.4430 -5.0211
X -0.5744 -0.8111 -0.1099
Y  0.5281 -0.4698  0.7074
Z -0.6254  0.3483  0.6983

PART 53
OFFSET  12.7979 -2.2006 -4.8798
X -0.8554 -0.1657 -0.4908
Y -0.0820 -0.8922  0.4440
Z -0.5115  0.4201  0.7496

PART 54
OFFSET  13.7477 -2.0255 -4.3908
X -0.3198 -0.5760 -0.7523
Y  0.9070  0.0436 -0.4189
Z  0.2741 -0.8163  0.5085

PART 55
OFFSET  12.9048 -5.9236 -2.5299
X -0.7826 -0.6061 -0.1420
Y -0.3782  0.2817  0.8818
Z -0.4945  0.7438 -0.4497

PART 56
OFFSET  14.6375 -4.4879 -2.3844
X -0.3606 -0.3367  0.8698
Y  0.7148  0.4994  0.4896
Z -0.5992  0.7983  0.0606

PART 57
OFFSET  15.1480 -4.0112 -3.6159
X  0.6034  0.4164  0.6801
Y  0.4838  0.4868 -0.7273
Z -0.6339  0.7679  0.0923

PART 58
OFFSET  14.6130 -4.3804 -4.2189
X  0.7785  0.5821  0.2349
Y  0.1649  0.1714 -0.9713
Z -0.6056  0.7949  0.0375

PART 59
OFFSET  13.8734 -4.9334 -4.4420
X -0.6113 -0.6678  0.4247
Y -0.4530 -0.1447 -0.8797
Z  0.6489 -0.7302 -0.2140

PART 60
OFFSET  12.4593 -5.4039 -2.7325
X -0.6081 -0.7423 -0.2815
Y -0.5742  0.1664  0.8016
Z -0.5482  0.6491 -0.5274

PART 61
OFFSET  14.1063 -3.5702 -1.9059
X -0.4499 -0.3238  0.8323
Y  0.6029  0.5775  0.5505
Z -0.6589  0.7495 -0.0646

PART 62
OFFSET  14.8723 -3.0189 -3.3229
X  0.4950  0.4829  0.7223
Y  0.6034  0.4070 -0.6857
Z -0.6251  0.7753 -0.0899

PART 63
OFFSET  14.1862 -3.6882 -4.3239
X  0.7561  0.6444  0.1146
Y  0.2261 -0.0928 -0.9697
Z -0.6142  0.7591 -0.2159

PART 64
OFFSET  13.3662 -4.3871 -4.4483
X -0.7788 -0.4376  0.4494
Y -0.2219 -0.4779 -0.8499
Z  0.5867 -0.7617  0.2751

PART 65
OFFSET  9.1395 -9.3437 -4.3802
X -0.6816 -0.7172 -0.1452
Y  0.5019 -0.3138 -0.8060
Z  0.5324 -0.6222  0.5739

PART 66
OFFSET  12.5489 -2.3497 -2.2744
X -0.5429 -0.4418  0.7142
Y  0.2198  0.7460  0.6286
Z -0.8105  0.4982 -0.3079

PART 67
OFFSET  13.5047 -1.5718 -3.5319
X  0.1740  0.7705  0.6132
Y  0.5472  0.4420 -0.7108
Z -0.8187  0.4592 -0.3447

PART 68
OFFSET  13.2434 -2.4806 -4.2982
X  0.5232  0.8480  0.0840
Y  0.3112 -0.0984 -0.9452
Z -0.7933  0.5207 -0.3154

PART 69
OFFSET  12.6524 -3.4385 -4.3930
X -0.6744 -0.0408  0.7373
Y -0.2952 -0.9003 -0.3198
Z  0.6768 -0.4333  0.5951

PART 70
OFFSET  13.3477 -2.9752 -1.8372
X -0.5073 -0.4049  0.7608
Y  0.3420  0.7157  0.6089
Z -0.7910  0.5691 -0.2246

PART 71
OFFSET  14.3387 -2.1843 -3.3234
X  0.3329  0.6409  0.6917
Y  0.6286  0.3959 -0.6694
Z -0.7029  0.6576 -0.2711

PART 72
OFFSET  13.8526 -3.1204 -4.3337
X  0.6538  0.7562 -0.0281
Y  0.2622 -0.2613 -0.9290
Z -0.7098  0.6000 -0.3691

PART 73
OFFSET  13.1173 -3.9813 -4.2999
X -0.6234 -0.4513  0.6385
Y -0.2725 -0.6400 -0.7184
Z  0.7329 -0.6219  0.2760

PART 74
OFFSET  0.0000 -0.0000 -0.0000
X  1.0000 -0.0000  0.0000
Y  0.0000  1.0000  0.0000
Z  0.0000 -0.0000  1.0000

PART 75
OFFSET -0.0000 -0.0000 -0.0000
X  0.9996 -0.0000 -0.0268
Y -0.0006  0.9998 -0.0215
Z  0.0268  0.0215  0.9994

PART 76
OFFSET  1.6507  0.0889  4.0920
X  0.9996 -0.0000 -0.0268
Y -0.0006  0.9998 -0.0215
Z  0.0268  0.0215  0.9994


FRAME 1003
PART 0
OFFSET -4.6318 -0.0000 -1.3770
X  1.0000 -0.0000  0.0000
Y  0.0000  1.0000  0.0000
Z  0.0000 -0.0000  1.0000

PART 1
OFFSET -4.6318 -0.0000 -1.3770
X  1.0000 -0.0000  0.0000
Y  0.0000  1.0000  0.0000
Z  0.0000 -0.0000  1.0000

PART 2
OFFSET -6.2831  7.9373 -3.1869
X  0.8187  0.3460 -0.4582
Y  0.2316 -0.9293 -0.2879
Z -0.5254  0.1296 -0.8409

PART 3
OFFSET  3.6187  12.1214 -8.7286
X  0.7159 -0.5083  0.4786
Y -0.6948 -0.4513  0.5599
Z -0.0686 -0.7334 -0.6763

PART 4
OFFSET  9.7078  7.7979 -4.6576
X  0.7159 -0.5083  0.4786
Y -0.3906 -0.8598 -0.3288
Z  0.5787  0.0484 -0.8141

PART 5
OFFSET  11.5031  8.2223 -3.9739
X  0.7202 -0.5036  0.4771
Y  0.0765  0.7413  0.6668
Z -0.6895 -0.4438  0.5724

PART 6
OFFSET  11.2561  7.3135 -5.3692
X  0.7202 -0.5036  0.4771
Y  0.0765  0.7413  0.6668
Z -0.6895 -0.4438  0.5724

PART 7
OFFSET  10.1070  6.7283 -2.3755
X  0.7202 -0.5036  0.4771
Y  0.0765  0.7413  0.6668
Z -0.6895 -0.4438  0.5724

PART 8
OFFSET  9.7038  5.5958 -3.1812
X  0.7202 -0.5036  0.4771
Y  0.0765  0.7413  0.6668
Z -0.6895 -0.4438  0.5724

PART 9
OFFSET  9.8573  4.9036 -4.9400
X  0.7202 -0.5036  0.4771
Y  0.0765  0.7413  0.6668
Z -0.6895 -0.4438  0.5724

PART 10
OFFSET  11.9025  6.2396 -3.1903
X  0.7104 -0.6234  0.3266
Y -0.5107 -0.7760 -0.3703
Z  0.4843  0.0963 -0.8696

PART 11
OFFSET  11.9282  5.2499 -3.7578
X  0.4977 -0.8435 -0.2019
Y -0.8257 -0.3895 -0.4081
Z  0.2656  0.3698 -0.8903

PART 12
OFFSET  12.9346  3.4114 -4.2838
X  0.7804 -0.5687  0.2599
Y -0.3577 -0.7470 -0.5604
Z  0.5128  0.3444 -0.7864

PART 13
OFFSET  14.2733  2.5765 -3.9189
X  0.9011  0.0504  0.4306
Y  0.2009 -0.9287 -0.3118
Z  0.3842  0.3675 -0.8470

PART 14
OFFSET  15.2688  2.6320 -3.4974
X  0.4598 -0.3902  0.7977
Y -0.8723 -0.0303  0.4880
Z -0.1662 -0.9202 -0.3544

PART 15
OFFSET  13.1484  6.5624 -2.6932
X  0.9058 -0.1588  0.3928
Y  0.4151  0.1469 -0.8978
Z  0.0849  0.9763  0.1990

PART 16
OFFSET  15.2222  6.0815 -1.9498
X  0.7526 -0.5337 -0.3858
Y -0.4392  0.0297 -0.8979
Z  0.4906  0.8452 -0.2121

PART 17
OFFSET  16.2876  5.3258 -2.4959
X -0.2618 -0.0740 -0.9623
Y -0.8009  0.5730  0.1739
Z  0.5385  0.8162 -0.2093

PART 18
OFFSET  16.0555  5.2603 -3.3491
X -0.8563  0.4223 -0.2973
Y -0.1741  0.3060  0.9360
Z  0.4862  0.8533 -0.1885

PART 19
OFFSET  15.2420  5.6614 -3.6316
X  0.6939 -0.6385 -0.3329
Y  0.4811  0.0671  0.8741
Z -0.5358 -0.7667  0.3537

PART 20
OFFSET  12.8976  5.8962 -2.7460
X  0.8358 -0.3544  0.4193
Y  0.4916  0.1430 -0.8590
Z  0.2444  0.9241  0.2937

PART 21
OFFSET  15.0546  5.0248 -1.5856
X  0.6311 -0.3139 -0.7094
Y -0.6531  0.2786 -0.7042
Z  0.4187  0.9077 -0.0292

PART 22
OFFSET  16.1289  4.4903 -2.7933
X -0.5807  0.2483 -0.7753
Y -0.6846  0.3663  0.6301
Z  0.4405  0.8967 -0.0427

PART 23
OFFSET  15.3241  4.8345 -3.8678
X -0.8291  0.4271  0.3608
Y  0.3392 -0.1287  0.9319
Z  0.4444  0.8950 -0.0381

PART 24
OFFSET  14.4249  5.2977 -3.4765
X  0.5074 -0.2323 -0.8298
Y  0.7337 -0.3886  0.5574
Z -0.4520 -0.8916 -0.0267

PART 25
OFFSET  13.5413  3.1374 -3.2376
X  0.9019 -0.4097  0.1371
Y -0.2765 -0.3035  0.9118
Z -0.3320 -0.8602 -0.3870

PART 26
OFFSET  14.1056  3.1895 -1.8738
X  0.6934 -0.1556 -0.7035
Y -0.6067  0.4006 -0.6866
Z  0.3886  0.9030  0.1834

PART 27
OFFSET  15.3265  2.9155 -3.1125
X -0.4416  0.4318 -0.7865
Y -0.7715  0.2647  0.5785
Z  0.4580  0.8623  0.2163

PART 28
OFFSET  14.7619  3.3881 -4.0817
X -0.8942  0.3579  0.2688
Y  0.1789 -0.2646  0.9476
Z  0.4103  0.8955  0.1726

PART 29
OFFSET  13.7518  3.7924 -3.7781
X  0.2450  0.3742 -0.8944
Y  0.8435 -0.5371  0.0063
Z -0.4780 -0.7560 -0.4472

PART 30
OFFSET  14.6707  4.1150 -1.6629
X  0.6243 -0.2574 -0.7375
Y -0.6137  0.4225 -0.6670
Z  0.4833  0.8690  0.1058

PART 31
OFFSET  15.8904  3.6122 -3.1037
X -0.6090  0.4076 -0.6804
Y -0.6536  0.2282  0.7216
Z  0.4495  0.8842  0.1274

PART 32
OFFSET  15.0009  4.2076 -4.0976
X -0.8525  0.3316  0.4041
Y  0.2964 -0.3301  0.8962
Z  0.4306  0.8838  0.1831

PART 33
OFFSET  14.0382  4.5897 -3.6392
X  0.4368 -0.0999 -0.8940
Y  0.8055 -0.3989  0.4382
Z -0.4004 -0.9115 -0.0937

PART 34
OFFSET  14.8418  5.1144 -3.4304
X  0.2251  0.9468  0.2302
Y -0.4843 -0.0963  0.8696
Z  0.8455 -0.3072  0.4368

PART 35
OFFSET  13.2815 -3.7793 -3.4698
X  0.5905 -0.8024  0.0867
Y -0.1690 -0.0179  0.9855
Z -0.7892 -0.5965 -0.1461

PART 36
OFFSET  13.2815 -3.7793 -3.4698
X  0.5905 -0.8024  0.0867
Y -0.1690 -0.0179  0.9855
Z -0.7892 -0.5965 -0.1461

PART 37
OFFSET  15.6428 -6.9882 -3.1231
X  0.5905 -0.8024  0.0867
Y -0.1690 -0.0179  0.9855
Z -0.7892 -0.5965 -0.1461

PART 38
OFFSET  13.3805 -7.3940 -3.5184
X  0.5905 -0.8024  0.0867
Y -0.1690 -0.0179  0.9855
Z -0.7892 -0.5965 -0.1461

PART 39
OFFSET  16.0174 -5.8532 -3.0383
X  0.5905 -0.8024  0.0867
Y -0.1690 -0.0179  0.9855
Z -0.7892 -0.5965 -0.1461

PART 40
OFFSET  16.1004 -5.7596 -3.0010
X  0.5905 -0.8024  0.0867
Y -0.1690 -0.0179  0.9855
Z -0.7892 -0.5965 -0.1461

PART 41
OFFSET  12.4985 -3.8622  1.0973
X  0.5905 -0.8024  0.0867
Y -0.1690 -0.0179  0.9855
Z -0.7892 -0.5965 -0.1461

PART 42
OFFSET  14.8119  4.6659 -3.0721
X  0.6003  0.7997  0.0129
Y -0.0336  0.0413 -0.9986
Z -0.7991  0.5990  0.0517

PART 43
OFFSET  19.7593  9.8121 -3.0242
X  0.7991 -0.5990 -0.0517
Y -0.0336  0.0413 -0.9986
Z  0.6003  0.7997  0.0129

PART 44
OFFSET -6.0573 -7.9373 -2.8236
X -0.8110  0.4497  0.3743
Y -0.2405 -0.8394  0.4874
Z  0.5333  0.3052  0.7889

PART 45
OFFSET  3.7507 -13.3755 -7.3501
X -0.6811 -0.6268 -0.3785
Y  0.7293 -0.5349 -0.4266
Z  0.0649 -0.5666  0.8214

PART 46
OFFSET  9.5437 -8.0444 -4.1309
X -0.6811 -0.6268 -0.3785
Y  0.4640 -0.7693  0.4391
Z -0.5664  0.1235  0.8148

PART 47
OFFSET  9.7609 -5.5517 -4.8426
X -0.6856 -0.6220 -0.3782
Y -0.0735  0.5760 -0.8141
Z  0.7243 -0.5304 -0.4406

PART 48
OFFSET  9.2804 -5.3610 -3.2801
X -0.6856 -0.6220 -0.3782
Y -0.0735  0.5760 -0.8141
Z  0.7243 -0.5304 -0.4406

PART 49
OFFSET  9.8219 -6.4920 -2.1249
X -0.6856 -0.6220 -0.3782
Y -0.0735  0.5760 -0.8141
Z  0.7243 -0.5304 -0.4406

PART 50
OFFSET  11.6317 -6.1228 -2.9706
X -0.4110 -0.8779 -0.2457
Y  0.6842 -0.4752  0.5532
Z -0.6024  0.0592  0.7960

PART 51
OFFSET  11.4036 -5.2937 -3.7207
X -0.1464 -0.8644  0.4810
Y  0.9106  0.0722  0.4069
Z -0.3864  0.4976  0.7766

PART 52
OFFSET  11.6502 -3.4633 -4.8426
X -0.5789 -0.8113 -0.0821
Y  0.5423 -0.4582  0.7042
Z -0.6089  0.3631  0.7052

PART 53
OFFSET  12.6852 -2.2216 -4.7470
X -0.8664 -0.1721 -0.4688
Y -0.0746 -0.8836  0.4623
Z -0.4938  0.4355  0.7527

PART 54
OFFSET  13.6460 -2.0404 -4.2824
X -0.3377 -0.5889 -0.7343
Y  0.8977  0.0330 -0.4394
Z  0.2830 -0.8076  0.5175

PART 55
OFFSET  12.8339 -5.9007 -2.3312
X -0.7871 -0.6063 -0.1135
Y -0.3580  0.2992  0.8845
Z -0.5023  0.7368 -0.4525

PART 56
OFFSET  14.5731 -4.4679 -2.2505
X -0.3423 -0.3194  0.8837
Y  0.7267  0.5062  0.4644
Z -0.5956  0.8011  0.0588

PART 57
OFFSET  15.0577 -4.0157 -3.5015
X  0.6193  0.4270  0.6588
Y  0.4690  0.4718 -0.7467
Z -0.6297  0.7714  0.0919

PART 58
OFFSET  14.5086 -4.3944 -4.0856
X  0.7850  0.5839  0.2069
Y  0.1439  0.1529 -0.9777
Z -0.6025  0.7973  0.0360

PART 59
OFFSET  13.7628 -4.9492 -4.2821
X -0.6036 -0.6579  0.4504
Y -0.4726 -0.1596 -0.8667
Z  0.6420 -0.7360 -0.2146

PART 60
OFFSET  12.3854 -5.3836 -2.5336
X -0.6161 -0.7455 -0.2542
Y -0.5560  0.1830  0.8108
Z -0.5579  0.6409 -0.5272

PART 61
OFFSET  14.0550 -3.5399 -1.7776
X -0.4324 -0.3069  0.8479
Y  0.6163  0.5857  0.5263
Z -0.6581  0.7502 -0.0641

PART 62
OFFSET  14.7912 -3.0174 -3.2210
X  0.5121  0.4947  0.7021
Y  0.5893  0.3924 -0.7062
Z -0.6249  0.7754 -0.0906

PART 63
OFFSET  14.0815 -3.7030 -4.1941
X  0.7601  0.6441  0.0860
Y  0.2045 -0.1115 -0.9725
Z -0.6168  0.7568 -0.2164

PART 64
OFFSET  13.2571 -4.4015 -4.2875
X -0.7699 -0.4268  0.4744
Y -0.2418 -0.4929 -0.8358
Z  0.5905 -0.7582  0.2763

PART 65
OFFSET  9.0196 -9.3430 -4.0345
X -0.6865 -0.7176 -0.1169
Y  0.4833 -0.3303 -0.8108
Z  0.5432 -0.6131  0.5736

PART 66
OFFSET  12.4932 -2.3217 -2.1345
X -0.5282 -0.4268  0.7340
Y  0.2355  0.7569  0.6096
Z -0.8158  0.4949 -0.2993

PART 67
OFFSET  13.4232 -1.5702 -3.4269
X  0.1895  0.7812  0.5948
Y  0.5326  0.4271 -0.7307
Z -0.8249  0.4553 -0.3351

PART 68
OFFSET  13.1427 -2.4923 -4.1703
X  0.5272  0.8478  0.0567
Y  0.2900 -0.1169 -0.9498
Z -0.7987  0.5172 -0.3075

PART 69
OFFSET  12.5472 -3.4499 -4.2343
X -0.6581 -0.0250  0.7525
Y -0.3046 -0.9052 -0.2964
Z  0.6886 -0.4243  0.5881

PART 70
OFFSET  13.2997 -2.9414 -1.7034
X -0.4915 -0.3891  0.7791
Y  0.3572  0.7258  0.5879
Z -0.7942  0.5672 -0.2178

PART 71
OFFSET  14.2599 -2.1813 -3.2254
X  0.3497  0.6526  0.6722
Y  0.6148  0.3815 -0.6902
Z -0.7069  0.6547 -0.2678

PART 72
OFFSET  13.7492 -3.1345 -4.2072
X  0.6550  0.7535 -0.0565
Y  0.2410 -0.2793 -0.9295
Z -0.7161  0.5952 -0.3645

PART 73
OFFSET  13.0125 -3.9923 -4.1412
X -0.6104 -0.4374  0.6603
Y -0.2899 -0.6524 -0.7002
Z  0.7371 -0.6189  0.2714

PART 74
OFFSET  0.0000 -0.0000 -0.0000
X  1.0000 -0.0000  0.0000
Y  0.0000  1.0000  0.0000
Z  0.0000 -0.0000  1.0000

PART 75
OFFSET -0.0000 -0.0000 -0.0000
X  0.9988 -0.0000 -0.0486
Y -0.0019  0.9993 -0.0385
Z  0.0485  0.0385  0.9981

PART 76
OFFSET  1.7394  0.1593  4.0530
X  0.9988 -0.0000 -0.0486
Y -0.0019  0.9993 -0.0385
Z  0.0485  0.0385  0.9981


FRAME 1004
PART 0
OFFSET -4.6318 -0.0000 -1.3770
X  1.0000 -0.0000  0.0000
Y  0.0000  1.0000  0.0000
Z  0.0000 -0.0000  1.0000

PART 1
OFFSET -4.6318 -0.0000 -1.3770
X  1.0000 -0.0000  0.0000
Y  0.0000  1.0000  0.0000
Z  0.0000 -0.0000  1.0000

PART 2
OFFSET -6.2831  7.9373 -3.1869
X  0.8151  0.3490 -0.4625
Y  0.2304 -0.9276 -0.2939
Z -0.5316  0.1330 -0.8365

PART 3
OFFSET  3.5741  12.1581 -8.7799
X  0.7175 -0.5114  0.4730
Y -0.6928 -0.4530  0.5611
Z -0.0727 -0.7303 -0.6793

PART 4
OFFSET  9.6765  7.8085 -4.7568
X  0.7175 -0.5114  0.4730
Y -0.3944 -0.8579 -0.3293
Z  0.5742  0.0497 -0.8172

PART 5
OFFSET  11.4755  8.2275 -4.0796
X  0.7218 -0.5067  0.4715
Y  0.0806  0.7382  0.6698
Z -0.6874 -0.4454  0.5736

PART 6
OFFSET  11.2208  7.3253 -5.4777
X  0.7218 -0.5067  0.4715
Y  0.0806  0.7382  0.6698
Z -0.6874 -0.4454  0.5736

PART 7
OFFSET  10.0848  6.7282 -2.4813
X  0.7218 -0.5067  0.4715
Y  0.0806  0.7382  0.6698
Z -0.6874 -0.4454  0.5736

PART 8
OFFSET  9.6764  5.5998 -3.2902
X  0.7218 -0.5067  0.4715
Y  0.0806  0.7382  0.6698
Z -0.6874 -0.4454  0.5736

PART 9
OFFSET  9.8208  4.9153 -5.0528
X  0.7218 -0.5067  0.4715
Y  0.0806  0.7382  0.6698
Z -0.6874 -0.4454  0.5736

PART 10
OFFSET  11.8760  6.2408 -3.3067
