// Export filename: `C:\projects\cod\t5\xanim_export\t5_viewmodels\ballistic_knife\b_knife_idle_loop.XANIM_EXPORT`
// Source filename: `D:\projects\devanim\t5\animation_assets\viewmodels/ballistic_knife/ViewModel_ballistic_knife_animated2.fbx`
// Export time: Mon Sep 06 23:55:07 2010

ANIMATION
VERSION 3

NUMPARTS 78
PART 0 "tag_ads"
PART 1 "tag_torso"
PART 2 "J_Shoulder_LE"
PART 3 "J_Elbow_LE"
PART 4 "J_WristTwist_LE"
PART 5 "J_Sleave_Reshape_Bottom_LE_1"
PART 6 "J_Sleave_Reshape_Bottom_LE_2"
PART 7 "J_Sleave_Reshape_Top_LE_1"
PART 8 "J_Sleave_Reshape_Top_LE_2"
PART 9 "J_Sleave_Reshape_Top_LE_3"
PART 10 "J_Wrist_LE"
PART 11 "J_Thumb_LE_0"
PART 12 "J_Thumb_LE_1"
PART 13 "J_Thumb_LE_2"
PART 14 "J_Thumb_LE_3"
PART 15 "J_PinkyPalm_LE"
PART 16 "J_Pinky_LE_0"
PART 17 "J_Pinky_LE_1"
PART 18 "J_Pinky_LE_2"
PART 19 "J_Pinky_LE_3"
PART 20 "J_RingPalm_LE"
PART 21 "J_Ring_LE_0"
PART 22 "J_Ring_LE_1"
PART 23 "J_Ring_LE_2"
PART 24 "J_Ring_LE_3"
PART 25 "J_Webbing_LE"
PART 26 "J_Index_LE_0"
PART 27 "J_Index_LE_1"
PART 28 "J_Index_LE_2"
PART 29 "J_Index_LE_3"
PART 30 "J_Mid_LE_0"
PART 31 "J_Mid_LE_1"
PART 32 "J_Mid_LE_2"
PART 33 "J_Mid_LE_3"
PART 34 "tag_knife_attach"
PART 35 "tag_weapon"
PART 36 "J_Gun"
PART 37 "tag_blade"
PART 38 "TAG_BOLT"
PART 39 "tag_pin"
PART 40 "tag_ring"
PART 41 "tag_origin"
PART 42 "origin_animate_jnt"
PART 43 "TAG_KNIFE_FX"
PART 44 "tag_clip"
PART 45 "J_Shoulder_RI"
PART 46 "J_Elbow_RI"
PART 47 "J_WristTwist_RI"
PART 48 "J_Sleave_Reshape_Top_RI_3"
PART 49 "J_Sleave_Reshape_Top_RI_2"
PART 50 "J_Sleave_Reshape_Top_RI_1"
PART 51 "J_Wrist_RI"
PART 52 "J_Thumb_RI_0"
PART 53 "J_Thumb_RI_1"
PART 54 "J_Thumb_RI_2"
PART 55 "J_Thumb_RI_3"
PART 56 "J_PinkyPalm_RI"
PART 57 "J_Pinky_RI_0"
PART 58 "J_Pinky_RI_1"
PART 59 "J_Pinky_RI_2"
PART 60 "J_Pinky_RI_3"
PART 61 "J_RingPalm_RI"
PART 62 "J_Ring_RI_0"
PART 63 "J_Ring_RI_1"
PART 64 "J_Ring_RI_2"
PART 65 "J_Ring_RI_3"
PART 66 "J_Webbing_RI"
PART 67 "J_Index_RI_0"
PART 68 "J_Index_RI_1"
PART 69 "J_Index_RI_2"
PART 70 "J_Index_RI_3"
PART 71 "J_Mid_RI_0"
PART 72 "J_Mid_RI_1"
PART 73 "J_Mid_RI_2"
PART 74 "J_Mid_RI_3"
PART 75 "tag_cambone"
PART 76 "tag_camera"
PART 77 "tag_gasmask"

FRAMERATE 30
NUMFRAMES 301

FRAME 1600
PART 0
OFFSET  0.0000 -0.0000 -0.0000
X  1.0000 -0.0000  0.0000
Y  0.0000  1.0000  0.0000
Z  0.0000 -0.0000  1.0000

PART 1
OFFSET -4.6318 -0.0000 -1.3770
X  1.0000 -0.0000  0.0000
Y  0.0000  1.0000  0.0000
Z  0.0000 -0.0000  1.0000

PART 2
OFFSET -6.2831  7.9373 -3.1869
X  0.8234  0.3425 -0.4524
Y  0.2348 -0.9315 -0.2780
Z -0.5166  0.1227 -0.8474

PART 3
OFFSET  3.6748  12.0800 -8.6586
X  0.7098 -0.5050  0.4911
Y -0.7018 -0.4462  0.5554
Z -0.0614 -0.7388 -0.6711

PART 4
OFFSET  9.7116  7.7846 -4.4814
X  0.7098 -0.5050  0.4911
Y -0.3956 -0.8626 -0.3153
Z  0.5829  0.0295 -0.8120

PART 5
OFFSET  11.4992  8.2129 -3.7801
X  0.7141 -0.5003  0.4896
Y  0.0694  0.7466  0.6616
Z -0.6966 -0.4385  0.5679

PART 6
OFFSET  11.2677  7.2930 -5.1708
X  0.7141 -0.5003  0.4896
Y  0.0694  0.7466  0.6616
Z -0.6966 -0.4385  0.5679

PART 7
OFFSET  10.0829  6.7332 -2.1861
X  0.7141 -0.5003  0.4896
Y  0.0694  0.7466  0.6616
Z -0.6966 -0.4385  0.5679

PART 8
OFFSET  9.6881  5.5946 -2.9872
X  0.7141 -0.5003  0.4896
Y  0.0694  0.7466  0.6616
Z -0.6966 -0.4385  0.5679

PART 9
OFFSET  9.8616  4.8879 -4.7384
X  0.7141 -0.5003  0.4896
Y  0.0694  0.7466  0.6616
Z -0.6966 -0.4385  0.5679

PART 10
OFFSET  11.8875  6.2363 -2.9758
X  0.7094 -0.6221  0.3314
Y -0.5154 -0.7785 -0.3580
Z  0.4807  0.0832 -0.8729

PART 11
OFFSET  11.9065  5.2393 -3.5307
X  0.4934 -0.8481 -0.1933
Y -0.8291 -0.3913 -0.3994
Z  0.2631  0.3573 -0.8962

PART 12
OFFSET  12.9031  3.3901 -4.0375
X  0.7793 -0.5685  0.2636
Y -0.3632 -0.7526 -0.5492
Z  0.5106  0.3323 -0.7930

PART 13
OFFSET  14.2401  2.5545 -3.6680
X  0.9033  0.0522  0.4258
Y  0.1958 -0.9334 -0.3008
Z  0.3818  0.3551 -0.8533

PART 14
OFFSET  15.2377  2.6114 -3.2517
X  0.4619 -0.3819  0.8005
Y -0.8702 -0.0205  0.4923
Z -0.1716 -0.9240 -0.3418

PART 15
OFFSET  13.1368  6.5604 -2.4884
X  0.9070 -0.1574  0.3907
Y  0.4116  0.1337 -0.9015
Z  0.0897  0.9784  0.1861

PART 16
OFFSET  15.2120  6.0806 -1.7483
X  0.7486 -0.5417 -0.3823
Y -0.4432  0.0199 -0.8962
Z  0.4931  0.8404 -0.2251

PART 17
OFFSET  16.2720  5.3137 -2.2895
X -0.2665 -0.0852 -0.9601
Y -0.7978  0.5784  0.1701
Z  0.5408  0.8113 -0.2221

PART 18
OFFSET  16.0357  5.2381 -3.1407
X -0.8560  0.4219 -0.2989
Y -0.1686  0.3187  0.9328
Z  0.4888  0.8488 -0.2016

PART 19
OFFSET  15.2225  5.6390 -3.4246
X  0.6898 -0.6455 -0.3278
Y  0.4853  0.0763  0.8710
Z -0.5372 -0.7599  0.3659

PART 20
OFFSET  12.8832  5.8946 -2.5316
X  0.8363 -0.3524  0.4200
Y  0.4882  0.1300 -0.8630
Z  0.2495  0.9268  0.2808

PART 21
OFFSET  15.0419  5.0293 -1.3698
X  0.6265 -0.3255 -0.7081
Y -0.6551  0.2722 -0.7048
Z  0.4222  0.9055 -0.0427

PART 22
OFFSET  16.1086  4.4750 -2.5754
X -0.5832  0.2408 -0.7758
Y -0.6803  0.3772  0.6285
Z  0.4439  0.8943 -0.0562

PART 23
OFFSET  15.3002  4.8087 -3.6506
X -0.8257  0.4350  0.3590
Y  0.3429 -0.1182  0.9319
Z  0.4478  0.8926 -0.0516

PART 24
OFFSET  14.4047  5.2805 -3.2612
X  0.5027 -0.2450 -0.8290
Y  0.7346 -0.3844  0.5591
Z -0.4557 -0.8901 -0.0132

PART 25
OFFSET  13.5136  3.1272 -2.9906
X  0.9008 -0.4116  0.1383
Y -0.2736 -0.2907  0.9169
Z -0.3372 -0.8638 -0.3745

PART 26
OFFSET  14.0843  3.1944 -1.6302
X  0.6896 -0.1674 -0.7046
Y -0.6082  0.3942 -0.6890
Z  0.3931  0.9036  0.1700

PART 27
OFFSET  15.2984  2.8996 -2.8707
X -0.4434  0.4235 -0.7899
Y -0.7678  0.2752  0.5786
Z  0.4624  0.8631  0.2031

PART 28
OFFSET  14.7312  3.3620 -3.8434
X -0.8915  0.3650  0.2682
Y  0.1822 -0.2532  0.9501
Z  0.4147  0.8959  0.1592

PART 29
OFFSET  13.7242  3.7743 -3.5404
X  0.2424  0.3617 -0.9002
Y  0.8414 -0.5404  0.0094
Z -0.4831 -0.7597 -0.4353

PART 30
OFFSET  14.6540  4.1202 -1.4337
X  0.6199 -0.2694 -0.7370
Y -0.6150  0.4165 -0.6696
Z  0.4873  0.8683  0.0925

PART 31
OFFSET  15.8651  3.5940 -2.8734
X -0.6104  0.4014 -0.6829
Y -0.6493  0.2401  0.7216
Z  0.4536  0.8839  0.1140

PART 32
OFFSET  14.9735  4.1803 -3.8708
X -0.8493  0.3402  0.4037
Y  0.2992 -0.3198  0.8990
Z  0.4350  0.8843  0.1698

PART 33
OFFSET  14.0145  4.5721 -3.4131
X  0.4323 -0.1132 -0.8946
Y  0.8059 -0.3965  0.4396
Z -0.4045 -0.9110 -0.0802

PART 34
OFFSET  14.8211  5.0962 -3.2147
X  0.2299  0.9487  0.2170
Y -0.4807 -0.0832  0.8729
Z  0.8462 -0.3050  0.4369

PART 35
OFFSET  13.4483 -3.7816 -3.7782
X  0.5915 -0.8021  0.0819
Y -0.2130 -0.0575  0.9754
Z -0.7777 -0.5944 -0.2049

PART 36
OFFSET  13.4483 -3.7816 -3.7782
X  0.5915 -0.8021  0.0819
Y -0.2130 -0.0575  0.9754
Z -0.7777 -0.5944 -0.2049

PART 37
OFFSET  15.8138 -6.9893 -3.4507
X  0.5915 -0.8021  0.0819
Y -0.2130 -0.0575  0.9754
Z -0.7777 -0.5944 -0.2049

PART 38
OFFSET  13.5744 -7.3910 -3.9634
X  0.5915 -0.8021  0.0819
Y -0.2130 -0.0575  0.9754
Z -0.7777 -0.5944 -0.2049

PART 39
OFFSET  16.1763 -5.8566 -3.3047
X  0.5915 -0.8021  0.0819
Y -0.2130 -0.0575  0.9754
Z -0.7777 -0.5944 -0.2049

PART 40
OFFSET  16.2569 -5.7641 -3.2600
X  0.5915 -0.8021  0.0819
Y -0.2130 -0.0575  0.9754
Z -0.7777 -0.5944 -0.2049

PART 41
OFFSET  14.7910  4.6524 -2.8504
X  0.6035  0.7973 -0.0001
Y -0.0380  0.0287 -0.9989
Z -0.7964  0.6028  0.0476

PART 42
OFFSET  14.7910  4.6524 -2.8504
X  0.6035  0.7973 -0.0001
Y -0.0380  0.0287 -0.9989
Z -0.7964  0.6028  0.0476

PART 43
OFFSET  19.7592  9.7786 -2.8909
X  0.7964 -0.6028 -0.0476
Y -0.0380  0.0287 -0.9989
Z  0.6035  0.7973 -0.0001

PART 44
OFFSET  15.8138 -6.9893 -3.4507
X  0.5915 -0.8021  0.0819
Y -0.2130 -0.0575  0.9754
Z -0.7777 -0.5944 -0.2049

PART 45
OFFSET -6.0573 -7.9373 -2.8236
X -0.8071  0.4529  0.3788
Y -0.2258 -0.8296  0.5107
Z  0.5456  0.3266  0.7718

PART 46
OFFSET  3.7033 -13.4149 -7.4049
X -0.6992 -0.6277 -0.3421
Y  0.7100 -0.5536 -0.4352
Z  0.0838 -0.5472  0.8328

PART 47
OFFSET  9.6504 -8.0758 -4.4949
X -0.6992 -0.6277 -0.3421
Y  0.4653 -0.7629  0.4488
Z -0.5428  0.1546  0.8255

PART 48
OFFSET  9.8733 -5.6039 -5.2740
X -0.7037 -0.6229 -0.3418
Y -0.0920  0.5569 -0.8255
Z  0.7045 -0.5494 -0.4492

PART 49
OFFSET  9.4430 -5.3698 -3.7027
X -0.7037 -0.6229 -0.3418
Y -0.0920  0.5569 -0.8255
Z  0.7045 -0.5494 -0.4492

PART 50
OFFSET  10.0068 -6.4785 -2.5370
X -0.7037 -0.6229 -0.3418
Y -0.0920  0.5569 -0.8255
Z  0.7045 -0.5494 -0.4492

PART 51
OFFSET  11.7939 -6.1513 -3.4461
X -0.3934 -0.8697 -0.2982
Y  0.6619 -0.4930  0.5646
Z -0.6380  0.0248  0.7696

PART 52
OFFSET  11.5941 -5.2945 -4.1728
X -0.1619 -0.8834  0.4398
Y  0.8909  0.0608  0.4502
Z -0.4244  0.4647  0.7771

PART 53
OFFSET  11.8783 -3.4202 -5.2100
X -0.5690 -0.8104 -0.1398
Y  0.5132 -0.4828  0.7096
Z -0.6426  0.3320  0.6906

PART 54
OFFSET  12.8993 -2.1779 -5.0193
X -0.8432 -0.1580 -0.5139
Y -0.0892 -0.9015  0.4236
Z -0.5302  0.4030  0.7460

PART 55
OFFSET  13.8369 -2.0102 -4.5049
X -0.3003 -0.5613 -0.7712
Y  0.9163  0.0549 -0.3967
Z  0.2650 -0.8258  0.4978

PART 56
OFFSET  12.9646 -5.9484 -2.7447
X -0.7770 -0.6054 -0.1726
Y -0.3995  0.2623  0.8784
Z -0.4865  0.7515 -0.4457

PART 57
OFFSET  14.6885 -4.5109 -2.5295
X -0.3795 -0.3556  0.8541
Y  0.7016  0.4913  0.5162
Z -0.6032  0.7951  0.0631

PART 58
OFFSET  15.2257 -4.0074 -3.7387
X  0.5861  0.4040  0.7023
Y  0.4988  0.5032 -0.7057
Z -0.6385  0.7639  0.0934

PART 59
OFFSET  14.7061 -4.3656 -4.3614
X  0.7708  0.5794  0.2648
Y  0.1867  0.1919 -0.9635
Z -0.6090  0.7921  0.0398

PART 60
OFFSET  13.9738 -4.9160 -4.6130
X -0.6187 -0.6782  0.3965
Y -0.4320 -0.1278 -0.8927
Z  0.6561 -0.7237 -0.2139

PART 61
OFFSET  12.5221 -5.4260 -2.9469
X -0.5989 -0.7381 -0.3108
Y -0.5932  0.1481  0.7913
Z -0.5381  0.6583 -0.5265

PART 62
OFFSET  14.1432 -3.6049 -2.0446
X -0.4680 -0.3422  0.8148
Y  0.5880  0.5677  0.5762
Z -0.6598  0.7487 -0.0645

PART 63
OFFSET  14.9399 -3.0222 -3.4318
X  0.4765  0.4694  0.7434
Y  0.6178  0.4229 -0.6630
Z -0.6255  0.7752 -0.0885

PART 64
OFFSET  14.2795 -3.6727 -4.4621
X  0.7510  0.6441  0.1454
Y  0.2488 -0.0721 -0.9659
Z -0.6116  0.7615 -0.2144

PART 65
OFFSET  13.4650 -4.3712 -4.6198
X -0.7875 -0.4491  0.4220
Y -0.2005 -0.4609 -0.8645
Z  0.5827 -0.7655  0.2729

PART 66
OFFSET  9.2548 -9.3406 -4.7520
X -0.6756 -0.7160 -0.1757
Y  0.5215 -0.2956 -0.8004
Z  0.5211 -0.6324  0.5732

PART 67
OFFSET  12.5906 -2.3816 -2.4241
X -0.5578 -0.4581  0.6921
Y  0.2026  0.7335  0.6488
Z -0.8049  0.5021 -0.3163

PART 68
OFFSET  13.5726 -1.5751 -3.6427
X  0.1572  0.7582  0.6328
Y  0.5620  0.4582 -0.6886
Z -0.8121  0.4638 -0.3541

PART 69
OFFSET  13.3322 -2.4687 -4.4334
X  0.5183  0.8477  0.1135
Y  0.3333 -0.0779 -0.9396
Z -0.7876  0.5248 -0.3229

PART 70
OFFSET  12.7469 -3.4261 -4.5617
X -0.6911 -0.0580  0.7204
Y -0.2847 -0.8944 -0.3450
Z  0.6643 -0.4435  0.6016

PART 71
OFFSET  13.3812 -3.0137 -1.9814
X -0.5234 -0.4220  0.7403
Y  0.3253  0.7040  0.6313
Z -0.7876  0.5712 -0.2312

PART 72
OFFSET  14.4036 -2.1893 -3.4275
X  0.3146  0.6274  0.7123
Y  0.6426  0.4115 -0.6463
Z -0.6986  0.6610 -0.2738

PART 73
OFFSET  13.9442 -3.1058 -4.4680
X  0.6517  0.7585  0.0026
Y  0.2845 -0.2412 -0.9278
Z -0.7031  0.6054 -0.3730

PART 74
OFFSET  13.2113 -3.9693 -4.4689
X -0.6365 -0.4662  0.6144
Y -0.2536 -0.6258 -0.7376
Z  0.7284 -0.6253  0.2801

PART 75
OFFSET  0.0000 -0.0000 -0.0000
X  1.0000 -0.0000  0.0000
Y  0.0000  1.0000  0.0000
Z  0.0000 -0.0000  1.0000

PART 76
OFFSET  0.0000 -0.0000 -0.0000
X  1.0000 -0.0000  0.0000
Y  0.0000  1.0000  0.0000
Z  0.0000 -0.0000  1.0000

PART 77
OFFSET  1.5404 -0.0000  4.1357
X  1.0000 -0.0000  0.0000
Y  0.0000  1.0000  0.0000
Z  0.0000 -0.0000  1.0000


FRAME 1601
PART 0
OFFSET  0.0000 -0.0000 -0.0000
X  1.0000 -0.0000  0.0000
Y  0.0000  1.0000  0.0000
Z  0.0000 -0.0000  1.0000

PART 1
OFFSET -4.6318 -0.0000 -1.3770
X  1.0000 -0.0000  0.0000
Y  0.0000  1.0000  0.0000
Z  0.0000 -0.0000  1.0000

PART 2
OFFSET -6.2831  7.9373 -3.1869
X  0.8236  0.3423 -0.4522
Y  0.2346 -0.9315 -0.2779
Z -0.5164  0.1228 -0.8475

PART 3
OFFSET  3.6773  12.0775 -8.6560
X  0.7096 -0.5052  0.4913
Y -0.7020 -0.4460  0.5553
Z -0.0614 -0.7388 -0.6711

PART 4
OFFSET  9.7124  7.7809 -4.4776
X  0.7096 -0.5052  0.4913
Y -0.3958 -0.8625 -0.3153
Z  0.5830  0.0293 -0.8119

PART 5
OFFSET  11.5000  8.2089 -3.7760
X  0.7139 -0.5005  0.4898
Y  0.0694  0.7466  0.6616
Z -0.6968 -0.4383  0.5678

PART 6
OFFSET  11.2686  7.2890 -5.1667
X  0.7139 -0.5005  0.4898
Y  0.0694  0.7466  0.6616
Z -0.6968 -0.4383  0.5678

PART 7
OFFSET  10.0831  6.7295 -2.1823
X  0.7139 -0.5005  0.4898
Y  0.0694  0.7466  0.6616
Z -0.6968 -0.4383  0.5678

PART 8
OFFSET  9.6882  5.5909 -2.9834
X  0.7139 -0.5005  0.4898
Y  0.0694  0.7466  0.6616
Z -0.6968 -0.4383  0.5678

PART 9
OFFSET  9.8619  4.8841 -4.7346
X  0.7139 -0.5005  0.4898
Y  0.0694  0.7466  0.6616
Z -0.6968 -0.4383  0.5678

PART 10
OFFSET  11.8877  6.2322 -2.9716
X  0.7096 -0.6221  0.3308
Y -0.5156 -0.7784 -0.3580
Z  0.4803  0.0835 -0.8731

PART 11
OFFSET  11.9065  5.2354 -3.5268
X  0.4933 -0.8480 -0.1938
Y -0.8293 -0.3912 -0.3991
Z  0.2626  0.3576 -0.8962

PART 12
OFFSET  12.9029  3.3864 -4.0347
X  0.7795 -0.5685  0.2630
Y -0.3635 -0.7525 -0.5492
Z  0.5102  0.3325 -0.7932

PART 13
OFFSET  14.2400  2.5507 -3.6661
X  0.9035  0.0521  0.4254
Y  0.1956 -0.9333 -0.3012
Z  0.3813  0.3553 -0.8534

PART 14
OFFSET  15.2379  2.6074 -3.2503
X  0.4623 -0.3821  0.8002
Y -0.8699 -0.0207  0.4927
Z -0.1717 -0.9239 -0.3420

PART 15
OFFSET  13.1373  6.5562 -2.4848
X  0.9072 -0.1575  0.3902
Y  0.4111  0.1340 -0.9017
Z  0.0898  0.9784  0.1863

PART 16
OFFSET  15.2129  6.0761 -1.7458
X  0.7485 -0.5415 -0.3828
Y -0.4436  0.0202 -0.8960
Z  0.4929  0.8404 -0.2251

PART 17
OFFSET  16.2726  5.3094 -2.2878
X -0.2670 -0.0849 -0.9600
Y -0.7977  0.5784  0.1707
Z  0.5407  0.8114 -0.2222

PART 18
OFFSET  16.0359  5.2341 -3.1389
X -0.8561  0.4220 -0.2983
Y -0.1681  0.3184  0.9329
Z  0.4887  0.8489 -0.2016

PART 19
OFFSET  15.2225  5.6350 -3.4223
X  0.6897 -0.6454 -0.3283
Y  0.4857  0.0761  0.8708
Z -0.5370 -0.7601  0.3659

PART 20
OFFSET  12.8837  5.8903 -2.5280
X  0.8365 -0.3525  0.4195
Y  0.4878  0.1303 -0.8632
Z  0.2496  0.9267  0.2809

PART 21
OFFSET  15.0429  5.0247 -1.3675
X  0.6262 -0.3253 -0.7086
Y -0.6555  0.2724 -0.7044
Z  0.4221  0.9055 -0.0427

PART 22
OFFSET  16.1090  4.4709 -2.5738
X -0.5836  0.2410 -0.7754
Y -0.6800  0.3770  0.6289
Z  0.4439  0.8943 -0.0561

PART 23
OFFSET  15.3002  4.8049 -3.6485
X -0.8256  0.4349  0.3596
Y  0.3434 -0.1185  0.9317
Z  0.4478  0.8926 -0.0515

PART 24
OFFSET  14.4048  5.2766 -3.2586
X  0.5023 -0.2448 -0.8293
Y  0.7349 -0.3846  0.5586
Z -0.4557 -0.8901 -0.0133

PART 25
OFFSET  13.5138  3.1231 -2.9882
X  0.9009 -0.4116  0.1377
Y -0.2731 -0.2910  0.9169
Z -0.3373 -0.8637 -0.3746

PART 26
OFFSET  14.0852  3.1899 -1.6280
X  0.6892 -0.1672 -0.7050
Y -0.6086  0.3944 -0.6885
Z  0.3932  0.9036  0.1701

PART 27
OFFSET  15.2987  2.8955 -2.8692
X -0.4438  0.4237 -0.7896
Y -0.7675  0.2750  0.5790
Z  0.4625  0.8630  0.2032

PART 28
OFFSET  14.7311  3.3582 -3.8415
X -0.8914  0.3649  0.2688
Y  0.1827 -0.2534  0.9499
Z  0.4148  0.8959  0.1593

PART 29
OFFSET  13.7242  3.7704 -3.5379
X  0.2420  0.3620 -0.9002
Y  0.8414 -0.5404  0.0088
Z -0.4833 -0.7596 -0.4353

PART 30
OFFSET  14.6551  4.1157 -1.4315
X  0.6196 -0.2691 -0.7374
Y -0.6154  0.4166 -0.6691
Z  0.4873  0.8683  0.0925

PART 31
OFFSET  15.8654  3.5899 -2.8720
X -0.6108  0.4016 -0.6824
Y -0.6490  0.2399  0.7220
Z  0.4536  0.8839  0.1141

PART 32
OFFSET  14.9733  4.1765 -3.8688
X -0.8491  0.3401  0.4042
Y  0.2996 -0.3201  0.8988
Z  0.4351  0.8842  0.1699

PART 33
OFFSET  14.0145  4.5682 -3.4104
X  0.4319 -0.1129 -0.8948
Y  0.8061 -0.3967  0.4391
Z -0.4045 -0.9110 -0.0803

PART 34
OFFSET  14.8212  5.0922 -3.2123
X  0.2300  0.9486  0.2172
Y -0.4803 -0.0835  0.8731
Z  0.8464 -0.3052  0.4364

PART 35
OFFSET  13.4493 -3.7799 -3.7816
X  0.5913 -0.8023  0.0822
Y -0.2136 -0.0575  0.9752
Z -0.7777 -0.5942 -0.2054

PART 36
OFFSET  13.4493 -3.7799 -3.7816
X  0.5913 -0.8023  0.0822
Y -0.2136 -0.0575  0.9752
Z -0.7777 -0.5942 -0.2054

PART 37
OFFSET  15.8138 -6.9882 -3.4530
X  0.5913 -0.8023  0.0822
Y -0.2136 -0.0575  0.9752
Z -0.7777 -0.5942 -0.2054

PART 38
OFFSET  13.5747 -7.3893 -3.9670
X  0.5913 -0.8023  0.0822
Y -0.2136 -0.0575  0.9752
Z -0.7777 -0.5942 -0.2054

PART 39
OFFSET  16.1766 -5.8556 -3.3067
X  0.5913 -0.8023  0.0822
Y -0.2136 -0.0575  0.9752
Z -0.7777 -0.5942 -0.2054

PART 40
OFFSET  16.2572 -5.7631 -3.2620
X  0.5913 -0.8023  0.0822
Y -0.2136 -0.0575  0.9752
Z -0.7777 -0.5942 -0.2054

PART 41
OFFSET  14.7914  4.6483 -2.8482
X  0.6035  0.7973 -0.0001
Y -0.0385  0.0290 -0.9988
Z -0.7964  0.6028  0.0482

PART 42
OFFSET  14.7914  4.6483 -2.8482
X  0.6035  0.7973 -0.0001
Y -0.0385  0.0290 -0.9988
Z -0.7964  0.6028  0.0482

PART 43
OFFSET  19.7595  9.7746 -2.8896
X  0.7964 -0.6028 -0.0482
Y -0.0385  0.0290 -0.9988
Z  0.6035  0.7973 -0.0001

PART 44
OFFSET  15.8139 -6.9882 -3.4530
X  0.5913 -0.8023  0.0822
Y -0.2136 -0.0575  0.9752
Z -0.7777 -0.5942 -0.2054

PART 45
OFFSET -6.0573 -7.9373 -2.8236
X -0.8071  0.4529  0.3788
Y -0.2256 -0.8294  0.5110
Z  0.5457  0.3269  0.7716

PART 46
OFFSET  3.7032 -13.4148 -7.4052
X -0.6992 -0.6279 -0.3418
Y  0.7099 -0.5537 -0.4352
Z  0.0840 -0.5470  0.8329

PART 47
OFFSET  9.6506 -8.0743 -4.4984
X -0.6992 -0.6279 -0.3418
Y  0.4652 -0.7627  0.4494
Z -0.5428  0.1552  0.8254

PART 48
OFFSET  9.8731 -5.6026 -5.2782
X -0.7037 -0.6231 -0.3414
Y -0.0922  0.5566 -0.8256
Z  0.7045 -0.5495 -0.4492

PART 49
OFFSET  9.4431 -5.3680 -3.7069
X -0.7037 -0.6231 -0.3414
Y -0.0922  0.5566 -0.8256
Z  0.7045 -0.5495 -0.4492

PART 50
OFFSET  10.0074 -6.4763 -2.5410
X -0.7037 -0.6231 -0.3414
Y -0.0922  0.5566 -0.8256
Z  0.7045 -0.5495 -0.4492

PART 51
OFFSET  11.7942 -6.1493 -3.4506
X -0.3935 -0.8695 -0.2985
Y  0.6615 -0.4932  0.5649
Z -0.6385  0.0248  0.7693

PART 52
OFFSET  11.5950 -5.2924 -4.1774
X -0.1624 -0.8834  0.4396
Y  0.8906  0.0606  0.4507
Z -0.4248  0.4647  0.7769

PART 53
OFFSET  11.8802 -3.4180 -5.2143
X -0.5691 -0.8102 -0.1403
Y  0.5127 -0.4830  0.7099
Z -0.6429  0.3321  0.6902

PART 54
OFFSET  12.9015 -2.1760 -5.0228
X -0.8429 -0.1578 -0.5144
Y -0.0897 -0.9015  0.4234
Z -0.5305  0.4030  0.7458

PART 55
OFFSET  13.8388 -2.0085 -4.5079
X -0.3000 -0.5611 -0.7715
Y  0.9165  0.0547 -0.3962
Z  0.2645 -0.8259  0.4979

PART 56
OFFSET  12.9645 -5.9467 -2.7486
X -0.7770 -0.6052 -0.1731
Y -0.4000  0.2623  0.8782
Z -0.4860  0.7516 -0.4459

PART 57
OFFSET  14.6886 -4.5096 -2.5322
X -0.3800 -0.3556  0.8539
Y  0.7014  0.4910  0.5167
Z -0.6030  0.7952  0.0628

PART 58
OFFSET  15.2267 -4.0061 -3.7411
X  0.5858  0.4038  0.7027
Y  0.4994  0.5031 -0.7054
Z -0.6384  0.7641  0.0931

PART 59
OFFSET  14.7073 -4.3641 -4.3641
X  0.7708  0.5792  0.2653
Y  0.1873  0.1920 -0.9634
Z -0.6089  0.7923  0.0395

PART 60
OFFSET  13.9750 -4.9144 -4.6162
X -0.6191 -0.6781  0.3961
Y -0.4316 -0.1276 -0.8930
Z  0.6561 -0.7238 -0.2136

PART 61
OFFSET  12.5223 -5.4242 -2.9510
X -0.5989 -0.7379 -0.3112
Y -0.5936  0.1481  0.7910
Z -0.5376  0.6584 -0.5267

PART 62
OFFSET  14.1433 -3.6035 -2.0476
X -0.4685 -0.3422  0.8145
Y  0.5878  0.5675  0.5766
Z -0.6596  0.7489 -0.0648

PART 63
OFFSET  14.9409 -3.0209 -3.4343
X  0.4762  0.4692  0.7437
Y  0.6182  0.4228 -0.6626
Z -0.6253  0.7753 -0.0887

PART 64
OFFSET  14.2810 -3.6711 -4.4650
X  0.7511  0.6439  0.1459
Y  0.2494 -0.0720 -0.9657
Z -0.6113  0.7617 -0.2147

PART 65
OFFSET  13.4664 -4.3695 -4.6232
X -0.7879 -0.4489  0.4215
Y -0.2001 -0.4607 -0.8647
Z  0.5824 -0.7656  0.2732

PART 66
OFFSET  9.2551 -9.3378 -4.7583
X -0.6757 -0.7158 -0.1762
Y  0.5219 -0.2957 -0.8001
Z  0.5206 -0.6326  0.5734

PART 67
OFFSET  12.5912 -2.3799 -2.4278
X -0.5583 -0.4580  0.6918
Y  0.2024  0.7334  0.6489
Z -0.8046  0.5023 -0.3167

PART 68
OFFSET  13.5741 -1.5735 -3.6457
X  0.1570  0.7581  0.6329
Y  0.5625  0.4582 -0.6883
Z -0.8118  0.4641 -0.3545

PART 69
OFFSET  13.3340 -2.4669 -4.4367
X  0.5184  0.8475  0.1139
Y  0.3338 -0.0779 -0.9394
Z -0.7873  0.5250 -0.3233

PART 70
OFFSET  12.7484 -3.4242 -4.5654
X -0.6916 -0.0579  0.7200
Y -0.2847 -0.8943 -0.3453
Z  0.6639 -0.4438  0.6020

PART 71
OFFSET  13.3814 -3.0122 -1.9847
X -0.5239 -0.4219  0.7399
Y  0.3251  0.7039  0.6316
Z -0.7873  0.5715 -0.2316

PART 72
OFFSET  14.4049 -2.1879 -3.4302
X  0.3143  0.6273  0.7125
Y  0.6431  0.4114 -0.6459
Z -0.6983  0.6612 -0.2741

PART 73
OFFSET  13.9458 -3.1042 -4.4710
X  0.6519  0.7583  0.0031
Y  0.2850 -0.2412 -0.9277
Z -0.7028  0.6056 -0.3734

PART 74
OFFSET  13.2127 -3.9675 -4.4724
X -0.6369 -0.4661  0.6140
Y -0.2533 -0.6257 -0.7378
Z  0.7281 -0.6255  0.2805

PART 75
OFFSET  0.0000 -0.0000 -0.0000
X  1.0000 -0.0000  0.0000
Y  0.0000  1.0000  0.0000
Z  0.0000 -0.0000  1.0000

PART 76
OFFSET  0.0000 -0.0000 -0.0000
X  1.0000 -0.0000  0.0000
Y  0.0000  1.0000  0.0000
Z  0.0000 -0.0000  1.0000

PART 77
OFFSET  1.5404 -0.0000  4.1357
X  1.0000 -0.0000  0.0000
Y  0.0000  1.0000  0.0000
Z  0.0000 -0.0000  1.0000


FRAME 1602
PART 0
OFFSET  0.0000 -0.0000 -0.0000
X  1.0000 -0.0000  0.0000
Y  0.0000  1.0000  0.0000
Z  0.0000 -0.0000  1.0000

PART 1
OFFSET -4.6318 -0.0000 -1.3770
X  1.0000 -0.0000  0.0000
Y  0.0000  1.0000  0.0000
Z  0.0000 -0.0000  1.0000

PART 2
OFFSET -6.2831  7.9373 -3.1869
X  0.8239  0.3421 -0.4520
Y  0.2344 -0.9316 -0.2778
Z -0.5161  0.1229 -0.8477

PART 3
OFFSET  3.6805  12.0742 -8.6527
X  0.7093 -0.5053  0.4914
Y -0.7022 -0.4459  0.5551
Z -0.0614 -0.7388 -0.6711

PART 4
OFFSET  9.7135  7.7763 -4.4728
X  0.7093 -0.5053  0.4914
Y -0.3960 -0.8624 -0.3153
Z  0.5832  0.0290 -0.8118

PART 5
OFFSET  11.5010  8.2039 -3.7707
X  0.7137 -0.5006  0.4900
Y  0.0695  0.7466  0.6616
Z -0.6970 -0.4382  0.5676

PART 6
OFFSET  11.2697  7.2841 -5.1614
X  0.7137 -0.5006  0.4900
Y  0.0695  0.7466  0.6616
Z -0.6970 -0.4382  0.5676

PART 7
OFFSET  10.0834  6.7249 -2.1773
X  0.7137 -0.5006  0.4900
Y  0.0695  0.7466  0.6616
Z -0.6970 -0.4382  0.5676

PART 8
OFFSET  9.6885  5.5863 -2.9785
X  0.7137 -0.5006  0.4900
Y  0.0695  0.7466  0.6616
Z -0.6970 -0.4382  0.5676

PART 9
OFFSET  9.8624  4.8795 -4.7296
X  0.7137 -0.5006  0.4900
Y  0.0695  0.7466  0.6616
Z -0.6970 -0.4382  0.5676

PART 10
OFFSET  11.8881  6.2272 -2.9661
X  0.7098 -0.6223  0.3301
Y -0.5159 -0.7783 -0.3579
Z  0.4796  0.0838 -0.8735

PART 11
OFFSET  11.9065  5.2306 -3.5217
X  0.4932 -0.8479 -0.1945
Y -0.8296 -0.3911 -0.3986
Z  0.2620  0.3580 -0.8962

PART 12
OFFSET  12.9025  3.3818 -4.0311
X  0.7797 -0.5686  0.2622
Y -0.3639 -0.7523 -0.5493
Z  0.5096  0.3328 -0.7934

PART 13
OFFSET  14.2400  2.5459 -3.6638
X  0.9038  0.0520  0.4248
Y  0.1954 -0.9332 -0.3017
Z  0.3807  0.3557 -0.8536

PART 14
OFFSET  15.2381  2.6025 -3.2487
X  0.4629 -0.3824  0.7997
Y -0.8696 -0.0209  0.4934
Z -0.1720 -0.9238 -0.3422

PART 15
OFFSET  13.1381  6.5509 -2.4801
X  0.9074 -0.1577  0.3895
Y  0.4104  0.1344 -0.9019
Z  0.0899  0.9783  0.1867

PART 16
OFFSET  15.2142  6.0706 -1.7429
X  0.7482 -0.5414 -0.3836
Y -0.4443  0.0206 -0.8956
Z  0.4928  0.8405 -0.2251

PART 17
OFFSET  16.2735  5.3042 -2.2859
X -0.2677 -0.0845 -0.9598
Y -0.7976  0.5783  0.1715
Z  0.5405  0.8114 -0.2222

PART 18
OFFSET  16.0361  5.2292 -3.1369
X -0.8563  0.4221 -0.2975
Y -0.1675  0.3180  0.9332
Z  0.4885  0.8489 -0.2016

PART 19
OFFSET  15.2226  5.6302 -3.4195
X  0.6895 -0.6452 -0.3291
Y  0.4864  0.0757  0.8705
Z -0.5367 -0.7602  0.3660

PART 20
OFFSET  12.8844  5.8851 -2.5234
X  0.8368 -0.3526  0.4188
Y  0.4872  0.1306 -0.8635
Z  0.2498  0.9266  0.2811

PART 21
OFFSET  15.0445  5.0191 -1.3649
X  0.6257 -0.3250 -0.7091
Y -0.6560  0.2726 -0.7038
Z  0.4221  0.9055 -0.0426

PART 22
OFFSET  16.1097  4.4657 -2.5722
X -0.5842  0.2413 -0.7749
Y -0.6795  0.3767  0.6296
Z  0.4438  0.8944 -0.0561

PART 23
OFFSET  15.3001  4.8001 -3.6462
X -0.8253  0.4348  0.3603
Y  0.3441 -0.1188  0.9314
Z  0.4478  0.8927 -0.0515

PART 24
OFFSET  14.4050  5.2717 -3.2554
X  0.5017 -0.2444 -0.8298
Y  0.7353 -0.3848  0.5579
Z -0.4556 -0.8901 -0.0133

PART 25
OFFSET  13.5143  3.1181 -2.9852
X  0.9010 -0.4117  0.1369
Y -0.2724 -0.2914  0.9170
Z -0.3376 -0.8635 -0.3747

PART 26
OFFSET  14.0866  3.1843 -1.6254
X  0.6887 -0.1669 -0.7055
Y -0.6091  0.3947 -0.6879
Z  0.3933  0.9035  0.1702

PART 27
OFFSET  15.2992  2.8905 -2.8676
X -0.4444  0.4240 -0.7891
Y -0.7671  0.2748  0.5797
Z  0.4626  0.8630  0.2032

PART 28
OFFSET  14.7309  3.3536 -3.8393
X -0.8912  0.3648  0.2696
Y  0.1834 -0.2538  0.9497
Z  0.4149  0.8958  0.1593

PART 29
OFFSET  13.7242  3.7656 -3.5348
X  0.2413  0.3624 -0.9003
Y  0.8414 -0.5404  0.0080
Z -0.4836 -0.7594 -0.4353

PART 30
OFFSET  14.6566  4.1101 -1.4290
X  0.6190 -0.2688 -0.7379
Y -0.6159  0.4169 -0.6685
Z  0.4874  0.8683  0.0925

PART 31
OFFSET  15.8659  3.5849 -2.8706
X -0.6113  0.4018 -0.6818
Y -0.6485  0.2396  0.7226
Z  0.4537  0.8838  0.1141

PART 32
OFFSET  14.9730  4.1718 -3.8664
X -0.8488  0.3399  0.4050
Y  0.3003 -0.3204  0.8984
Z  0.4352  0.8842  0.1699

PART 33
OFFSET  14.0146  4.5633 -3.4072
X  0.4312 -0.1125 -0.8952
Y  0.8065 -0.3968  0.4383
Z -0.4046 -0.9110 -0.0804

PART 34
OFFSET  14.8214  5.0873 -3.2095
X  0.2302  0.9486  0.2174
Y -0.4796 -0.0838  0.8735
Z  0.8467 -0.3053  0.4357

PART 35
OFFSET  13.4507 -3.7777 -3.7856
X  0.5910 -0.8025  0.0825
Y -0.2143 -0.0576  0.9751
Z -0.7777 -0.5939 -0.2060

PART 36
OFFSET  13.4507 -3.7777 -3.7856
X  0.5910 -0.8025  0.0825
Y -0.2143 -0.0576  0.9751
Z -0.7777 -0.5939 -0.2060

PART 37
OFFSET  15.8140 -6.9868 -3.4556
X  0.5910 -0.8025  0.0825
Y -0.2143 -0.0576  0.9751
Z -0.7777 -0.5939 -0.2060

PART 38
OFFSET  13.5751 -7.3871 -3.9713
X  0.5910 -0.8025  0.0825
Y -0.2143 -0.0576  0.9751
Z -0.7777 -0.5939 -0.2060

PART 39
OFFSET  16.1770 -5.8543 -3.3089
X  0.5910 -0.8025  0.0825
Y -0.2143 -0.0576  0.9751
Z -0.7777 -0.5939 -0.2060

PART 40
OFFSET  16.2576 -5.7619 -3.2641
X  0.5910 -0.8025  0.0825
Y -0.2143 -0.0576  0.9751
Z -0.7777 -0.5939 -0.2060

PART 41
OFFSET  14.7918  4.6433 -2.8455
X  0.6035  0.7974 -0.0003
Y -0.0392  0.0293 -0.9988
Z -0.7964  0.6028  0.0490

PART 42
OFFSET  14.7918  4.6433 -2.8455
X  0.6035  0.7974 -0.0003
Y -0.0392  0.0293 -0.9988
Z -0.7964  0.6028  0.0490

PART 43
OFFSET  19.7598  9.7696 -2.8885
X  0.7964 -0.6028 -0.0490
Y -0.0392  0.0293 -0.9988
Z  0.6035  0.7974 -0.0003

PART 44
OFFSET  15.8140 -6.9868 -3.4556
X  0.5910 -0.8025  0.0825
Y -0.2143 -0.0576  0.9751
Z -0.7777 -0.5939 -0.2060

PART 45
OFFSET -6.0573 -7.9373 -2.8236
X -0.8071  0.4529  0.3789
Y -0.2253 -0.8293  0.5114
Z  0.5458  0.3273  0.7714

PART 46
OFFSET  3.7032 -13.4145 -7.4055
X -0.6993 -0.6281 -0.3413
Y  0.7099 -0.5538 -0.4352
Z  0.0843 -0.5466  0.8331

PART 47
OFFSET  9.6509 -8.0722 -4.5025
X -0.6993 -0.6281 -0.3413
Y  0.4651 -0.7623  0.4500
Z -0.5429  0.1559  0.8252

PART 48
OFFSET  9.8728 -5.6007 -5.2833
X -0.7037 -0.6233 -0.3410
Y -0.0926  0.5563 -0.8258
Z  0.7044 -0.5496 -0.4492

PART 49
OFFSET  9.4434 -5.3656 -3.7120
X -0.7037 -0.6233 -0.3410
Y -0.0926  0.5563 -0.8258
Z  0.7044 -0.5496 -0.4492

PART 50
OFFSET  10.0081 -6.4735 -2.5458
X -0.7037 -0.6233 -0.3410
Y -0.0926  0.5563 -0.8258
Z  0.7044 -0.5496 -0.4492

PART 51
OFFSET  11.7946 -6.1466 -3.4561
X -0.3935 -0.8694 -0.2989
Y  0.6609 -0.4935  0.5654
Z -0.6390  0.0250  0.7688

PART 52
OFFSET  11.5962 -5.2895 -4.1829
X -0.1630 -0.8834  0.4394
Y  0.8903  0.0602  0.4514
Z -0.4252  0.4648  0.7767

PART 53
OFFSET  11.8828 -3.4151 -5.2194
X -0.5692 -0.8100 -0.1408
Y  0.5120 -0.4832  0.7102
Z -0.6433  0.3322  0.6898

PART 54
OFFSET  12.9043 -2.1735 -5.0271
X -0.8426 -0.1574 -0.5150
Y -0.0903 -0.9015  0.4233
Z -0.5309  0.4031  0.7454

PART 55
OFFSET  13.8413 -2.0063 -4.5114
X -0.2996 -0.5609 -0.7718
Y  0.9169  0.0545 -0.3955
Z  0.2639 -0.8261  0.4980

PART 56
OFFSET  12.9644 -5.9444 -2.7531
X -0.7771 -0.6049 -0.1738
Y -0.4005  0.2624  0.8779
Z -0.4855  0.7518 -0.4462

PART 57
OFFSET  14.6889 -4.5079 -2.5354
X -0.3808 -0.3556  0.8536
Y  0.7011  0.4908  0.5172
Z -0.6028  0.7954  0.0624

PART 58
OFFSET  15.2280 -4.0045 -3.7438
X  0.5854  0.4035  0.7032
Y  0.5000  0.5030 -0.7049
Z -0.6382  0.7643  0.0927

PART 59
OFFSET  14.7089 -4.3623 -4.3673
X  0.7708  0.5789  0.2659
Y  0.1881  0.1920 -0.9632
Z -0.6087  0.7925  0.0391

PART 60
OFFSET  13.9766 -4.9122 -4.6199
X -0.6196 -0.6779  0.3956
Y -0.4309 -0.1274 -0.8933
Z  0.6560 -0.7240 -0.2132

PART 61
OFFSET  12.5225 -5.4217 -2.9558
X -0.5989 -0.7377 -0.3117
Y -0.5941  0.1482  0.7906
Z -0.5370  0.6587 -0.5271

PART 62
OFFSET  14.1434 -3.6017 -2.0511
X -0.4692 -0.3422  0.8141
Y  0.5875  0.5673  0.5771
Z -0.6593  0.7491 -0.0652

PART 63
OFFSET  14.9423 -3.0192 -3.4371
X  0.4758  0.4690  0.7441
Y  0.6189  0.4227 -0.6621
Z -0.6250  0.7755 -0.0891

PART 64
OFFSET  14.2829 -3.6691 -4.4683
X  0.7512  0.6436  0.1465
Y  0.2501 -0.0720 -0.9655
Z -0.6109  0.7619 -0.2151

PART 65
OFFSET  13.4682 -4.3671 -4.6273
X -0.7883 -0.4487  0.4209
Y -0.1996 -0.4606 -0.8649
Z  0.5819 -0.7659  0.2735

PART 66
OFFSET  9.2554 -9.3342 -4.7660
X -0.6758 -0.7156 -0.1768
Y  0.5224 -0.2958 -0.7997
Z  0.5200 -0.6328  0.5737

PART 67
OFFSET  12.5920 -2.3775 -2.4323
X -0.5589 -0.4579  0.6913
Y  0.2022  0.7333  0.6492
Z -0.8042  0.5026 -0.3173

PART 68
OFFSET  13.5761 -1.5713 -3.6494
X  0.1568  0.7580  0.6331
Y  0.5631  0.4581 -0.6878
Z -0.8114  0.4644 -0.3550

PART 69
OFFSET  13.3363 -2.4646 -4.4407
X  0.5186  0.8473  0.1144
Y  0.3345 -0.0779 -0.9392
Z -0.7869  0.5253 -0.3239

PART 70
OFFSET  12.7505 -3.4216 -4.5699
X -0.6921 -0.0577  0.7195
Y -0.2847 -0.8942 -0.3456
Z  0.6633 -0.4440  0.6024

PART 71
OFFSET  13.3817 -3.0101 -1.9887
X -0.5246 -0.4218  0.7395
Y  0.3249  0.7037  0.6319
Z -0.7869  0.5717 -0.2321

PART 72
OFFSET  14.4065 -2.1860 -3.4333
X  0.3140  0.6271  0.7128
Y  0.6437  0.4113 -0.6454
Z -0.6979  0.6615 -0.2745

PART 73
OFFSET  13.9479 -3.1020 -4.4745
X  0.6521  0.7581  0.0036
Y  0.2856 -0.2412 -0.9275
Z -0.7023  0.6059 -0.3738

PART 74
OFFSET  13.2145 -3.9651 -4.4766
X -0.6375 -0.4660  0.6135
Y -0.2530 -0.6256 -0.7380
Z  0.7277 -0.6257  0.2809

PART 75
OFFSET  0.0000 -0.0000 -0.0000
X  1.0000 -0.0000  0.0000
Y  0.0000  1.0000  0.0000
Z  0.0000 -0.0000  1.0000

PART 76
OFFSET  0.0000 -0.0000 -0.0000
X  1.0000 -0.0000  0.0000
Y  0.0000  1.0000  0.0000
Z  0.0000 -0.0000  1.0000

PART 77
OFFSET  1.5404 -0.0000  4.1357
X  1.0000 -0.0000  0.0000
Y  0.0000  1.0000  0.0000
Z  0.0000 -0.0000  1.0000


FRAME 1603
PART 0
OFFSET  0.0000 -0.0000 -0.0000
X  1.0000 -0.0000  0.0000
Y  0.0000  1.0000  0.0000
Z  0.0000 -0.0000  1.0000

PART 1
OFFSET -4.6318 -0.0000 -1.3770
X  1.0000 -0.0000  0.0000
Y  0.0000  1.0000  0.0000
Z  0.0000 -0.0000  1.0000

PART 2
OFFSET -6.2831  7.9373 -3.1869
X  0.8242  0.3417 -0.4516
Y  0.2342 -0.9317 -0.2777
Z -0.5157  0.1231 -0.8479

PART 3
OFFSET  3.6842  12.0704 -8.6489
X  0.7090 -0.5055  0.4917
Y -0.7025 -0.4456  0.5549
Z -0.0614 -0.7388 -0.6711

PART 4
OFFSET  9.7149  7.7709 -4.4670
X  0.7090 -0.5055  0.4917
Y -0.3962 -0.8624 -0.3152
Z  0.5833  0.0287 -0.8117

PART 5
OFFSET  11.5023  8.1981 -3.7644
X  0.7134 -0.5008  0.4902
Y  0.0695  0.7466  0.6616
Z -0.6973 -0.4380  0.5674

PART 6
OFFSET  11.2711  7.2783 -5.1552
X  0.7134 -0.5008  0.4902
Y  0.0695  0.7466  0.6616
Z -0.6973 -0.4380  0.5674

PART 7
OFFSET  10.0838  6.7195 -2.1714
X  0.7134 -0.5008  0.4902
Y  0.0695  0.7466  0.6616
Z -0.6973 -0.4380  0.5674

PART 8
OFFSET  9.6888  5.5810 -2.9727
X  0.7134 -0.5008  0.4902
Y  0.0695  0.7466  0.6616
Z -0.6973 -0.4380  0.5674

PART 9
OFFSET  9.8630  4.8741 -4.7237
X  0.7134 -0.5008  0.4902
Y  0.0695  0.7466  0.6616
Z -0.6973 -0.4380  0.5674

PART 10
OFFSET  11.8886  6.2213 -2.9597
X  0.7101 -0.6224  0.3291
Y -0.5162 -0.7781 -0.3578
Z  0.4788  0.0842 -0.8739

PART 11
OFFSET  11.9065  5.2249 -3.5158
X  0.4930 -0.8478 -0.1954
Y -0.8299 -0.3909 -0.3981
Z  0.2611  0.3584 -0.8963

PART 12
OFFSET  12.9021  3.3764 -4.0269
X  0.7799 -0.5687  0.2613
Y -0.3644 -0.7520 -0.5493
Z  0.5089  0.3332 -0.7937

PART 13
OFFSET  14.2399  2.5404 -3.6613
X  0.9042  0.0518  0.4240
Y  0.1952 -0.9330 -0.3023
Z  0.3799  0.3561 -0.8537

PART 14
OFFSET  15.2384  2.5968 -3.2470
X  0.4636 -0.3828  0.7991
Y -0.8691 -0.0212  0.4941
Z -0.1722 -0.9236 -0.3425

PART 15
OFFSET  13.1390  6.5448 -2.4746
X  0.9078 -0.1578  0.3886
Y  0.4096  0.1348 -0.9022
Z  0.0900  0.9782  0.1870

PART 16
OFFSET  15.2158  6.0642 -1.7395
X  0.7479 -0.5412 -0.3845
Y -0.4451  0.0210 -0.8952
Z  0.4925  0.8406 -0.2252

PART 17
OFFSET  16.2746  5.2980 -2.2839
X -0.2686 -0.0841 -0.9596
Y -0.7975  0.5782  0.1725
Z  0.5403  0.8116 -0.2223

PART 18
OFFSET  16.0365  5.2235 -3.1347
X -0.8566  0.4222 -0.2965
Y -0.1666  0.3176  0.9335
Z  0.4883  0.8490 -0.2017

PART 19
OFFSET  15.2226  5.6246 -3.4164
X  0.6892 -0.6451 -0.3300
Y  0.4872  0.0753  0.8701
Z -0.5364 -0.7604  0.3662

PART 20
OFFSET  12.8853  5.8790 -2.5180
X  0.8372 -0.3528  0.4178
Y  0.4864  0.1310 -0.8639
Z  0.2500  0.9265  0.2813

PART 21
OFFSET  15.0465  5.0125 -1.3619
X  0.6250 -0.3247 -0.7099
Y -0.6567  0.2730 -0.7031
Z  0.4220  0.9056 -0.0426

PART 22
OFFSET  16.1106  4.4597 -2.5704
X -0.5849  0.2416 -0.7743
Y -0.6789  0.3764  0.6304
Z  0.4437  0.8944 -0.0561

PART 23
OFFSET  15.3000  4.7946 -3.6435
X -0.8250  0.4346  0.3613
Y  0.3449 -0.1193  0.9310
Z  0.4477  0.8927 -0.0515

PART 24
OFFSET  14.4052  5.2659 -3.2516
X  0.5009 -0.2440 -0.8304
Y  0.7358 -0.3850  0.5570
Z -0.4556 -0.8901 -0.0133

PART 25
OFFSET  13.5148  3.1122 -2.9817
X  0.9011 -0.4117  0.1359
Y -0.2716 -0.2918  0.9171
Z -0.3379 -0.8633 -0.3748

PART 26
OFFSET  14.0884  3.1778 -1.6224
X  0.6881 -0.1666 -0.7062
Y -0.6097  0.3950 -0.6872
Z  0.3934  0.9035  0.1702

PART 27
OFFSET  15.2999  2.8846 -2.8658
X -0.4452  0.4244 -0.7885
Y -0.7666  0.2745  0.5805
Z  0.4628  0.8629  0.2032

PART 28
OFFSET  14.7306  3.3481 -3.8367
X -0.8910  0.3646  0.2705
Y  0.1842 -0.2543  0.9494
Z  0.4150  0.8958  0.1594

PART 29
OFFSET  13.7242  3.7600 -3.5312
X  0.2405  0.3628 -0.9003
Y  0.8414 -0.5404  0.0070
Z -0.4840 -0.7592 -0.4352

PART 30
OFFSET  14.6585  4.1035 -1.4260
X  0.6184 -0.2685 -0.7386
Y -0.6165  0.4172 -0.6678
Z  0.4874  0.8683  0.0925

PART 31
OFFSET  15.8665  3.5790 -2.8690
X -0.6119  0.4021 -0.6811
Y -0.6478  0.2392  0.7233
Z  0.4538  0.8838  0.1141

PART 32
OFFSET  14.9727  4.1664 -3.8638
X -0.8484  0.3397  0.4059
Y  0.3011 -0.3208  0.8980
Z  0.4353  0.8841  0.1699

PART 33
OFFSET  14.0147  4.5577 -3.4035
X  0.4304 -0.1121 -0.8957
Y  0.8069 -0.3970  0.4374
Z -0.4046 -0.9109 -0.0804

PART 34
OFFSET  14.8217  5.0815 -3.2062
X  0.2304  0.9485  0.2176
Y -0.4788 -0.0842  0.8739
Z  0.8471 -0.3055  0.4347

PART 35
OFFSET  13.4524 -3.7749 -3.7901
X  0.5906 -0.8027  0.0830
Y -0.2152 -0.0576  0.9749
Z -0.7778 -0.5936 -0.2067

PART 36
OFFSET  13.4524 -3.7749 -3.7901
X  0.5906 -0.8027  0.0830
Y -0.2152 -0.0576  0.9749
Z -0.7778 -0.5936 -0.2067

PART 37
OFFSET  15.8141 -6.9850 -3.4584
X  0.5906 -0.8027  0.0830
Y -0.2152 -0.0576  0.9749
Z -0.7778 -0.5936 -0.2067

PART 38
OFFSET  13.5755 -7.3844 -3.9762
X  0.5906 -0.8027  0.0830
Y -0.2152 -0.0576  0.9749
Z -0.7778 -0.5936 -0.2067

PART 39
OFFSET  16.1774 -5.8527 -3.3113
X  0.5906 -0.8027  0.0830
Y -0.2152 -0.0576  0.9749
Z -0.7778 -0.5936 -0.2067

PART 40
OFFSET  16.2580 -5.7603 -3.2664
X  0.5906 -0.8027  0.0830
Y -0.2152 -0.0576  0.9749
Z -0.7778 -0.5936 -0.2067

PART 41
OFFSET  14.7925  4.6374 -2.8424
X  0.6035  0.7974 -0.0004
Y -0.0401  0.0298 -0.9987
Z -0.7964  0.6028  0.0500

PART 42
OFFSET  14.7925  4.6374 -2.8424
X  0.6035  0.7974 -0.0004
Y -0.0401  0.0298 -0.9987
Z -0.7964  0.6028  0.0500

PART 43
OFFSET  19.7603  9.7639 -2.8876
X  0.7964 -0.6028 -0.0500
Y -0.0401  0.0298 -0.9987
Z  0.6035  0.7974 -0.0004

PART 44
OFFSET  15.8141 -6.9850 -3.4584
X  0.5906 -0.8027  0.0830
Y -0.2152 -0.0576  0.9749
Z -0.7778 -0.5936 -0.2067

PART 45
OFFSET -6.0573 -7.9373 -2.8236
X -0.8071  0.4528  0.3789
Y -0.2250 -0.8291  0.5118
Z  0.5459  0.3278  0.7711

PART 46
OFFSET  3.7033 -13.4140 -7.4058
X -0.6993 -0.6284 -0.3408
Y  0.7098 -0.5539 -0.4352
Z  0.0847 -0.5463  0.8333

PART 47
OFFSET  9.6512 -8.0696 -4.5072
X -0.6993 -0.6284 -0.3408
Y  0.4649 -0.7620  0.4508
Z -0.5430  0.1568  0.8250

PART 48
OFFSET  9.8726 -5.5985 -5.2892
X -0.7038 -0.6235 -0.3405
Y -0.0929  0.5559 -0.8260
Z  0.7043 -0.5497 -0.4492

PART 49
OFFSET  9.4436 -5.3628 -3.7178
X -0.7038 -0.6235 -0.3405
Y -0.0929  0.5559 -0.8260
Z  0.7043 -0.5497 -0.4492

PART 50
OFFSET  10.0089 -6.4700 -2.5514
X -0.7038 -0.6235 -0.3405
Y -0.0929  0.5559 -0.8260
Z  0.7043 -0.5497 -0.4492

PART 51
OFFSET  11.7951 -6.1433 -3.4624
X -0.3936 -0.8692 -0.2993
Y  0.6602 -0.4938  0.5659
Z -0.6397  0.0251  0.7682

PART 52
OFFSET  11.5977 -5.2860 -4.1893
X -0.1637 -0.8834  0.4392
Y  0.8899  0.0598  0.4521
Z -0.4257  0.4649  0.7763

PART 53
OFFSET  11.8858 -3.4117 -5.2253
X -0.5694 -0.8098 -0.1413
Y  0.5112 -0.4835  0.7106
Z -0.6438  0.3324  0.6893

PART 54
OFFSET  12.9077 -2.1704 -5.0319
X -0.8422 -0.1570 -0.5158
Y -0.0910 -0.9015  0.4231
Z -0.5314  0.4033  0.7450

PART 55
OFFSET  13.8443 -2.0037 -4.5155
X -0.2991 -0.5607 -0.7721
Y  0.9172  0.0542 -0.3947
Z  0.2631 -0.8262  0.4981

PART 56
OFFSET  12.9644 -5.9416 -2.7584
X -0.7772 -0.6046 -0.1745
Y -0.4012  0.2624  0.8776
Z -0.4848  0.7521 -0.4465

PART 57
OFFSET  14.6892 -4.5058 -2.5390
X -0.3817 -0.3555  0.8532
Y  0.7009  0.4904  0.5179
Z -0.6026  0.7957  0.0620

PART 58
OFFSET  15.2295 -4.0024 -3.7469
X  0.5849  0.4032  0.7037
Y  0.5008  0.5029 -0.7044
Z -0.6380  0.7645  0.0922

PART 59
OFFSET  14.7109 -4.3600 -4.3708
X  0.7708  0.5786  0.2667
Y  0.1890  0.1921 -0.9630
Z -0.6084  0.7927  0.0387

PART 60
OFFSET  13.9786 -4.9096 -4.6242
X -0.6202 -0.6777  0.3950
Y -0.4302 -0.1272 -0.8937
Z  0.6559 -0.7242 -0.2127

PART 61
OFFSET  12.5228 -5.4187 -2.9614
X -0.5989 -0.7374 -0.3123
Y -0.5948  0.1484  0.7901
Z -0.5363  0.6589 -0.5275

PART 62
OFFSET  14.1437 -3.5994 -2.0550
X -0.4701 -0.3421  0.8137
Y  0.5872  0.5670  0.5776
Z -0.6589  0.7493 -0.0657

PART 63
OFFSET  14.9440 -3.0171 -3.4403
X  0.4753  0.4687  0.7446
Y  0.6196  0.4225 -0.6615
Z -0.6246  0.7758 -0.0896

PART 64
OFFSET  14.2852 -3.6666 -4.4722
X  0.7513  0.6433  0.1473
Y  0.2509 -0.0720 -0.9653
Z -0.6104  0.7622 -0.2155

PART 65
OFFSET  13.4704 -4.3644 -4.6319
X -0.7889 -0.4485  0.4202
Y -0.1991 -0.4604 -0.8651
Z  0.5814 -0.7661  0.2739

PART 66
OFFSET  9.2558 -9.3297 -4.7748
X -0.6759 -0.7153 -0.1774
Y  0.5230 -0.2959 -0.7993
Z  0.5193 -0.6331  0.5741

PART 67
OFFSET  12.5931 -2.3746 -2.4375
X -0.5597 -0.4578  0.6908
Y  0.2019  0.7331  0.6494
Z -0.8037  0.5029 -0.3179

PART 68
OFFSET  13.5785 -1.5686 -3.6537
X  0.1565  0.7579  0.6334
Y  0.5639  0.4579 -0.6873
Z -0.8109  0.4647 -0.3557

PART 69
OFFSET  13.3390 -2.4617 -4.4452
X  0.5188  0.8471  0.1149
Y  0.3353 -0.0780 -0.9389
Z -0.7864  0.5256 -0.3245

PART 70
OFFSET  12.7530 -3.4186 -4.5750
X -0.6928 -0.0575  0.7189
Y -0.2847 -0.8940 -0.3459
Z  0.6626 -0.4444  0.6029

PART 71
OFFSET  13.3821 -3.0076 -1.9932
X -0.5254 -0.4217  0.7390
Y  0.3246  0.7035  0.6322
Z -0.7865  0.5721 -0.2327

PART 72
OFFSET  14.4085 -2.1837 -3.4369
X  0.3136  0.6269  0.7132
Y  0.6444  0.4111 -0.6448
Z -0.6974  0.6618 -0.2751

PART 73
OFFSET  13.9505 -3.0994 -4.4786
X  0.6524  0.7579  0.0043
Y  0.2863 -0.2412 -0.9273
Z -0.7017  0.6062 -0.3744

PART 74
OFFSET  13.2167 -3.9622 -4.4814
X -0.6383 -0.4658  0.6129
Y -0.2526 -0.6254 -0.7383
Z  0.7272 -0.6260  0.2815

PART 75
OFFSET  0.0000 -0.0000 -0.0000
X  1.0000 -0.0000  0.0000
Y  0.0000  1.0000  0.0000
Z  0.0000 -0.0000  1.0000

PART 76
OFFSET  0.0000 -0.0000 -0.0000
X  1.0000 -0.0000  0.0000
Y  0.0000  1.0000  0.0000
Z  0.0000 -0.0000  1.0000

PART 77
OFFSET  1.5404 -0.0000  4.1357
X  1.0000 -0.0000  0.0000
Y  0.0000  1.0000  0.0000
Z  0.0000 -0.0000  1.0000


FRAME 1604
PART 0
OFFSET  0.0000 -0.0000 -0.0000
X  1.0000 -0.0000  0.0000
Y  0.0000  1.0000  0.0000
Z  0.0000 -0.0000  1.0000

PART 1
OFFSET -4.6318 -0.0000 -1.3770
X  1.0000 -0.0000  0.0000
Y  0.0000  1.0000  0.0000
Z  0.0000 -0.0000  1.0000

PART 2
OFFSET -6.2831  7.9373 -3.1869
X  0.8245  0.3414 -0.4513
Y  0.2339 -0.9318 -0.2775
Z -0.5152  0.1233 -0.8481

PART 3
OFFSET  3.6884  12.0660 -8.6445
X  0.7087 -0.5057  0.4919
Y -0.7028 -0.4454  0.5547
Z -0.0614 -0.7388 -0.6711

PART 4
OFFSET  9.7164  7.7649 -4.4604
X  0.7087 -0.5057  0.4919
Y -0.3965 -0.8623 -0.3151
Z  0.5835  0.0283 -0.8116

PART 5
OFFSET  11.5037  8.1915 -3.7573
X  0.7131 -0.5010  0.4904
Y  0.0695  0.7466  0.6616
Z -0.6976 -0.4377  0.5672

PART 6
