// Export filename: `C:\projects\cod\t5\xanim_export\t5_viewmodels\ballistic_knife\b_knife_sprint_out.XANIM_EXPORT`
// Source filename: `D:\projects\devanim\t5\animation_assets\viewmodels\ballistic_knife/ViewModel_ballistic_knife_animated2.fbx`
// Export time: Mon Sep 06 22:07:51 2010

ANIMATION
VERSION 3

NUMPARTS 78
PART 0 "tag_ads"
PART 1 "tag_torso"
PART 2 "J_Shoulder_LE"
PART 3 "J_Elbow_LE"
PART 4 "J_WristTwist_LE"
PART 5 "J_Sleave_Reshape_Bottom_LE_1"
PART 6 "J_Sleave_Reshape_Bottom_LE_2"
PART 7 "J_Sleave_Reshape_Top_LE_1"
PART 8 "J_Sleave_Reshape_Top_LE_2"
PART 9 "J_Sleave_Reshape_Top_LE_3"
PART 10 "J_Wrist_LE"
PART 11 "J_Thumb_LE_0"
PART 12 "J_Thumb_LE_1"
PART 13 "J_Thumb_LE_2"
PART 14 "J_Thumb_LE_3"
PART 15 "J_PinkyPalm_LE"
PART 16 "J_Pinky_LE_0"
PART 17 "J_Pinky_LE_1"
PART 18 "J_Pinky_LE_2"
PART 19 "J_Pinky_LE_3"
PART 20 "J_RingPalm_LE"
PART 21 "J_Ring_LE_0"
PART 22 "J_Ring_LE_1"
PART 23 "J_Ring_LE_2"
PART 24 "J_Ring_LE_3"
PART 25 "J_Webbing_LE"
PART 26 "J_Index_LE_0"
PART 27 "J_Index_LE_1"
PART 28 "J_Index_LE_2"
PART 29 "J_Index_LE_3"
PART 30 "J_Mid_LE_0"
PART 31 "J_Mid_LE_1"
PART 32 "J_Mid_LE_2"
PART 33 "J_Mid_LE_3"
PART 34 "tag_knife_attach"
PART 35 "tag_weapon"
PART 36 "J_Gun"
PART 37 "tag_blade"
PART 38 "TAG_BOLT"
PART 39 "tag_pin"
PART 40 "tag_ring"
PART 41 "tag_origin"
PART 42 "origin_animate_jnt"
PART 43 "TAG_KNIFE_FX"
PART 44 "tag_clip"
PART 45 "J_Shoulder_RI"
PART 46 "J_Elbow_RI"
PART 47 "J_WristTwist_RI"
PART 48 "J_Sleave_Reshape_Top_RI_3"
PART 49 "J_Sleave_Reshape_Top_RI_2"
PART 50 "J_Sleave_Reshape_Top_RI_1"
PART 51 "J_Wrist_RI"
PART 52 "J_Thumb_RI_0"
PART 53 "J_Thumb_RI_1"
PART 54 "J_Thumb_RI_2"
PART 55 "J_Thumb_RI_3"
PART 56 "J_PinkyPalm_RI"
PART 57 "J_Pinky_RI_0"
PART 58 "J_Pinky_RI_1"
PART 59 "J_Pinky_RI_2"
PART 60 "J_Pinky_RI_3"
PART 61 "J_RingPalm_RI"
PART 62 "J_Ring_RI_0"
PART 63 "J_Ring_RI_1"
PART 64 "J_Ring_RI_2"
PART 65 "J_Ring_RI_3"
PART 66 "J_Webbing_RI"
PART 67 "J_Index_RI_0"
PART 68 "J_Index_RI_1"
PART 69 "J_Index_RI_2"
PART 70 "J_Index_RI_3"
PART 71 "J_Mid_RI_0"
PART 72 "J_Mid_RI_1"
PART 73 "J_Mid_RI_2"
PART 74 "J_Mid_RI_3"
PART 75 "tag_cambone"
PART 76 "tag_camera"
PART 77 "tag_gasmask"

FRAMERATE 30
NUMFRAMES 11

FRAME 1450
PART 0
OFFSET  0.0000 -0.0000 -0.0000
X  1.0000 -0.0000  0.0000
Y  0.0000  1.0000  0.0000
Z  0.0000 -0.0000  1.0000

PART 1
OFFSET -4.6318 -0.0000 -1.3770
X  1.0000 -0.0000  0.0000
Y  0.0000  1.0000  0.0000
Z  0.0000 -0.0000  1.0000

PART 2
OFFSET -6.2831  7.9373 -3.1869
X  0.5100  0.2682 -0.8173
Y  0.2319 -0.9578 -0.1696
Z -0.8284 -0.1031 -0.5507

PART 3
OFFSET -0.1157  11.1803 -13.0716
X  0.8780 -0.3706  0.3030
Y -0.4237 -0.3070  0.8522
Z -0.2227 -0.8766 -0.4266

PART 4
OFFSET  7.3520  8.0286 -10.4943
X  0.8780 -0.3706  0.3030
Y -0.4669 -0.5235  0.7127
Z -0.1055 -0.7673 -0.6326

PART 5
OFFSET  9.2257  8.6214 -10.5885
X  0.8811 -0.3663  0.2991
Y  0.2263  0.8820  0.4134
Z -0.4152 -0.2966  0.8600

PART 6
OFFSET  8.6117  7.3981 -11.5685
X  0.8811 -0.3663  0.2991
Y  0.2263  0.8820  0.4134
Z -0.4152 -0.2966  0.8600

PART 7
OFFSET  8.5860  7.5504 -8.3125
X  0.8811 -0.3663  0.2991
Y  0.2263  0.8820  0.4134
Z -0.4152 -0.2966  0.8600

PART 8
OFFSET  8.0428  6.2525 -8.6510
X  0.8811 -0.3663  0.2991
Y  0.2263  0.8820  0.4134
Z -0.4152 -0.2966  0.8600

PART 9
OFFSET  7.6635  5.1539 -10.1495
X  0.8811 -0.3663  0.2991
Y  0.2263  0.8820  0.4134
Z -0.4152 -0.2966  0.8600

PART 10
OFFSET  10.0437  6.8926 -9.5653
X  0.9322 -0.0813  0.3528
Y -0.3436 -0.5052  0.7916
Z  0.1139 -0.8592 -0.4989

PART 11
OFFSET  10.1781  6.0157 -8.8475
X  0.6332 -0.5943  0.4958
Y -0.7548 -0.3325  0.5655
Z -0.1712 -0.7323 -0.6591

PART 12
OFFSET  11.4597  4.6594 -7.7578
X  0.9559 -0.1373  0.2597
Y -0.2791 -0.7004  0.6570
Z  0.0917 -0.7005 -0.7078

PART 13
OFFSET  13.0298  4.4011 -7.4569
X  0.9326  0.2145 -0.2904
Y  0.3575 -0.6606  0.6601
Z -0.0503 -0.7194 -0.6928

PART 14
OFFSET  14.0420  4.5889 -7.7914
X  0.7944  0.4843  0.3667
Y -0.6073  0.6203  0.4964
Z  0.0130 -0.6170  0.7869

PART 15
OFFSET  11.2234  7.1911 -10.2152
X  0.9876  0.1039 -0.1174
Y  0.0273 -0.8516 -0.5234
Z -0.1543  0.5137 -0.8440

PART 16
OFFSET  13.4684  7.2452 -10.4202
X  0.7056 -0.7047  0.0747
Y -0.6999 -0.7095 -0.0823
Z  0.1110  0.0058 -0.9938

PART 17
OFFSET  14.4673  6.2476 -10.3144
X -0.5314 -0.8435 -0.0775
Y -0.8312  0.5369 -0.1445
Z  0.1635 -0.0124 -0.9865

PART 18
OFFSET  13.9961  5.4997 -10.3832
X -0.9917  0.0669 -0.1102
Y  0.0630  0.9973  0.0383
Z  0.1125  0.0311 -0.9932

PART 19
OFFSET  13.0540  5.5632 -10.4879
X  0.7026 -0.6817  0.2038
Y  0.6999  0.7137 -0.0256
Z -0.1280  0.1607  0.9787

PART 20
OFFSET  11.1842  6.9575 -9.5419
X  0.9933  0.0726  0.0896
Y  0.1098 -0.8343 -0.5402
Z  0.0355  0.5465 -0.8367

PART 21
OFFSET  13.7606  7.2316 -9.3285
X  0.4227 -0.8931 -0.1540
Y -0.9019 -0.3980 -0.1679
Z  0.0886  0.2098 -0.9737

PART 22
OFFSET  14.4803  5.7112 -9.5907
X -0.8518 -0.4890 -0.1880
Y -0.5129  0.8516  0.1086
Z  0.1070  0.1889 -0.9761

PART 23
OFFSET  13.2998  5.0335 -9.8512
X -0.7499  0.6601  0.0432
Y  0.6519  0.7263  0.2180
Z  0.1125  0.1916 -0.9750

PART 24
OFFSET  12.4865  5.7494 -9.8044
X  0.2475 -0.9463 -0.2079
Y  0.9584  0.2078  0.1955
Z -0.1418 -0.2476  0.9584

PART 25
OFFSET  12.4327  5.3794 -7.4882
X  0.9752 -0.2177  0.0401
Y  0.1485  0.7781  0.6104
Z -0.1641 -0.5893  0.7911

PART 26
OFFSET  13.3744  6.5142 -7.4081
X  0.4324 -0.8442 -0.3168
Y -0.8917 -0.3481 -0.2893
Z  0.1340  0.4076 -0.9033

PART 27
OFFSET  14.1356  5.0278 -7.9659
X -0.7870 -0.4631 -0.4077
Y -0.5768  0.7869  0.2194
Z  0.2192  0.4078 -0.8864

PART 28
OFFSET  13.1656  4.4400 -8.4077
X -0.8176  0.5658  0.1064
Y  0.5553  0.7263  0.4052
Z  0.1520  0.3904 -0.9080

PART 29
OFFSET  12.2420  5.0791 -8.2875
X -0.1923 -0.7300 -0.6558
Y  0.9183 -0.3696  0.1421
Z -0.3461 -0.5749  0.7414

PART 30
OFFSET  13.6682  6.9168 -8.3940
X  0.3902 -0.8968 -0.2084
Y -0.8981 -0.3209 -0.3009
Z  0.2030  0.3046 -0.9306

PART 31
OFFSET  14.4305  5.1648 -8.8011
X -0.8938 -0.3395 -0.2931
Y -0.4128  0.8782  0.2416
Z  0.1754  0.3369 -0.9251

PART 32
OFFSET  13.1250  4.6690 -9.2292
X -0.7274  0.6702  0.1477
Y  0.6630  0.6307  0.4034
Z  0.1772  0.3914 -0.9030

PART 33
OFFSET  12.3020  5.4304 -9.0685
X  0.1230 -0.9417 -0.3132
Y  0.9861  0.0803  0.1457
Z -0.1121 -0.3268  0.9384

PART 34
OFFSET  12.9297  5.6353 -9.7956
X -0.0098  0.5011 -0.8653
Y -0.1139  0.8592  0.4989
Z  0.9934  0.1034  0.0487

PART 35
OFFSET  13.5205 -15.1958 -9.7606
X -0.4401 -0.6358 -0.6340
Y -0.0602 -0.6836  0.7274
Z -0.8959  0.3583  0.2626

PART 36
OFFSET  13.5205 -15.1958 -9.7606
X -0.4401 -0.6358 -0.6340
Y -0.0602 -0.6836  0.7274
Z -0.8959  0.3583  0.2626

PART 37
OFFSET  11.7604 -17.7385 -12.2961
X -0.4401 -0.6358 -0.6340
Y -0.0602 -0.6836  0.7274
Z -0.8959  0.3583  0.2626

PART 38
OFFSET  10.3520 -16.3273 -11.0864
X -0.4401 -0.6358 -0.6340
Y -0.0602 -0.6836  0.7274
Z -0.8959  0.3583  0.2626

PART 39
OFFSET  12.9432 -17.6578 -12.1223
X -0.4401 -0.6358 -0.6340
Y -0.0602 -0.6836  0.7274
Z -0.8959  0.3583  0.2626

PART 40
OFFSET  13.0657 -17.7031 -12.1257
X -0.4401 -0.6358 -0.6340
Y -0.0602 -0.6836  0.7274
Z -0.8959  0.3583  0.2626

PART 41
OFFSET  13.1583  5.8056 -9.2964
X  0.2976  0.1700 -0.9395
Y -0.3747 -0.8843 -0.2787
Z -0.8781  0.4350 -0.1994

PART 42
OFFSET  13.1583  5.8056 -9.2964
X  0.2976  0.1700 -0.9395
Y -0.3747 -0.8843 -0.2787
Z -0.8781  0.4350 -0.1994

PART 43
OFFSET  16.0299  6.6335 -15.7796
X  0.8781 -0.4350  0.1994
Y -0.3747 -0.8843 -0.2787
Z  0.2976  0.1700 -0.9395

PART 44
OFFSET  11.7604 -17.7385 -12.2961
X -0.4401 -0.6358 -0.6340
Y -0.0602 -0.6836  0.7274
Z -0.8959  0.3583  0.2626

PART 45
OFFSET -6.0573 -7.9373 -2.8236
X -0.4717  0.4599  0.7523
Y -0.6479 -0.7595  0.0580
Z  0.5980 -0.4601  0.6562

PART 46
OFFSET -0.3524 -13.4992 -11.9220
X -0.9552  0.1655 -0.2455
Y  0.1543 -0.4292 -0.8899
Z -0.2526 -0.8879  0.3844

PART 47
OFFSET  7.7718 -14.9065 -9.8343
X -0.9552  0.1655 -0.2455
Y -0.0923 -0.9543 -0.2841
Z -0.2813 -0.2487  0.9268

PART 48
OFFSET  9.5146 -13.0104 -9.4675
X -0.9554  0.1705 -0.2412
Y  0.2531  0.8935 -0.3709
Z  0.1523 -0.4154 -0.8968

PART 49
OFFSET  9.4193 -13.6098 -7.9376
X -0.9554  0.1705 -0.2412
Y  0.2531  0.8935 -0.3709
Z  0.1523 -0.4154 -0.8968

PART 50
OFFSET  9.1799 -15.2860 -7.7402
X -0.9554  0.1705 -0.2412
Y  0.2531  0.8935 -0.3709
Z  0.1523 -0.4154 -0.8968

PART 51
OFFSET  10.7001 -15.4137 -9.0818
X -0.9763  0.1440 -0.1614
Y -0.0909 -0.9501 -0.2983
Z -0.1963 -0.2765  0.9407

PART 52
OFFSET  11.3076 -14.4480 -9.1076
X -0.8190 -0.5631  0.1099
Y  0.4942 -0.7898 -0.3634
Z  0.2915 -0.2433  0.9251

PART 53
OFFSET  13.0095 -13.1405 -9.3601
X -0.9884  0.1279  0.0815
Y -0.1357 -0.9859 -0.0984
Z  0.0678 -0.1083  0.9918

PART 54
OFFSET  14.5894 -13.3937 -9.6086
X -0.5648  0.7833  0.2597
Y -0.8039 -0.5934  0.0411
Z  0.1863 -0.1856  0.9648

PART 55
OFFSET  15.2054 -14.2221 -9.9344
X -0.7023  0.5751 -0.4195
Y  0.4252 -0.1338 -0.8952
Z -0.5709 -0.8071 -0.1506

PART 56
OFFSET  11.4687 -16.4971 -9.4547
X -0.9025  0.3287  0.2781
Y  0.1317 -0.4043  0.9051
Z  0.4100  0.8535  0.3216

PART 57
OFFSET  13.5401 -17.0618 -10.1439
X -0.4108 -0.6031  0.6838
Y  0.7977 -0.6009 -0.0508
Z  0.4415  0.5246  0.7279

PART 58
OFFSET  14.1217 -16.2079 -11.1119
X  0.6848 -0.7189  0.1192
Y  0.6088  0.4743 -0.6359
Z  0.4006  0.5081  0.7625

PART 59
OFFSET  13.5146 -15.5705 -11.2176
X  0.8848 -0.4074 -0.2261
Y  0.1690  0.7328 -0.6591
Z  0.4342  0.5450  0.7173

PART 60
OFFSET  12.6739 -15.1835 -11.0028
X -0.8456 -0.2272  0.4829
Y -0.3870  0.8842 -0.2615
Z -0.3676 -0.4080 -0.8357

PART 61
OFFSET  11.7164 -15.9359 -9.0897
X -0.9528  0.3029  0.0227
Y -0.0646 -0.2751  0.9592
Z  0.2968  0.9125  0.2817

PART 62
OFFSET  14.1436 -16.8635 -9.1693
X -0.4422 -0.5224  0.7291
Y  0.8200 -0.5649  0.0926
Z  0.3635  0.6388  0.6781

PART 63
OFFSET  14.8964 -15.9742 -10.4107
X  0.6973 -0.6737  0.2448
Y  0.5946  0.3530 -0.7224
Z  0.4003  0.6493  0.6467

PART 64
OFFSET  13.9300 -15.0405 -10.7499
X  0.9229 -0.2809 -0.2635
Y -0.0380  0.6143 -0.7882
Z  0.3833  0.7374  0.5562

PART 65
OFFSET  12.9291 -14.7358 -10.4642
X -0.7155 -0.0844  0.6935
Y -0.5765  0.6320 -0.5179
Z -0.3945 -0.7704 -0.5009

PART 66
OFFSET  6.6083 -14.1590 -8.9969
X -0.9556  0.2424  0.1674
Y -0.0996  0.2691 -0.9579
Z -0.2772 -0.9321 -0.2330

PART 67
OFFSET  14.5000 -15.3610 -7.8785
X -0.5964 -0.4184  0.6850
Y  0.8007 -0.3704  0.4708
Z  0.0567  0.8293  0.5559

PART 68
OFFSET  15.5500 -14.6243 -9.0846
X  0.8008 -0.3263  0.5022
Y  0.5987  0.4136 -0.6859
Z  0.0161  0.8500  0.5266

PART 69
OFFSET  14.5774 -14.1760 -9.6631
X  0.9965 -0.0687 -0.0486
Y -0.0030  0.5485 -0.8362
Z  0.0841  0.8333  0.5463

PART 70
OFFSET  13.4519 -14.0984 -9.6082
X -0.2980 -0.2384  0.9243
Y -0.9536  0.1175 -0.2772
Z -0.0425 -0.9640 -0.2623

PART 71
OFFSET  14.3325 -16.3268 -8.3880
X -0.5445 -0.4619  0.7001
Y  0.8280 -0.4290  0.3610
Z  0.1336  0.7763  0.6161

PART 72
OFFSET  15.3963 -15.4244 -9.7556
X  0.7623 -0.5134  0.3940
Y  0.5972  0.3233 -0.7341
Z  0.2495  0.7949  0.5530

PART 73
OFFSET  14.2829 -14.6745 -10.3312
X  0.9673 -0.0788 -0.2412
Y -0.1690  0.5091 -0.8440
Z  0.1893  0.8571  0.4791

PART 74
OFFSET  13.1859 -14.5910 -10.0619
X -0.6458 -0.3195  0.6934
Y -0.7358  0.5029 -0.4535
Z -0.2038 -0.8031 -0.5599

PART 75
OFFSET  0.0000 -0.0000 -0.0000
X  1.0000 -0.0000  0.0000
Y  0.0000  1.0000  0.0000
Z  0.0000 -0.0000  1.0000

PART 76
OFFSET  0.0000 -0.0000 -0.0000
X  1.0000 -0.0000  0.0000
Y  0.0000  1.0000  0.0000
Z  0.0000 -0.0000  1.0000

PART 77
OFFSET  1.5404 -0.0000  4.1357
X  1.0000 -0.0000  0.0000
Y  0.0000  1.0000  0.0000
Z  0.0000 -0.0000  1.0000


FRAME 1451
PART 0
OFFSET  0.0000 -0.0000 -0.0000
X  1.0000 -0.0000  0.0000
Y  0.0000  1.0000  0.0000
Z  0.0000 -0.0000  1.0000

PART 1
OFFSET -4.6318 -0.0000 -1.3770
X  1.0000 -0.0000  0.0000
Y  0.0000  1.0000  0.0000
Z  0.0000 -0.0000  1.0000

PART 2
OFFSET -6.2831  7.9373 -3.1869
X  0.5192  0.2714 -0.8104
Y  0.2309 -0.9575 -0.1727
Z -0.8229 -0.0975 -0.5598

PART 3
OFFSET -0.0041  11.2193 -12.9881
X  0.8728 -0.3755  0.3118
Y -0.4353 -0.3099  0.8453
Z -0.2208 -0.8735 -0.4339

PART 4
OFFSET  7.4195  8.0254 -10.3365
X  0.8728 -0.3755  0.3118
Y -0.4799 -0.5442  0.6881
Z -0.0887 -0.7502 -0.6552

PART 5
OFFSET  9.2964  8.6115 -10.4046
X  0.8760 -0.3713  0.3079
Y  0.2246  0.8789  0.4209
Z -0.4269 -0.2995  0.8533

PART 6
OFFSET  8.6899  7.3958 -11.3986
X  0.8760 -0.3713  0.3079
Y  0.2246  0.8789  0.4209
Z -0.4269 -0.2995  0.8533

PART 7
OFFSET  8.6249  7.5309 -8.1424
X  0.8760 -0.3713  0.3079
Y  0.2246  0.8789  0.4209
Z -0.4269 -0.2995  0.8533

PART 8
OFFSET  8.0809  6.2369 -8.4945
X  0.8760 -0.3713  0.3079
Y  0.2246  0.8789  0.4209
Z -0.4269 -0.2995  0.8533

PART 9
OFFSET  7.7159  5.1478 -10.0034
X  0.8760 -0.3713  0.3079
Y  0.2246  0.8789  0.4209
Z -0.4269 -0.2995  0.8533

PART 10
OFFSET  10.0953  6.8742 -9.3808
X  0.9301 -0.0977  0.3542
Y -0.3496 -0.5318  0.7713
Z  0.1130 -0.8412 -0.5288

PART 11
OFFSET  10.2227  5.9716 -8.6942
X  0.6284 -0.6143  0.4773
Y -0.7589 -0.3494  0.5495
Z -0.1708 -0.7075 -0.6857

PART 12
OFFSET  11.4934  4.5718 -7.6476
X  0.9540 -0.1504  0.2593
Y -0.2852 -0.7223  0.6301
Z  0.0925 -0.6751 -0.7320

PART 13
OFFSET  13.0609  4.2965 -7.3486
X  0.9348  0.2209 -0.2780
Y  0.3516 -0.6853  0.6377
Z -0.0497 -0.6939 -0.7183

PART 14
OFFSET  14.0755  4.4919 -7.6712
X  0.7945  0.4676  0.3876
Y -0.6073  0.6047  0.5153
Z  0.0066 -0.6448  0.7643

PART 15
OFFSET  11.2795  7.1909 -10.0139
X  0.9886  0.1039 -0.1088
Y  0.0266 -0.8325 -0.5534
Z -0.1481  0.5443 -0.8257

PART 16
OFFSET  13.5256  7.2430 -10.2060
X  0.7024 -0.7098  0.0528
Y -0.7023 -0.7032 -0.1111
Z  0.1160  0.0409 -0.9924

PART 17
OFFSET  14.5200  6.2380 -10.1311
X -0.5344 -0.8380 -0.1103
Y -0.8283  0.5452 -0.1292
Z  0.1684  0.0223 -0.9855

PART 18
OFFSET  14.0462  5.4950 -10.2289
X -0.9908  0.0750 -0.1125
Y  0.0668  0.9950  0.0744
Z  0.1175  0.0662 -0.9909

PART 19
OFFSET  13.1049  5.5662 -10.3358
X  0.6989 -0.6915  0.1827
Y  0.7029  0.7113  0.0033
Z -0.1323  0.1261  0.9832

PART 20
OFFSET  11.2359  6.9335 -9.3495
X  0.9931  0.0653  0.0970
Y  0.1091 -0.8149 -0.5693
Z  0.0419  0.5759 -0.8164

PART 21
OFFSET  13.8123  7.1891 -9.1141
X  0.4199 -0.8887 -0.1838
Y -0.9026 -0.3880 -0.1864
Z  0.0943  0.2442 -0.9651

PART 22
OFFSET  14.5273  5.6760 -9.4270
X -0.8528 -0.4784 -0.2095
Y -0.5100  0.8493  0.1366
Z  0.1126  0.2233 -0.9682

PART 23
OFFSET  13.3454  5.0130 -9.7174
X -0.7475  0.6613  0.0632
Y  0.6537  0.7153  0.2470
Z  0.1181  0.2259 -0.9669

PART 24
OFFSET  12.5347  5.7302 -9.6488
X  0.2448 -0.9393 -0.2404
Y  0.9583  0.1966  0.2075
Z -0.1476 -0.2812  0.9482

PART 25
OFFSET  12.4679  5.2777 -7.3477
X  0.9741 -0.2230  0.0370
Y  0.1486  0.7551  0.6386
Z -0.1704 -0.6166  0.7687

PART 26
OFFSET  13.4137  6.4050 -7.2225
X  0.4306 -0.8341 -0.3447
Y -0.8916 -0.3338 -0.3059
Z  0.1401  0.4391 -0.8875

PART 27
OFFSET  14.1717  4.9364 -7.8294
X -0.7868 -0.4449 -0.4278
Y -0.5747  0.7809  0.2447
Z  0.2252  0.4384 -0.8701

PART 28
OFFSET  13.2016  4.3688 -8.2967
X -0.8159  0.5650  0.1226
Y  0.5561  0.7090  0.4336
Z  0.1581  0.4220 -0.8927

PART 29
OFFSET  12.2800  5.0071 -8.1582
X -0.1920 -0.7052 -0.6825
Y  0.9161 -0.3783  0.1332
Z -0.3521 -0.5996  0.7187

PART 30
OFFSET  13.7140  6.8414 -8.1919
X  0.3877 -0.8904 -0.2385
Y -0.8978 -0.3061 -0.3165
Z  0.2088  0.3368 -0.9181

PART 31
OFFSET  14.4714  5.1020 -8.6578
X -0.8937 -0.3250 -0.3094
Y -0.4105  0.8707  0.2709
Z  0.1813  0.3691 -0.9115

PART 32
OFFSET  13.1660  4.6272 -9.1096
X -0.7254  0.6675  0.1681
Y  0.6635  0.6130  0.4289
Z  0.1832  0.4227 -0.8876

PART 33
OFFSET  12.3453  5.3858 -8.9258
X  0.1208 -0.9304 -0.3461
Y  0.9856  0.0709  0.1532
Z -0.1180 -0.3597  0.9256

PART 34
OFFSET  12.9774  5.6140 -9.6420
X -0.0035  0.5318 -0.8468
Y -0.1130  0.8412  0.5288
Z  0.9936  0.0975  0.0572

PART 35
OFFSET  13.6639 -14.2034 -9.3257
X -0.4006 -0.6989 -0.5924
Y -0.0173 -0.6407  0.7676
Z -0.9161  0.3177  0.2446

PART 36
OFFSET  13.6639 -14.2034 -9.3257
X -0.4006 -0.6989 -0.5924
Y -0.0173 -0.6407  0.7676
Z -0.9161  0.3177  0.2446

PART 37
OFFSET  12.0618 -16.9985 -11.6949
X -0.4006 -0.6989 -0.5924
Y -0.0173 -0.6407  0.7676
Z -0.9161  0.3177  0.2446

PART 38
OFFSET  10.5700 -15.6060 -10.5660
X -0.4006 -0.6989 -0.5924
Y -0.0173 -0.6407  0.7676
Z -0.9161  0.3177  0.2446

PART 39
OFFSET  13.2375 -16.8347 -11.5317
X -0.4006 -0.6989 -0.5924
Y -0.0173 -0.6407  0.7676
Z -0.9161  0.3177  0.2446

PART 40
OFFSET  13.3625 -16.8725 -11.5330
X -0.4006 -0.6989 -0.5924
Y -0.0173 -0.6407  0.7676
Z -0.9161  0.3177  0.2446

PART 41
OFFSET  13.2042  5.7653 -9.1360
X  0.3029  0.2023 -0.9313
Y -0.3769 -0.8721 -0.3120
Z -0.8753  0.4455 -0.1880

PART 42
OFFSET  13.2042  5.7653 -9.1360
X  0.3029  0.2023 -0.9313
Y -0.3769 -0.8721 -0.3120
Z -0.8753  0.4455 -0.1880

PART 43
OFFSET  16.1113  6.8129 -15.5713
X  0.8753 -0.4455  0.1880
Y -0.3769 -0.8721 -0.3120
Z  0.3029  0.2023 -0.9313

PART 44
OFFSET  12.0618 -16.9985 -11.6949
X -0.4006 -0.6989 -0.5924
Y -0.0173 -0.6407  0.7676
Z -0.9161  0.3177  0.2446

PART 45
OFFSET -6.0573 -7.9373 -2.8236
X -0.4872  0.4460  0.7508
Y -0.6169 -0.7843  0.0657
Z  0.6182 -0.4311  0.6572

PART 46
OFFSET -0.1655 -13.3315 -11.9038
X -0.9531  0.1056 -0.2836
Y  0.2124 -0.4343 -0.8754
Z -0.2156 -0.8946  0.3915

PART 47
OFFSET  7.9410 -14.2294 -9.4914
X -0.9531  0.1056 -0.2836
Y -0.0397 -0.9727 -0.2287
Z -0.3000 -0.2068  0.9313

PART 48
OFFSET  9.5569 -12.2294 -9.0964
X -0.9538  0.1106 -0.2795
Y  0.2152  0.9004 -0.3781
Z  0.2098 -0.4208 -0.8826

PART 49
OFFSET  9.4382 -12.8077 -7.5600
X -0.9538  0.1106 -0.2795
Y  0.2152  0.9004 -0.3781
Z  0.2098 -0.4208 -0.8826

PART 50
OFFSET  9.2881 -14.4914 -7.3400
X -0.9538  0.1106 -0.2795
Y  0.2152  0.9004 -0.3781
Z  0.2098 -0.4208 -0.8826

PART 51
OFFSET  10.8629 -14.5530 -8.6219
X -0.9835  0.0736 -0.1652
Y -0.0323 -0.9702 -0.2400
Z -0.1780 -0.2307  0.9566

PART 52
OFFSET  11.4096 -13.5551 -8.7088
X -0.7826 -0.6048  0.1475
Y  0.5417 -0.7784 -0.3173
Z  0.3068 -0.1684  0.9368

PART 53
OFFSET  13.0273 -12.1630 -9.0476
X -0.9944  0.0715  0.0782
Y -0.0747 -0.9965 -0.0381
Z  0.0752 -0.0437  0.9962

PART 54
OFFSET  14.6197 -12.3330 -9.2877
X -0.6119  0.7613  0.2146
Y -0.7657 -0.6381  0.0806
Z  0.1983 -0.1150  0.9734

PART 55
OFFSET  15.2853 -13.1401 -9.5657
X -0.7368  0.5043 -0.4502
Y  0.4318 -0.1613 -0.8874
Z -0.5202 -0.8483 -0.0990

PART 56
OFFSET  11.6965 -15.6076 -8.9323
X -0.9209  0.2888  0.2620
Y  0.1572 -0.3399  0.9272
Z  0.3568  0.8950  0.2676

PART 57
OFFSET  13.7982 -16.0844 -9.5957
X -0.3722 -0.5847  0.7208
Y  0.8332 -0.5527 -0.0181
Z  0.4090  0.5938  0.6929

PART 58
OFFSET  14.3252 -15.2566 -10.6162
X  0.7279 -0.6669  0.1592
Y  0.5777  0.4716 -0.6662
Z  0.3692  0.5770  0.7286

PART 59
OFFSET  13.6797 -14.6653 -10.7573
X  0.9081 -0.3651 -0.2052
Y  0.1228  0.7006 -0.7029
Z  0.4003  0.6131  0.6810

PART 60
OFFSET  12.8170 -14.3185 -10.5624
X -0.8296 -0.2492  0.4997
Y -0.4410  0.8413 -0.3126
Z -0.3425 -0.4797 -0.8078

PART 61
OFFSET  11.9095 -15.0112 -8.6029
X -0.9696  0.2445  0.0088
Y -0.0466 -0.2200  0.9744
Z  0.2401  0.9444  0.2247

PART 62
OFFSET  14.3893 -15.7908 -8.6377
X -0.4084 -0.5035  0.7614
Y  0.8534 -0.5067  0.1227
Z  0.3240  0.6998  0.6366

PART 63
OFFSET  15.0846 -14.9336 -9.9339
X  0.7378 -0.6134  0.2817
Y  0.5710  0.3445 -0.7452
Z  0.3600  0.7106  0.6044

PART 64
OFFSET  14.0621 -14.0834 -10.3244
X  0.9382 -0.2390 -0.2503
Y -0.0766  0.5619 -0.8236
Z  0.3375  0.7919  0.5089

PART 65
OFFSET  13.0446 -13.8242 -10.0530
X -0.7083 -0.0862  0.7006
Y -0.6149  0.5628 -0.5524
Z -0.3467 -0.8221 -0.4516

PART 66
OFFSET  6.7016 -13.5498 -8.5938
X -0.9686  0.1928  0.1569
Y -0.1169  0.2040 -0.9720
Z -0.2194 -0.9598 -0.1751

PART 67
OFFSET  14.6534 -14.1938 -7.4416
X -0.5688 -0.4121  0.7118
Y  0.8225 -0.2912  0.4886
Z  0.0059  0.8633  0.5046

PART 68
OFFSET  15.6548 -13.4682 -8.6948
X  0.8199 -0.2454  0.5173
Y  0.5714  0.4074 -0.7124
Z -0.0359  0.8797  0.4742

PART 69
OFFSET  14.6559 -13.1165 -9.2948
X  0.9987 -0.0100 -0.0490
Y -0.0376  0.4956 -0.8677
Z  0.0330  0.8685  0.4946

PART 70
OFFSET  13.5278 -13.1051 -9.2395
X -0.2819 -0.1999  0.9384
Y -0.9593  0.0415 -0.2794
Z  0.0168 -0.9789 -0.2034

PART 71
OFFSET  14.5454 -15.1972 -7.8911
X -0.5144 -0.4514  0.7292
Y  0.8533 -0.3546  0.3824
Z  0.0860  0.8189  0.5675

PART 72
OFFSET  15.5502 -14.3154 -9.3156
X  0.7929 -0.4407  0.4208
Y  0.5754  0.3144 -0.7550
Z  0.2005  0.8408  0.5029

PART 73
OFFSET  14.3921 -13.6717 -9.9302
X  0.9701 -0.0335 -0.2405
Y -0.2009  0.4457 -0.8724
Z  0.1364  0.8946  0.4256

PART 74
OFFSET  13.2923 -13.6398 -9.6614
X -0.6243 -0.3161  0.7144
Y -0.7658  0.4283 -0.4796
Z -0.1544 -0.8465 -0.5095

PART 75
OFFSET  0.0000 -0.0000 -0.0000
X  1.0000 -0.0000  0.0000
Y  0.0000  1.0000  0.0000
Z  0.0000 -0.0000  1.0000

PART 76
OFFSET  0.0000 -0.0000 -0.0000
X  1.0000 -0.0000  0.0000
Y  0.0000  1.0000  0.0000
Z  0.0000 -0.0000  1.0000

PART 77
OFFSET  1.5404 -0.0000  4.1357
X  1.0000 -0.0000  0.0000
Y  0.0000  1.0000  0.0000
Z  0.0000 -0.0000  1.0000


FRAME 1452
PART 0
OFFSET  0.0000 -0.0000 -0.0000
X  1.0000 -0.0000  0.0000
Y  0.0000  1.0000  0.0000
Z  0.0000 -0.0000  1.0000

PART 1
OFFSET -4.6318 -0.0000 -1.3770
X  1.0000 -0.0000  0.0000
Y  0.0000  1.0000  0.0000
Z  0.0000 -0.0000  1.0000

PART 2
OFFSET -6.2831  7.9373 -3.1869
X  0.5445  0.2801 -0.7906
Y  0.2285 -0.9565 -0.1815
Z -0.8070 -0.0818 -0.5848

PART 3
OFFSET  0.3020  11.3244 -12.7486
X  0.8585 -0.3889  0.3343
Y -0.4657 -0.3181  0.8258
Z -0.2148 -0.8646 -0.4542

PART 4
OFFSET  7.6036  8.0166 -9.9049
X  0.8585 -0.3889  0.3343
Y -0.5112 -0.5960  0.6192
Z -0.0416 -0.7025 -0.7105

PART 5
OFFSET  9.4872  8.5847 -9.9027
X  0.8618 -0.3846  0.3306
Y  0.2190  0.8702  0.4414
Z -0.4575 -0.3079  0.8342

PART 6
OFFSET  8.9021  7.3902 -10.9344
X  0.8618 -0.3846  0.3306
Y  0.2190  0.8702  0.4414
Z -0.4575 -0.3079  0.8342

PART 7
OFFSET  8.7315  7.4772 -7.6804
X  0.8618 -0.3846  0.3306
Y  0.2190  0.8702  0.4414
Z -0.4575 -0.3079  0.8342

PART 8
OFFSET  8.1871  6.1942 -8.0698
X  0.8618 -0.3846  0.3306
Y  0.2190  0.8702  0.4414
Z -0.4575 -0.3079  0.8342

PART 9
OFFSET  7.8613  5.1315 -9.6063
X  0.8618 -0.3846  0.3306
Y  0.2190  0.8702  0.4414
Z -0.4575 -0.3079  0.8342

PART 10
OFFSET  10.2354  6.8243 -8.8800
X  0.9231 -0.1422  0.3574
Y -0.3676 -0.5999  0.7107
Z  0.1133 -0.7874 -0.6060

PART 11
OFFSET  10.3425  5.8582 -8.2822
X  0.6143 -0.6648  0.4251
Y -0.7713 -0.3921  0.5013
Z -0.1666 -0.6359 -0.7536

PART 12
OFFSET  11.5817  4.3491 -7.3567
X  0.9481 -0.1858  0.2582
Y -0.3027 -0.7765  0.5526
Z  0.0978 -0.6021 -0.7924

PART 13
OFFSET  13.1412  4.0280 -7.0616
X  0.9415  0.2359 -0.2408
Y  0.3342 -0.7478  0.5737
Z -0.0447 -0.6206 -0.7829

PART 14
OFFSET  14.1630  4.2421 -7.3481
X  0.7926  0.4187  0.4433
Y -0.6097  0.5589  0.5621
Z -0.0125 -0.7158  0.6982

PART 15
OFFSET  11.4330  7.1872 -9.4610
X  0.9913  0.1025 -0.0829
Y  0.0274 -0.7753 -0.6310
Z -0.1290  0.6233 -0.7713

PART 16
OFFSET  13.6824  7.2317 -9.6124
X  0.6943 -0.7196 -0.0053
Y -0.7073 -0.6810 -0.1896
Z  0.1328  0.1354 -0.9819

PART 17
OFFSET  14.6654  6.2128 -9.6200
X -0.5408 -0.8172 -0.1992
Y -0.8206  0.5646 -0.0885
Z  0.1848  0.1156 -0.9760

PART 18
OFFSET  14.1858  5.4883 -9.7966
X -0.9880  0.0969 -0.1200
Y  0.0755  0.9823  0.1715
Z  0.1345  0.1604 -0.9778

PART 19
OFFSET  13.2472  5.5803 -9.9106
X  0.6888 -0.7139  0.1256
Y  0.7098  0.6995  0.0831
Z -0.1472  0.0319  0.9886

PART 20
OFFSET  11.3759  6.8672 -8.8255
X  0.9920  0.0441  0.1182
Y  0.1104 -0.7572 -0.6438
Z  0.0611  0.6517 -0.7560

PART 21
OFFSET  13.9505  7.0691 -8.5266
X  0.4140 -0.8716 -0.2626
Y -0.9033 -0.3577 -0.2370
Z  0.1127  0.3353 -0.9353

PART 22
OFFSET  14.6554  5.5853 -8.9736
X -0.8539 -0.4460 -0.2680
Y -0.5037  0.8379  0.2103
Z  0.1308  0.3146 -0.9402

PART 23
OFFSET  13.4719  4.9671 -9.3451
X -0.7418  0.6606  0.1154
Y  0.6566  0.6805  0.3253
Z  0.1363  0.3171 -0.9386

PART 24
OFFSET  12.6674  5.6836 -9.2199
X  0.2394 -0.9144 -0.3265
Y  0.9566  0.1646  0.2403
Z -0.1660 -0.3699  0.9141

PART 25
OFFSET  12.5581  5.0114 -6.9748
X  0.9711 -0.2367  0.0303
Y  0.1456  0.6880  0.7110
Z -0.1892 -0.6860  0.7026

PART 26
OFFSET  13.5129  6.1103 -6.7263
X  0.4279 -0.8018 -0.4173
Y -0.8897 -0.2924 -0.3506
Z  0.1591  0.5212 -0.8384

PART 27
OFFSET  14.2662  4.6987 -7.4609
X -0.7840 -0.3924 -0.4810
Y -0.5708  0.7601  0.3103
Z  0.2439  0.5179 -0.8199

PART 28
OFFSET  13.2983  4.1902 -7.9959
X -0.8121  0.5599  0.1642
Y  0.5560  0.6572  0.5089
Z  0.1770  0.5046 -0.8450

PART 29
OFFSET  12.3809  4.8226 -7.8105
X -0.1877 -0.6337 -0.7505
Y  0.9099 -0.3999  0.1101
Z -0.3699 -0.6622  0.6516

PART 30
OFFSET  13.8335  6.6350 -7.6441
X  0.3827 -0.8676 -0.3176
Y -0.8955 -0.2637 -0.3586
Z  0.2273  0.4217 -0.8778

PART 31
OFFSET  14.5811  4.9402 -8.2646
X -0.8916 -0.2833 -0.3532
Y -0.4062  0.8451  0.3476
Z  0.2000  0.4534 -0.8686

PART 32
OFFSET  13.2787  4.5264 -8.7805
X -0.7214  0.6564  0.2208
Y  0.6624  0.5610  0.4965
Z  0.2021  0.5045 -0.8395

PART 33
OFFSET  12.4626  5.2730 -8.5367
X  0.1172 -0.8938 -0.4328
Y  0.9836  0.0444  0.1746
Z -0.1369 -0.4462  0.8844

PART 34
OFFSET  13.1088  5.5621 -9.2176
X  0.0158  0.6113 -0.7913
Y -0.1133  0.7874  0.6060
Z  0.9934  0.0801  0.0817

PART 35
OFFSET  13.8062 -12.7932 -8.7035
X -0.3281 -0.7825 -0.5292
Y  0.0332 -0.5694  0.8214
Z -0.9441  0.2519  0.2128

PART 36
OFFSET  13.8062 -12.7932 -8.7035
X -0.3281 -0.7825 -0.5292
Y  0.0332 -0.5694  0.8214
Z -0.9441  0.2519  0.2128

PART 37
OFFSET  12.4942 -15.9226 -10.8196
X -0.3281 -0.7825 -0.5292
Y  0.0332 -0.5694  0.8214
Z -0.9441  0.2519  0.2128

PART 38
OFFSET  10.8683 -14.5799 -9.8233
X -0.3281 -0.7825 -0.5292
Y  0.0332 -0.5694  0.8214
Z -0.9441  0.2519  0.2128

PART 39
OFFSET  13.6480 -15.6369 -10.6682
X -0.3281 -0.7825 -0.5292
Y  0.0332 -0.5694  0.8214
Z -0.9441  0.2519  0.2128

PART 40
OFFSET  13.7759 -15.6630 -10.6657
X -0.3281 -0.7825 -0.5292
Y  0.0332 -0.5694  0.8214
Z -0.9441  0.2519  0.2128

PART 41
OFFSET  13.3287  5.6612 -8.6958
X  0.3202  0.2879 -0.9025
Y -0.3803 -0.8335 -0.4008
Z -0.8676  0.4716 -0.1574

PART 42
OFFSET  13.3287  5.6612 -8.6958
X  0.3202  0.2879 -0.9025
Y -0.3803 -0.8335 -0.4008
Z -0.8676  0.4716 -0.1574

PART 43
OFFSET  16.3519  7.2930 -14.9536
X  0.8676 -0.4716  0.1574
Y -0.3803 -0.8335 -0.4008
Z  0.3202  0.2879 -0.9025

PART 44
OFFSET  12.4942 -15.9226 -10.8196
X -0.3281 -0.7825 -0.5292
Y  0.0332 -0.5694  0.8214
Z -0.9441  0.2519  0.2128

PART 45
OFFSET -6.0573 -7.9373 -2.8236
X -0.5117  0.4288  0.7445
Y -0.5688 -0.8185  0.0805
Z  0.6439 -0.3823  0.6628

PART 46
OFFSET  0.1311 -13.1235 -11.8274
X -0.9429  0.0185 -0.3325
Y  0.2915 -0.4374 -0.8507
Z -0.1612 -0.8991  0.4071

PART 47
OFFSET  8.1509 -13.2805 -8.9990
X -0.9429  0.0185 -0.3325
Y  0.0326 -0.9886 -0.1473
Z -0.3315 -0.1497  0.9315

PART 48
OFFSET  9.5753 -11.1433 -8.5858
X -0.9442  0.0235 -0.3286
Y  0.1596  0.9052 -0.3939
Z  0.2882 -0.4243 -0.8584

PART 49
OFFSET  9.4265 -11.6898 -7.0405
X -0.9442  0.0235 -0.3286
Y  0.1596  0.9052 -0.3939
Z  0.2882 -0.4243 -0.8584

PART 50
OFFSET  9.4039 -13.3740 -6.7779
X -0.9442  0.0235 -0.3286
Y  0.1596  0.9052 -0.3939
Z  0.2882 -0.4243 -0.8584

PART 51
OFFSET  11.0416 -13.3370 -7.9795
X -0.9842 -0.0326 -0.1740
Y  0.0597 -0.9864 -0.1529
Z -0.1666 -0.1608  0.9728

PART 52
OFFSET  11.4952 -12.3044 -8.1532
X -0.7253 -0.6592  0.1984
Y  0.6144 -0.7499 -0.2453
Z  0.3105 -0.0560  0.9489

PART 53
OFFSET  12.9818 -10.8039 -8.6096
X -0.9975 -0.0142  0.0687
Y  0.0177 -0.9986  0.0504
Z  0.0679  0.0515  0.9964

PART 54
OFFSET  14.5856 -10.8464 -8.8291
X -0.6816  0.7174  0.1443
Y -0.7047 -0.6966  0.1348
Z  0.1972 -0.0098  0.9803

PART 55
OFFSET  15.3256 -11.6098 -9.0323
X -0.7750  0.3923 -0.4954
Y  0.4547 -0.1983 -0.8683
Z -0.4389 -0.8982 -0.0247

PART 56
OFFSET  11.9720 -14.3332 -8.1926
X -0.9463  0.2243  0.2326
Y  0.1775 -0.2407  0.9542
Z  0.2701  0.9443  0.1880

PART 57
OFFSET  14.1159 -14.6702 -8.8049
X -0.3248 -0.5508  0.7688
Y  0.8806 -0.4726  0.0335
Z  0.3449  0.6879  0.6386

PART 58
OFFSET  14.5758 -13.8904 -9.8934
X  0.7843 -0.5800  0.2200
Y  0.5393  0.4624 -0.7038
Z  0.3065  0.6707  0.6755

PART 59
OFFSET  13.8804 -13.3761 -10.0884
X  0.9400 -0.2962 -0.1693
Y  0.0657  0.6442 -0.7620
Z  0.3347  0.7052  0.6250

PART 60
OFFSET  12.9873 -13.0948 -9.9276
X -0.8087 -0.2799  0.5175
Y -0.5130  0.7660 -0.3874
Z -0.2880 -0.5787 -0.7630

PART 61
OFFSET  12.1256 -13.6929 -7.9169
X -0.9880  0.1535 -0.0157
Y -0.0370 -0.1366  0.9899
Z  0.1498  0.9787  0.1406

PART 62
OFFSET  14.6668 -14.2397 -7.8751
X -0.3688 -0.4700  0.8019
Y  0.8949 -0.4127  0.1697
Z  0.2512  0.7802  0.5728

PART 63
OFFSET  15.2947 -13.4396 -9.2403
X  0.7879 -0.5153  0.3373
Y  0.5452  0.3288 -0.7712
Z  0.2865  0.7914  0.5399

PART 64
OFFSET  14.2028 -12.7255 -9.7078
X  0.9589 -0.1723 -0.2254
Y -0.1188  0.4776 -0.8705
Z  0.2576  0.8615  0.4375

PART 65
OFFSET  13.1628 -12.5385 -9.4634
X -0.7051 -0.0892  0.7034
Y -0.6578  0.4526 -0.6020
Z -0.2646 -0.8873 -0.3778

PART 66
OFFSET  6.8056 -12.7246 -8.0528
X -0.9839  0.1154  0.1364
Y -0.1244  0.1058 -0.9866
Z -0.1283 -0.9877 -0.0897

PART 67
OFFSET  14.7697 -12.5259 -6.8248
X -0.5364 -0.3986  0.7439
Y  0.8403 -0.1696  0.5149
Z -0.0790  0.9013  0.4259

PART 68
OFFSET  15.7141 -11.8242 -8.1346
X  0.8332 -0.1219  0.5394
Y  0.5394  0.3941 -0.7442
Z -0.1218  0.9110  0.3941

PART 69
OFFSET  14.6938 -11.6207 -8.7664
X  0.9959  0.0781 -0.0450
Y -0.0733  0.4115 -0.9084
Z -0.0525  0.9080  0.4156

PART 70
OFFSET  13.5688 -11.7089 -8.7156
X -0.2728 -0.1415  0.9516
Y -0.9559 -0.0722 -0.2847
Z  0.1090 -0.9873 -0.1156

PART 71
OFFSET  14.7594 -13.5707 -7.1837
X -0.4788 -0.4309  0.7649
Y  0.8779 -0.2390  0.4149
Z  0.0040  0.8702  0.4927

PART 72
OFFSET  15.6946 -12.7289 -8.6780
X  0.8254 -0.3266  0.4606
Y  0.5524  0.2984 -0.7783
Z  0.1168  0.8968  0.4267

PART 73
OFFSET  14.4891 -12.2518 -9.3508
X  0.9717  0.0353 -0.2337
Y -0.2313  0.3465 -0.9091
Z  0.0489  0.9374  0.3448

PART 74
OFFSET  13.3881 -12.2982 -9.0891
X -0.6005 -0.3083  0.7378
Y -0.7966  0.3116 -0.5180
Z -0.0702 -0.8988 -0.4327

PART 75
OFFSET  0.0000 -0.0000 -0.0000
X  1.0000 -0.0000  0.0000
Y  0.0000  1.0000  0.0000
Z  0.0000 -0.0000  1.0000

PART 76
OFFSET  0.0000 -0.0000 -0.0000
X  1.0000 -0.0000  0.0000
Y  0.0000  1.0000  0.0000
Z  0.0000 -0.0000  1.0000

PART 77
OFFSET  1.5404 -0.0000  4.1357
X  1.0000 -0.0000  0.0000
Y  0.0000  1.0000  0.0000
Z  0.0000 -0.0000  1.0000


FRAME 1453
PART 0
OFFSET  0.0000 -0.0000 -0.0000
X  1.0000 -0.0000  0.0000
Y  0.0000  1.0000  0.0000
Z  0.0000 -0.0000  1.0000

PART 1
OFFSET -4.6318 -0.0000 -1.3770
X  1.0000 -0.0000  0.0000
Y  0.0000  1.0000  0.0000
Z  0.0000 -0.0000  1.0000

PART 2
OFFSET -6.2831  7.9373 -3.1869
X  0.5822  0.2926 -0.7586
Y  0.2257 -0.9545 -0.1949
Z -0.7810 -0.0578 -0.6218

PART 3
OFFSET  0.7584  11.4755 -12.3608
X  0.8369 -0.4083  0.3646
Y -0.5080 -0.3312  0.7951
Z -0.2039 -0.8506 -0.4846

PART 4
OFFSET  7.8764  8.0026 -9.2597
X  0.8369 -0.4083  0.3646
Y -0.5465 -0.6619  0.5130
Z  0.0319 -0.6286 -0.7771

PART 5
OFFSET  9.7647  8.5449 -9.1556
X  0.8404 -0.4040  0.3612
Y  0.2088  0.8565  0.4721
Z -0.5001 -0.3213  0.8042

PART 6
OFFSET  9.2140  7.3831 -10.2422
X  0.8404 -0.4040  0.3612
Y  0.2088  0.8565  0.4721
Z -0.5001 -0.3213  0.8042

PART 7
OFFSET  8.8915  7.3955 -6.9986
X  0.8404 -0.4040  0.3612
Y  0.2088  0.8565  0.4721
Z -0.5001 -0.3213  0.8042

PART 8
OFFSET  8.3500  6.1296 -7.4440
X  0.8404 -0.4040  0.3612
Y  0.2088  0.8565  0.4721
Z -0.5001 -0.3213  0.8042

PART 9
OFFSET  8.0838  5.1080 -9.0193
X  0.8404 -0.4040  0.3612
Y  0.2088  0.8565  0.4721
Z -0.5001 -0.3213  0.8042

PART 10
OFFSET  10.4419  6.7508 -8.1419
X  0.9094 -0.2073  0.3606
Y -0.3976 -0.6878  0.6073
Z  0.1221 -0.6957 -0.7079

PART 11
OFFSET  10.5174  5.7082 -7.6843
X  0.5918 -0.7287  0.3445
Y -0.7918 -0.4456  0.4177
Z -0.1509 -0.5200 -0.8407

PART 12
OFFSET  11.7071  4.0623 -6.9459
X  0.9369 -0.2368  0.2571
Y -0.3301 -0.8414  0.4278
Z  0.1150 -0.4857 -0.8665

PART 13
OFFSET  13.2521  3.6757 -6.6534
X  0.9516  0.2512 -0.1771
Y  0.3061 -0.8271  0.4715
Z -0.0280 -0.5029 -0.8639

PART 14
OFFSET  14.2851  3.9103 -6.8764
X  0.7835  0.3380  0.5214
Y -0.6198  0.4844  0.6174
Z -0.0439 -0.8069  0.5891

PART 15
OFFSET  11.6619  7.1713 -8.6301
X  0.9946  0.0960 -0.0383
Y  0.0372 -0.6787 -0.7335
Z -0.0964  0.7281 -0.6786

PART 16
OFFSET  13.9153  7.1977 -8.7073
X  0.6847 -0.7236 -0.0868
Y -0.7098 -0.6350 -0.3049
Z  0.1655  0.2704 -0.9484

PART 17
OFFSET  14.8847  6.1732 -8.8303
X -0.5449 -0.7713 -0.3289
Y -0.8099  0.5856 -0.0317
Z  0.2171  0.2491 -0.9438

PART 18
OFFSET  14.4017  5.4893 -9.1219
X -0.9824  0.1300 -0.1342
Y  0.0828  0.9468  0.3111
Z  0.1675  0.2945 -0.9409

PART 19
OFFSET  13.4684  5.6128 -9.2493
X  0.6752 -0.7364  0.0434
Y  0.7159  0.6683  0.2023
Z -0.1780 -0.1056  0.9784

PART 20
OFFSET  11.5806  6.7657 -8.0484
X  0.9883  0.0098  0.1524
Y  0.1208 -0.6604 -0.7411
Z  0.0934  0.7508 -0.6539

PART 21
OFFSET  14.1468  6.8787 -7.6481
X  0.4108 -0.8328 -0.3711
Y -0.8999 -0.3049 -0.3118
Z  0.1465  0.4621 -0.8746

PART 22
OFFSET  14.8461  5.4609 -8.2799
X -0.8508 -0.3888 -0.3536
Y -0.4991  0.8084  0.3120
Z  0.1645  0.4420 -0.8818

PART 23
OFFSET  13.6670  4.9220 -8.7700
X -0.7364  0.6505  0.1860
Y  0.6548  0.6162  0.4376
Z  0.1701  0.4441 -0.8797

PART 24
OFFSET  12.8684  5.6275 -8.5683
X  0.2377 -0.8631 -0.4456
Y  0.9506  0.1124  0.2893
Z -0.1996 -0.4924  0.8472

PART 25
OFFSET  12.6794  4.6469 -6.4453
X  0.9665 -0.2555  0.0250
Y  0.1319  0.5780  0.8053
Z -0.2202 -0.7750  0.5923

PART 26
OFFSET  13.6401  5.6829 -6.0156
X  0.4304 -0.7421 -0.5139
Y -0.8819 -0.2244 -0.4145
Z  0.1923  0.6316 -0.7510

PART 27
OFFSET  14.3978  4.3764 -6.9204
X -0.7734 -0.3068 -0.5547
Y -0.5704  0.7185  0.3980
Z  0.2764  0.6242 -0.7307

PART 28
OFFSET  13.4408  3.9655 -7.5503
X -0.8096  0.5451  0.2179
Y  0.5481  0.5690  0.6130
Z  0.2102  0.6157 -0.7594

PART 29
OFFSET  12.5263  4.5811 -7.3042
X -0.1721 -0.5179 -0.8379
Y  0.9007 -0.4272  0.0790
Z -0.3989 -0.7411  0.5400

PART 30
OFFSET  13.9964  6.3264 -6.8399
X  0.3812 -0.8205 -0.4260
Y -0.8870 -0.1948 -0.4186
Z  0.2604  0.5374 -0.8021

PART 31
OFFSET  14.7411  4.7235 -7.6720
X -0.8836 -0.2150 -0.4159
Y -0.4059  0.7944  0.4518
Z  0.2333  0.5680 -0.7893

PART 32
OFFSET  13.4504  4.4095 -8.2795
X -0.7194  0.6310  0.2902
Y  0.6536  0.4736  0.5903
Z  0.2351  0.6144 -0.7532

PART 33
OFFSET  12.6368  5.1282 -7.9565
X  0.1192 -0.8256 -0.5515
Y  0.9781  0.0022  0.2081
Z -0.1706 -0.5642  0.8078

PART 34
OFFSET  13.3078  5.4993 -8.5702
X  0.0488  0.7166 -0.6958
Y -0.1221  0.6957  0.7079
Z  0.9913  0.0505  0.1215

PART 35
OFFSET  13.8847 -11.1400 -7.9575
X -0.2180 -0.8672 -0.4477
Y  0.0723 -0.4718  0.8787
Z -0.9733  0.1592  0.1655

PART 36
OFFSET  13.8847 -11.1400 -7.9575
X -0.2180 -0.8672 -0.4477
Y  0.0723 -0.4718  0.8787
Z -0.9733  0.1592  0.1655

PART 37
OFFSET  13.0131 -14.6080 -9.7479
X -0.2180 -0.8672 -0.4477
Y  0.0723 -0.4718  0.8787
Z -0.9733  0.1592  0.1655

PART 38
OFFSET  11.2112 -13.3704 -8.9351
X -0.2180 -0.8672 -0.4477
Y  0.0723 -0.4718  0.8787
Z -0.9733  0.1592  0.1655

PART 39
OFFSET  14.1205 -14.1732 -9.6056
X -0.2180 -0.8672 -0.4477
Y  0.0723 -0.4718  0.8787
Z -0.9733  0.1592  0.1655

PART 40
OFFSET  14.2505 -14.1835 -9.5978
X -0.2180 -0.8672 -0.4477
Y  0.0723 -0.4718  0.8787
Z -0.9733  0.1592  0.1655

PART 41
OFFSET  13.5124  5.5199 -8.0334
X  0.3523  0.4069 -0.8428
Y -0.3783 -0.7618 -0.5260
Z -0.8560  0.5041 -0.1145

PART 42
OFFSET  13.5124  5.5199 -8.0334
X  0.3523  0.4069 -0.8428
Y -0.3783 -0.7618 -0.5260
Z -0.8560  0.5041 -0.1145

PART 43
OFFSET  16.7530  7.9666 -13.9049
X  0.8560 -0.5041  0.1145
Y -0.3783 -0.7618 -0.5260
Z  0.3523  0.4069 -0.8428

PART 44
OFFSET  13.0131 -14.6080 -9.7479
X -0.2180 -0.8672 -0.4477
Y  0.0723 -0.4718  0.8787
Z -0.9733  0.1592  0.1655

PART 45
OFFSET -6.0573 -7.9373 -2.8236
X -0.5448  0.4129  0.7298
Y -0.5073 -0.8553  0.1052
Z  0.6677 -0.3129  0.6755

PART 46
OFFSET  0.5317 -12.9310 -11.6502
X -0.9202 -0.0866 -0.3817
Y  0.3794 -0.4368 -0.8156
Z -0.0961 -0.8954  0.4348

PART 47
OFFSET  8.3586 -12.1943 -8.4038
X -0.9202 -0.0866 -0.3817
Y  0.1132 -0.9924 -0.0477
Z -0.3747 -0.0871  0.9231

PART 48
OFFSET  9.5446 -9.9136 -8.0054
X -0.9222 -0.0816 -0.3780
Y  0.0932  0.9018 -0.4220
Z  0.3753 -0.4244 -0.8240

PART 49
OFFSET  9.3631 -10.4162 -6.4487
X -0.9222 -0.0816 -0.3780
Y  0.0932  0.9018 -0.4220
Z  0.3753 -0.4244 -0.8240

PART 50
OFFSET  9.4887 -12.0839 -6.1186
X -0.9222 -0.0816 -0.3780
Y  0.0932  0.9018 -0.4220
Z  0.3753 -0.4244 -0.8240

PART 51
OFFSET  11.1797 -11.9287 -7.2337
X -0.9677 -0.1672 -0.1888
Y  0.1784 -0.9830 -0.0440
Z -0.1783 -0.0762  0.9810

PART 52
OFFSET  11.5160 -10.8736 -7.5091
X -0.6501 -0.7160  0.2542
Y  0.7047 -0.6933 -0.1505
Z  0.2841  0.0813  0.9554

PART 53
OFFSET  12.8328 -9.2638 -8.0959
X -0.9909 -0.1251  0.0501
Y  0.1316 -0.9785  0.1586
Z  0.0292  0.1637  0.9861

PART 54
OFFSET  14.4370 -9.1386 -8.2777
X -0.7644  0.6426  0.0523
Y -0.6232 -0.7572  0.1954
Z  0.1652  0.1168  0.9793

PART 55
OFFSET  15.2666 -9.8260 -8.3824
X -0.7988  0.2433 -0.5502
Y  0.5024 -0.2332 -0.8326
Z -0.3309 -0.9415  0.0640

PART 56
OFFSET  12.2256 -12.8244 -7.3192
X -0.9730  0.1337  0.1882
Y  0.1732 -0.1163  0.9780
Z  0.1526  0.9842  0.0900

PART 57
OFFSET  14.4127 -12.9672 -7.8490
X -0.2836 -0.5015  0.8174
Y  0.9279 -0.3587  0.1019
Z  0.2421  0.7873  0.5670

PART 58
OFFSET  14.8142 -12.2572 -9.0062
X  0.8387 -0.4565  0.2969
Y  0.5046  0.4465 -0.7389
Z  0.2048  0.7696  0.6048

PART 59
OFFSET  14.0706 -11.8524 -9.2694
X  0.9730 -0.1987 -0.1176
Y  0.0153  0.5637 -0.8259
Z  0.2304  0.8017  0.5515

PART 60
OFFSET  13.1462 -11.6637 -9.1577
X -0.7871 -0.3178  0.5286
Y -0.5854  0.6547 -0.4781
Z -0.1942 -0.6858 -0.7014

PART 61
OFFSET  12.2950 -12.1450 -7.1115
X -0.9981  0.0327 -0.0518
Y -0.0529 -0.0351  0.9980
Z  0.0308  0.9988  0.0368

PART 62
OFFSET  14.8797 -12.3790 -6.9605
X -0.3377 -0.4234  0.8406
Y  0.9307 -0.2835  0.2310
Z  0.1405  0.8604  0.4898

PART 63
OFFSET  15.4546 -11.6581 -8.3917
X  0.8309 -0.3798  0.4066
Y  0.5281  0.3082 -0.7913
Z  0.1753  0.8722  0.4566

PART 64
OFFSET  14.3030 -11.1317 -8.9552
X  0.9792 -0.0801 -0.1864
Y -0.1450  0.3659 -0.9193
Z  0.1418  0.9272  0.3466

PART 65
OFFSET  13.2410 -11.0448 -8.7531
X -0.7124 -0.0977  0.6949
Y -0.6860  0.3055 -0.6604
Z -0.1477 -0.9472 -0.2847

PART 66
OFFSET  6.9059 -11.8342 -7.4566
X -0.9945  0.0116  0.1036
Y -0.1038 -0.0141 -0.9945
Z -0.0101 -0.9998  0.0152

PART 67
OFFSET  14.7495 -10.5642 -6.1001
X -0.5104 -0.3789  0.7720
Y  0.8372 -0.0137  0.5468
Z -0.1966  0.9253  0.3242

PART 68
OFFSET  15.6480 -9.8971 -7.4593
X  0.8238  0.0352  0.5658
Y  0.5139  0.3748 -0.7716
Z -0.2392  0.9264  0.2906

PART 69
OFFSET  14.6320 -9.8836 -8.1295
X  0.9811  0.1905 -0.0335
Y -0.0911  0.3021 -0.9489
Z -0.1707  0.9340  0.3137

PART 70
OFFSET  13.5238 -10.0988 -8.0916
X -0.2852 -0.0720  0.9558
Y -0.9314 -0.2146 -0.2941
Z  0.2263 -0.9740 -0.0059

PART 71
OFFSET  14.8718 -11.6348 -6.3440
X -0.4501 -0.4018  0.7975
Y  0.8858 -0.0882  0.4556
Z -0.1127  0.9115  0.3956

PART 72
OFFSET  15.7511 -10.8498 -7.9018
X  0.8423 -0.1762  0.5094
Y  0.5390  0.2783 -0.7950
Z -0.0017  0.9442  0.3294

PART 73
OFFSET  14.5209 -10.5925 -8.6460
X  0.9681  0.1255 -0.2169
Y -0.2403  0.2190 -0.9457
Z -0.0712  0.9676  0.2422

PART 74
OFFSET  13.4248 -10.7414 -8.4026
X -0.5843 -0.2980  0.7549
Y -0.8101  0.1587 -0.5644
Z  0.0484 -0.9413 -0.3342

PART 75
OFFSET  0.0000 -0.0000 -0.0000
X  1.0000 -0.0000  0.0000
Y  0.0000  1.0000  0.0000
Z  0.0000 -0.0000  1.0000

PART 76
OFFSET  0.0000 -0.0000 -0.0000
X  1.0000 -0.0000  0.0000
Y  0.0000  1.0000  0.0000
Z  0.0000 -0.0000  1.0000

PART 77
OFFSET  1.5404 -0.0000  4.1357
X  1.0000 -0.0000  0.0000
Y  0.0000  1.0000  0.0000
Z  0.0000 -0.0000  1.0000


FRAME 1454
PART 0
OFFSET  0.0000 -0.0000 -0.0000
X  1.0000 -0.0000  0.0000
Y  0.0000  1.0000  0.0000
Z  0.0000 -0.0000  1.0000

PART 1
OFFSET -4.6318 -0.0000 -1.3770
X  1.0000 -0.0000  0.0000
Y  0.0000  1.0000  0.0000
Z  0.0000 -0.0000  1.0000

PART 2
OFFSET -6.2831  7.9373 -3.1869
X  0.6281  0.3068 -0.7150
Y  0.2238 -0.9514 -0.2116
Z -0.7452 -0.0271 -0.6663

PART 3
OFFSET  1.3135  11.6480 -11.8346
X  0.8106 -0.4309  0.3966
Y -0.5549 -0.3486  0.7554
Z -0.1873 -0.8323 -0.5217

PART 4
OFFSET  8.2078  7.9827 -8.4616
X  0.8106 -0.4309  0.3966
