// Export filename: `C:\projects\cod\t5\xanim_export\t5_viewmodels\briefcase_bomb\briefcase_bomb_idle.XANIM_EXPORT`
// Source filename: `D:\projects\devanim\t5\animation_assets\viewmodels\briefcase_bomb\briefcase_bomb_animated.fbx`
// Export time: Sat Sep 11 20:32:08 2010

ANIMATION
VERSION 3

NUMPARTS 77
PART 0 "tag_view"
PART 1 "tag_ads"
PART 2 "tag_torso"
PART 3 "J_Shoulder_LE"
PART 4 "J_Elbow_LE"
PART 5 "J_WristTwist_LE"
PART 6 "J_Sleave_Reshape_Bottom_LE_1"
PART 7 "J_Sleave_Reshape_Bottom_LE_2"
PART 8 "J_Sleave_Reshape_Top_LE_1"
PART 9 "J_Sleave_Reshape_Top_LE_2"
PART 10 "J_Sleave_Reshape_Top_LE_3"
PART 11 "J_Wrist_LE"
PART 12 "J_Thumb_LE_0"
PART 13 "J_Thumb_LE_1"
PART 14 "J_Thumb_LE_2"
PART 15 "J_Thumb_LE_3"
PART 16 "J_PinkyPalm_LE"
PART 17 "J_Pinky_LE_0"
PART 18 "J_Pinky_LE_1"
PART 19 "J_Pinky_LE_2"
PART 20 "J_Pinky_LE_3"
PART 21 "J_RingPalm_LE"
PART 22 "J_Ring_LE_0"
PART 23 "J_Ring_LE_1"
PART 24 "J_Ring_LE_2"
PART 25 "J_Ring_LE_3"
PART 26 "J_Webbing_LE"
PART 27 "J_Index_LE_0"
PART 28 "J_Index_LE_1"
PART 29 "J_Index_LE_2"
PART 30 "J_Index_LE_3"
PART 31 "J_Mid_LE_0"
PART 32 "J_Mid_LE_1"
PART 33 "J_Mid_LE_2"
PART 34 "J_Mid_LE_3"
PART 35 "tag_knife_attach"
PART 36 "tag_weapon"
PART 37 "J_Gun"
PART 38 "J_Open"
PART 39 "J_Locks"
PART 40 "J_Handle"
PART 41 "J_Support_Base"
PART 42 "J_Support_Mid"
PART 43 "J_Shoulder_RI"
PART 44 "J_Elbow_RI"
PART 45 "J_WristTwist_RI"
PART 46 "J_Sleave_Reshape_Top_RI_3"
PART 47 "J_Sleave_Reshape_Top_RI_2"
PART 48 "J_Sleave_Reshape_Top_RI_1"
PART 49 "J_Wrist_RI"
PART 50 "J_Thumb_RI_0"
PART 51 "J_Thumb_RI_1"
PART 52 "J_Thumb_RI_2"
PART 53 "J_Thumb_RI_3"
PART 54 "J_PinkyPalm_RI"
PART 55 "J_Pinky_RI_0"
PART 56 "J_Pinky_RI_1"
PART 57 "J_Pinky_RI_2"
PART 58 "J_Pinky_RI_3"
PART 59 "J_RingPalm_RI"
PART 60 "J_Ring_RI_0"
PART 61 "J_Ring_RI_1"
PART 62 "J_Ring_RI_2"
PART 63 "J_Ring_RI_3"
PART 64 "J_Webbing_RI"
PART 65 "J_Index_RI_0"
PART 66 "J_Index_RI_1"
PART 67 "J_Index_RI_2"
PART 68 "J_Index_RI_3"
PART 69 "J_Mid_RI_0"
PART 70 "J_Mid_RI_1"
PART 71 "J_Mid_RI_2"
PART 72 "J_Mid_RI_3"
PART 73 "tag_cambone"
PART 74 "tag_camera"
PART 75 "tag_gasmask"
PART 76 "tag_gasmask2"

FRAMERATE 30
NUMFRAMES 26

FRAME 75
PART 0
OFFSET  0.0000 -0.0000 -0.0000
X  1.0000 -0.0000  0.0000
Y  0.0000  1.0000  0.0000
Z  0.0000 -0.0000  1.0000

PART 1
OFFSET  0.0000 -0.0000 -0.0000
X  1.0000 -0.0000  0.0000
Y  0.0000  1.0000  0.0000
Z  0.0000 -0.0000  1.0000

PART 2
OFFSET -4.6318 -0.0000 -1.3770
X  1.0000 -0.0000  0.0000
Y  0.0000  1.0000  0.0000
Z  0.0000 -0.0000  1.0000

PART 3
OFFSET  0.7970  8.9047 -7.9500
X  0.6213 -0.0855 -0.7789
Y -0.0511 -0.9963  0.0687
Z -0.7819 -0.0029 -0.6234

PART 4
OFFSET  8.3116  7.8703 -17.3694
X  0.6391 -0.5043  0.5807
Y -0.6291  0.0916  0.7719
Z -0.4425 -0.8587 -0.2587

PART 5
OFFSET  13.7473  3.5810 -12.4300
X  0.6391 -0.5043  0.5807
Y  0.2734  0.8547  0.4413
Z -0.7189 -0.1233  0.6841

PART 6
OFFSET  15.8795  4.0687 -11.9491
X  0.6440 -0.5025  0.5768
Y  0.4497  0.8587  0.2460
Z -0.6189  0.1010  0.7789

PART 7
OFFSET  14.8621  2.3275 -12.9991
X  0.6440 -0.5025  0.5768
Y  0.4497  0.8587  0.2460
Z -0.6189  0.1010  0.7789

PART 8
OFFSET  14.5638  3.7542 -9.8712
X  0.6440 -0.5025  0.5768
Y  0.4497  0.8587  0.2460
Z -0.6189  0.1010  0.7789

PART 9
OFFSET  13.9026  2.6186 -10.3031
X  0.6440 -0.5025  0.5768
Y  0.4497  0.8587  0.2460
Z -0.6189  0.1010  0.7789

PART 10
OFFSET  13.6946  1.9406 -11.3200
X  0.6440 -0.5025  0.5768
Y  0.4497  0.8587  0.2460
Z -0.6189  0.1010  0.7789

PART 11
OFFSET  15.7065  2.0350 -10.6497
X  0.8926  0.0332  0.4496
Y -0.1573  0.9575  0.2416
Z -0.4225 -0.2864  0.8599

PART 12
OFFSET  15.7828  2.8563 -9.8612
X  0.5659  0.7661  0.3047
Y  0.2632  0.1823 -0.9474
Z -0.7813  0.6163 -0.0985

PART 13
OFFSET  16.9867  4.5621 -9.3037
X  0.7107  0.5261  0.4669
Y  0.1963  0.4891 -0.8499
Z -0.6755  0.6957  0.2444

PART 14
OFFSET  18.0467  5.4602 -8.4719
X  0.6042  0.7580  0.2459
Y  0.1257  0.2140 -0.9687
Z -0.7869  0.6162  0.0340

PART 15
OFFSET  18.6662  6.3117 -8.2209
X  0.9773  0.2078 -0.0400
Y  0.2112 -0.9698  0.1221
Z -0.0134 -0.1278 -0.9917

PART 16
OFFSET  16.5449  0.9799 -10.3542
X  0.5712 -0.5932  0.5674
Y -0.7365 -0.0652  0.6733
Z -0.3624 -0.8024 -0.4741

PART 17
OFFSET  17.7907 -0.2441 -8.9278
X  0.8562 -0.4139  0.3091
Y -0.3500 -0.0248  0.9364
Z -0.3799 -0.9100 -0.1661

PART 18
OFFSET  19.0029 -0.8301 -8.4901
X  0.8328 -0.3705  0.4112
Y -0.4462 -0.0099  0.8949
Z -0.3275 -0.9288 -0.1736

PART 19
OFFSET  19.7414 -1.1586 -8.1255
X  0.8643 -0.3821  0.3271
Y -0.3470  0.0178  0.9377
Z -0.3642 -0.9239 -0.1172

PART 20
OFFSET  20.5625 -1.5216 -7.8148
X -0.3906  0.4147 -0.8219
Y -0.8641  0.1426  0.4826
Z  0.3173  0.8987  0.3026

PART 21
OFFSET  16.6957  1.6635 -10.2148
X  0.8952 -0.2642  0.3588
Y -0.4334 -0.3288  0.8391
Z -0.1037 -0.9067 -0.4088

PART 22
OFFSET  18.6501  0.6648 -8.8214
X  0.8818 -0.3236  0.3429
Y -0.3995 -0.1263  0.9080
Z -0.2505 -0.9377 -0.2406

PART 23
OFFSET  20.1514  0.1138 -8.2375
X  0.8105 -0.3166  0.4928
Y -0.5418 -0.0853  0.8362
Z -0.2227 -0.9447 -0.2407

PART 24
OFFSET  21.2747 -0.3250 -7.5545
X  0.8181 -0.3210  0.4772
Y -0.5278 -0.0896  0.8446
Z -0.2283 -0.9428 -0.2428

PART 25
OFFSET  22.1619 -0.6731 -7.0370
X -0.3800  0.2678 -0.8854
Y -0.8910  0.1511  0.4281
Z  0.2485  0.9515  0.1812

PART 26
OFFSET  17.9819  3.5041 -8.4191
X  0.7528 -0.2336  0.6154
Y  0.6572  0.3209 -0.6820
Z -0.0382  0.9179  0.3951

PART 27
OFFSET  19.2230  2.9929 -9.0351
X  0.8405  0.1363  0.5244
Y -0.4962 -0.1947  0.8461
Z  0.2175 -0.9713 -0.0960

PART 28
OFFSET  20.7028  3.2330 -8.1119
X  0.8438  0.0791  0.5308
Y -0.4988 -0.2494  0.8300
Z  0.1980 -0.9652 -0.1709

PART 29
OFFSET  21.7166  3.3878 -7.4561
X  0.8801  0.2260  0.4175
Y -0.3779 -0.1988  0.9042
Z  0.2873 -0.9536 -0.0896

PART 30
OFFSET  22.7107  3.6430 -6.9845
X  0.1355 -0.1623 -0.9774
Y -0.9830 -0.1454 -0.1121
Z -0.1239  0.9760 -0.1792

PART 31
OFFSET  19.2227  1.8992 -9.1909
X  0.8184 -0.1500  0.5548
Y -0.5711 -0.1045  0.8142
Z -0.0641 -0.9832 -0.1711

PART 32
OFFSET  20.8214  1.6063 -8.1072
X  0.8416 -0.1840  0.5077
Y -0.5288 -0.0899  0.8440
Z -0.1096 -0.9788 -0.1729

PART 33
OFFSET  22.0508  1.3375 -7.3655
X  0.8642 -0.2073  0.4584
Y -0.4783 -0.0564  0.8764
Z -0.1558 -0.9767 -0.1479

PART 34
OFFSET  23.0288  1.0959 -6.8481
X -0.3472  0.2574 -0.9018
Y -0.9314  0.0172  0.3635
Z  0.1091  0.9662  0.2338

PART 35
OFFSET  17.5675  1.1724 -8.2505
X -0.1699 -0.9069 -0.3856
Y  0.4225  0.2864 -0.8599
Z  0.8903 -0.3090  0.3345

PART 36
OFFSET  16.5015  0.4919 -7.9662
X  0.9195  0.1597  0.3591
Y -0.1569  0.9869 -0.0370
Z -0.3603 -0.0223  0.9326

PART 37
OFFSET  16.5015  0.4919 -7.9662
X  0.9195  0.1597  0.3591
Y -0.1569  0.9869 -0.0370
Z -0.3603 -0.0223  0.9326

PART 38
OFFSET  21.9611  1.5491 -2.9223
X  0.9196  0.1595  0.3591
Y -0.1567  0.9869 -0.0371
Z -0.3603 -0.0222  0.9326

PART 39
OFFSET  16.5393  1.2306  10.7522
X -0.6023 -0.0630  0.7958
Y -0.1569  0.9868 -0.0406
Z -0.7827 -0.1493 -0.6042

PART 40
OFFSET  8.9252 -0.7429 -8.7722
X  0.4146  0.1001  0.9045
Y -0.1575  0.9868 -0.0370
Z -0.8963 -0.1271  0.4249

PART 41
OFFSET  19.0144  1.0044 -4.9546
X  0.4520  0.1053  0.8858
Y -0.1571  0.9869 -0.0372
Z -0.8780 -0.1224  0.4627

PART 42
OFFSET  20.1885  1.2779 -2.6540
X  0.4484  0.1045  0.8877
Y -0.1569  0.9869 -0.0369
Z -0.8800 -0.1227  0.4589

PART 43
OFFSET -6.8859 -10.0612 -7.9971
X -0.9655  0.2537 -0.0589
Y -0.2368 -0.7609  0.6041
Z  0.1084  0.5972  0.7947

PART 44
OFFSET  4.7906 -13.1297 -7.2846
X -0.8838 -0.3726 -0.2830
Y  0.4437 -0.8594 -0.2542
Z -0.1485 -0.3502  0.9248

PART 45
OFFSET  12.3076 -9.9606 -4.8777
X -0.8838 -0.3726 -0.2830
Y  0.3414 -0.9271  0.1545
Z -0.3199  0.0399  0.9466

PART 46
OFFSET  13.6879 -8.1647 -6.0428
X -0.8860 -0.3664 -0.2842
Y  0.1446  0.3641 -0.9201
Z  0.4406 -0.8563 -0.2696

PART 47
OFFSET  13.5440 -7.7256 -4.8229
X -0.8860 -0.3664 -0.2842
Y  0.1446  0.3641 -0.9201
Z  0.4406 -0.8563 -0.2696

PART 48
OFFSET  13.3873 -8.7183 -2.6863
X -0.8860 -0.3664 -0.2842
Y  0.1446  0.3641 -0.9201
Z  0.4406 -0.8563 -0.2696

PART 49
OFFSET  15.0170 -8.8183 -4.0101
X -0.5297 -0.6707 -0.5192
Y  0.6014 -0.7287  0.3276
Z -0.5981 -0.1387  0.7893

PART 50
OFFSET  14.9205 -7.7565 -4.4168
X -0.2889 -0.9465 -0.1440
Y  0.9445 -0.3064  0.1188
Z -0.1565 -0.1016  0.9824

PART 51
OFFSET  15.4584 -5.6778 -4.1727
X -0.7623 -0.4920 -0.4205
Y  0.4992 -0.8605  0.1018
Z -0.4119 -0.1323  0.9016

PART 52
OFFSET  16.7650 -4.9201 -3.5888
X -0.6686 -0.6879 -0.2824
Y  0.6898 -0.7156  0.1100
Z -0.2778 -0.1213  0.9530

PART 53
OFFSET  17.4889 -4.1585 -3.3288
X -0.1729 -0.5774 -0.7979
Y  0.3907  0.7035 -0.5937
Z  0.9041 -0.4144  0.1039

PART 54
OFFSET  16.2301 -9.0031 -3.3794
X -0.8493 -0.1456 -0.5075
Y -0.5041 -0.0620  0.8614
Z -0.1569  0.9874 -0.0208

PART 55
OFFSET  18.1773 -8.5245 -2.3478
X -0.2240 -0.2298  0.9471
Y  0.5214  0.7928  0.3157
Z -0.8234  0.5646 -0.0578

PART 56
OFFSET  18.4944 -8.1991 -3.6887
X  0.5244  0.8257 -0.2078
Y -0.0961 -0.1851 -0.9780
Z -0.8461  0.5328 -0.0178

PART 57
OFFSET  18.0295 -8.9313 -3.5044
X -0.1149 -0.3398 -0.9335
Y -0.5053 -0.7890  0.3494
Z -0.8552  0.5119 -0.0810

PART 58
OFFSET  18.1387 -8.6085 -2.6176
X  0.5288  0.6812  0.5064
Y -0.4156 -0.3123  0.8542
Z  0.7400 -0.6622  0.1180

PART 59
OFFSET  15.8634 -8.3906 -3.3728
X -0.7341 -0.4208 -0.5329
Y -0.5624 -0.0631  0.8245
Z -0.3805  0.9050 -0.1904

PART 60
OFFSET  17.8128 -7.4344 -1.9431
X -0.3632 -0.2190  0.9056
Y  0.5733  0.7137  0.4025
Z -0.7345  0.6654 -0.1336

PART 61
OFFSET  18.4311 -7.0614 -3.4849
X  0.6587  0.7522 -0.0158
Y  0.0746 -0.0862 -0.9935
Z -0.7487  0.6532 -0.1129

PART 62
OFFSET  17.5182 -8.1040 -3.4630
X -0.0234 -0.1970 -0.9801
Y -0.6579 -0.7352  0.1635
Z -0.7528  0.6486 -0.1124

PART 63
OFFSET  17.5436 -7.8903 -2.4000
X  0.3579  0.6133  0.7041
Y -0.4926 -0.5166  0.7004
Z  0.7932 -0.5975  0.1172

PART 64
OFFSET  11.9831 -11.0677 -6.0250
X -0.7810 -0.5287 -0.3324
Y  0.4414 -0.0907 -0.8927
Z  0.4418 -0.8440  0.3042

PART 65
OFFSET  16.4053 -5.7070 -1.9407
X -0.7206 -0.3134  0.6185
Y  0.5029  0.3778  0.7774
Z -0.4773  0.8712 -0.1146

PART 66
OFFSET  17.6741 -5.1552 -3.0296
X -0.4580 -0.1042  0.8828
Y  0.7348  0.5147  0.4419
Z -0.5004  0.8510 -0.1591

PART 67
OFFSET  18.2004 -4.9768 -4.1125
X -0.6564 -0.3272  0.6798
Y  0.5504  0.4085  0.7281
Z -0.5159  0.8521 -0.0880

PART 68
OFFSET  18.9418 -4.6073 -4.8803
X -0.4283 -0.0226 -0.9033
Y  0.8538  0.3173 -0.4127
Z  0.2960 -0.9480 -0.1167

PART 69
OFFSET  17.1086 -6.5442 -1.7822
X -0.5527 -0.2189  0.8041
Y  0.6780  0.4429  0.5866
Z -0.4846  0.8694 -0.0964

PART 70
OFFSET  18.1883 -6.1165 -3.3531
X  0.8128  0.4614  0.3555
Y  0.3689  0.0645 -0.9272
Z -0.4508  0.8848 -0.1178

PART 71
OFFSET  17.0011 -6.7905 -3.8723
X  0.3800  0.0108 -0.9249
Y -0.8069 -0.4850 -0.3371
Z -0.4522  0.8744 -0.1756

PART 72
OFFSET  16.5734 -6.8092 -2.8238
X  0.2529  0.2456  0.9358
Y -0.8934 -0.3119  0.3233
Z  0.3713 -0.9178  0.1406

PART 73
OFFSET  0.0000 -0.0000 -0.0000
X  1.0000 -0.0000  0.0000
Y  0.0000  1.0000  0.0000
Z  0.0000 -0.0000  1.0000

PART 74
OFFSET  0.0000 -0.0000 -0.0000
X  1.0000 -0.0000  0.0000
Y  0.0000  1.0000  0.0000
Z  0.0000 -0.0000  1.0000

PART 75
OFFSET  1.5404 -0.0000  4.1357
X  1.0000 -0.0000  0.0000
Y  0.0000  1.0000  0.0000
Z  0.0000 -0.0000  1.0000

PART 76
OFFSET -4.6318 -0.0000 -1.3770
X  1.0000 -0.0000  0.0000
Y  0.0000  1.0000  0.0000
Z  0.0000 -0.0000  1.0000


FRAME 76
PART 0
OFFSET  0.0000 -0.0000 -0.0000
X  1.0000 -0.0000  0.0000
Y  0.0000  1.0000  0.0000
Z  0.0000 -0.0000  1.0000

PART 1
OFFSET  0.0000 -0.0000 -0.0000
X  1.0000 -0.0000  0.0000
Y  0.0000  1.0000  0.0000
Z  0.0000 -0.0000  1.0000

PART 2
OFFSET -4.6318 -0.0000 -1.3770
X  1.0000 -0.0000  0.0000
Y  0.0000  1.0000  0.0000
Z  0.0000 -0.0000  1.0000

PART 3
OFFSET  0.7036  8.9047 -7.9500
X  0.6287 -0.0793 -0.7736
Y -0.0504 -0.9969  0.0612
Z -0.7760  0.0005 -0.6307

PART 4
OFFSET  8.3074  7.9457 -17.3055
X  0.6401 -0.5083  0.5760
Y -0.6305  0.0807  0.7719
Z -0.4389 -0.8574 -0.2689

PART 5
OFFSET  13.7519  3.6219 -12.4060
X  0.6401 -0.5083  0.5760
Y  0.2791  0.8524  0.4421
Z -0.7158 -0.1223  0.6875

PART 6
OFFSET  15.8886  4.1355 -11.9038
X  0.6450 -0.5065  0.5722
Y  0.4461  0.8575  0.2562
Z -0.6204  0.0900  0.7791

PART 7
OFFSET  14.8721  2.3790 -12.9873
X  0.6450 -0.5065  0.5722
Y  0.4461  0.8575  0.2562
Z -0.6204  0.0900  0.7791

PART 8
OFFSET  14.5722  3.7854 -9.8395
X  0.6450 -0.5065  0.5722
Y  0.4461  0.8575  0.2562
Z -0.6204  0.0900  0.7791

PART 9
OFFSET  13.9184  2.6447 -10.2946
X  0.6450 -0.5065  0.5722
Y  0.4461  0.8575  0.2562
Z -0.6204  0.0900  0.7791

PART 10
OFFSET  13.7037  1.9691 -11.3144
X  0.6450 -0.5065  0.5722
Y  0.4461  0.8575  0.2562
Z -0.6204  0.0900  0.7791

PART 11
OFFSET  15.7143  2.0635 -10.6401
X  0.8924  0.0314  0.4502
Y -0.1553  0.9580  0.2412
Z -0.4237 -0.2852  0.8598

PART 12
OFFSET  15.7919  2.8850 -9.8518
X  0.5674  0.7650  0.3047
Y  0.2642  0.1814 -0.9473
Z -0.7799  0.6180 -0.0992

PART 13
OFFSET  16.9992  4.5883 -9.2943
X  0.7116  0.5247  0.4672
Y  0.1979  0.4884 -0.8499
Z -0.6741  0.6973  0.2437

PART 14
OFFSET  18.0608  5.4843 -8.4621
X  0.6057  0.7567  0.2459
Y  0.1268  0.2133 -0.9687
Z -0.7855  0.6179  0.0332

PART 15
OFFSET  18.6820  6.3346 -8.2111
X  0.9778  0.2056 -0.0394
Y  0.2090 -0.9702  0.1226
Z -0.0130 -0.1281 -0.9917

PART 16
OFFSET  16.5502  1.0067 -10.3436
X  0.5695 -0.5942  0.5679
Y -0.7371 -0.0633  0.6729
Z -0.3639 -0.8018 -0.4740

PART 17
OFFSET  17.7923 -0.2195 -8.9160
X  0.8551 -0.4157  0.3098
Y -0.3507 -0.0236  0.9362
Z -0.3819 -0.9092 -0.1660

PART 18
OFFSET  19.0030 -0.8080 -8.4774
X  0.8318 -0.3722  0.4119
Y -0.4468 -0.0085  0.8946
Z -0.3295 -0.9281 -0.1734

PART 19
OFFSET  19.7404 -1.1381 -8.1122
X  0.8632 -0.3839  0.3278
Y -0.3475  0.0190  0.9375
Z -0.3661 -0.9232 -0.1170

PART 20
OFFSET  20.5605 -1.5028 -7.8008
X -0.3891  0.4152 -0.8223
Y -0.8641  0.1447  0.4820
Z  0.3192  0.8981  0.3025

PART 21
OFFSET  16.7024  1.6900 -10.2044
X  0.8944 -0.2661  0.3595
Y -0.4346 -0.3275  0.8389
Z -0.1055 -0.9066 -0.4086

PART 22
OFFSET  18.6536  0.6875 -8.8094
X  0.8809 -0.3255  0.3436
Y -0.4003 -0.1251  0.9078
Z -0.2525 -0.9373 -0.2404

PART 23
OFFSET  20.1534  0.1334 -8.2244
X  0.8095 -0.3182  0.4934
Y -0.5425 -0.0838  0.8359
Z -0.2246 -0.9443 -0.2405

PART 24
OFFSET  21.2753 -0.3077 -7.5406
X  0.8171 -0.3226  0.4778
Y -0.5285 -0.0881  0.8443
Z -0.2303 -0.9424 -0.2425

PART 25
OFFSET  22.1614 -0.6576 -7.0224
X -0.3789  0.2683 -0.8857
Y -0.8909  0.1533  0.4275
Z  0.2505  0.9511  0.1810

PART 26
OFFSET  17.9916  3.5284 -8.4086
X  0.7519 -0.2350  0.6160
Y  0.6583  0.3192 -0.6818
Z -0.0364  0.9181  0.3947

PART 27
OFFSET  19.2319  3.0142 -9.0236
X  0.8405  0.1347  0.5248
Y -0.4972 -0.1933  0.8458
Z  0.2154 -0.9719 -0.0955

PART 28
OFFSET  20.7117  3.2513 -8.0996
X  0.8436  0.0774  0.5313
Y -0.4999 -0.2479  0.8298
Z  0.1960 -0.9657 -0.1705

PART 29
OFFSET  21.7254  3.4041 -7.4433
X  0.8804  0.2242  0.4180
Y -0.3789 -0.1976  0.9041
Z  0.2853 -0.9543 -0.0891

PART 30
OFFSET  22.7198  3.6573 -6.9712
X  0.1357 -0.1630 -0.9773
Y -0.9833 -0.1433 -0.1126
Z -0.1216  0.9762 -0.1797

PART 31
OFFSET  19.2292  1.9205 -9.1791
X  0.8177 -0.1516  0.5553
Y -0.5718 -0.1029  0.8139
Z -0.0662 -0.9831 -0.1708

PART 32
OFFSET  20.8267  1.6244 -8.0942
X  0.8409 -0.1857  0.5083
Y -0.5295 -0.0884  0.8437
Z -0.1117 -0.9786 -0.1726

PART 33
OFFSET  22.0550  1.3532 -7.3518
X  0.8635 -0.2091  0.4590
Y -0.4790 -0.0550  0.8761
Z -0.1579 -0.9764 -0.1476

PART 34
OFFSET  23.0322  1.1095 -6.8336
X -0.3461  0.2578 -0.9021
Y -0.9316  0.0194  0.3630
Z  0.1111  0.9660  0.2335

PART 35
OFFSET  17.5719  1.1977 -8.2394
X -0.1717 -0.9067 -0.3853
Y  0.4237  0.2852 -0.8598
Z  0.8894 -0.3109  0.3352

PART 36
OFFSET  16.5042  0.5197 -7.9555
X  0.9197  0.1577  0.3596
Y -0.1547  0.9873 -0.0375
Z -0.3609 -0.0211  0.9323

PART 37
OFFSET  16.5042  0.5197 -7.9555
X  0.9197  0.1577  0.3596
Y -0.1547  0.9873 -0.0375
Z -0.3609 -0.0211  0.9323

PART 38
OFFSET  21.9630  1.5666 -2.9086
X  0.9197  0.1576  0.3596
Y -0.1545  0.9873 -0.0375
Z -0.3610 -0.0210  0.9323

PART 39
OFFSET  16.5321  1.2655  10.7626
X -0.6029 -0.0614  0.7955
Y -0.1547  0.9871 -0.0411
Z -0.7827 -0.1478 -0.6046

PART 40
OFFSET  8.9257 -0.6984 -8.7656
X  0.4143  0.0995  0.9047
Y -0.1552  0.9872 -0.0375
Z -0.8968 -0.1249  0.4244

PART 41
OFFSET  19.0163  1.0278 -4.9425
X  0.4517  0.1047  0.8860
Y -0.1550  0.9872 -0.0376
Z -0.8786 -0.1203  0.4622

PART 42
OFFSET  20.1897  1.2994 -2.6413
X  0.4481  0.1038  0.8879
Y -0.1546  0.9873 -0.0374
Z -0.8805 -0.1205  0.4584

PART 43
OFFSET -6.8859 -10.0612 -7.9971
X -0.9682  0.2410 -0.0675
Y -0.2335 -0.7727  0.5902
Z  0.0900  0.5872  0.8044

PART 44
OFFSET  4.8232 -12.9755 -7.1803
X -0.8890 -0.3537 -0.2909
Y  0.4309 -0.8610 -0.2701
Z -0.1550 -0.3655  0.9178

PART 45
OFFSET  12.3842 -9.9673 -4.7057
X -0.8890 -0.3537 -0.2909
Y  0.3291 -0.9351  0.1311
Z -0.3185  0.0208  0.9477

PART 46
OFFSET  13.7932 -8.1707 -5.8350
X -0.8911 -0.3474 -0.2921
Y  0.1513  0.3793 -0.9128
Z  0.4279 -0.8576 -0.2854

PART 47
OFFSET  13.6543 -7.7527 -4.6071
X -0.8911 -0.3474 -0.2921
Y  0.1513  0.3793 -0.9128
Z  0.4279 -0.8576 -0.2854

PART 48
OFFSET  13.4798 -8.7835 -2.4900
X -0.8911 -0.3474 -0.2921
Y  0.1513  0.3793 -0.9128
Z  0.4279 -0.8576 -0.2854

PART 49
OFFSET  15.1096 -8.8831 -3.8137
X -0.5381 -0.6709 -0.5101
Y  0.6088 -0.7280  0.3152
Z -0.5829 -0.1410  0.8003

PART 50
OFFSET  15.0034 -7.8209 -4.2170
X -0.2897 -0.9468 -0.1399
Y  0.9471 -0.3047  0.1006
Z -0.1378 -0.1033  0.9850

PART 51
OFFSET  15.5418 -5.7415 -3.9800
X -0.7692 -0.4929 -0.4068
Y  0.5027 -0.8597  0.0912
Z -0.3946 -0.1344  0.9090

PART 52
OFFSET  16.8576 -4.9821 -3.4197
X -0.6725 -0.6888 -0.2708
Y  0.6931 -0.7144  0.0960
Z -0.2596 -0.1231  0.9578

PART 53
OFFSET  17.5849 -4.2194 -3.1723
X -0.1868 -0.5766 -0.7954
Y  0.3781  0.7051 -0.5999
Z  0.9067 -0.4128  0.0863

PART 54
OFFSET  16.3347 -9.0663 -3.2063
X -0.8584 -0.1465 -0.4916
Y -0.4877 -0.0642  0.8706
Z -0.1591  0.9871 -0.0164

PART 55
OFFSET  18.2999 -8.5855 -2.2108
X -0.2169 -0.2198  0.9511
Y  0.5946  0.7430  0.3073
Z -0.7742  0.6322 -0.0305

PART 56
OFFSET  18.6070 -8.2742 -3.5573
X  0.5861  0.7809 -0.2158
Y -0.1377 -0.1665 -0.9764
Z -0.7984  0.6020  0.0099

PART 57
OFFSET  18.0873 -8.9667 -3.3660
X -0.1683 -0.3194 -0.9325
Y -0.5603 -0.7474  0.3571
Z -0.8110  0.5826 -0.0532

PART 58
OFFSET  18.2472 -8.6632 -2.4800
X  0.5977  0.6293  0.4968
Y -0.4172 -0.2850  0.8630
Z  0.6846 -0.7230  0.0921

PART 59
OFFSET  15.9670 -8.4546 -3.1918
X -0.7432 -0.4215 -0.5197
Y -0.5467 -0.0653  0.8348
Z -0.3858  0.9045 -0.1818

PART 60
OFFSET  17.9411 -7.4966 -1.7977
X -0.3512 -0.2104  0.9124
Y  0.6409  0.6564  0.3981
Z -0.6826  0.7245 -0.0957

PART 61
OFFSET  18.5391 -7.1384 -3.3510
X  0.7161  0.6977 -0.0220
Y  0.0365 -0.0689 -0.9970
Z -0.6971  0.7131 -0.0748

PART 62
OFFSET  17.5466 -8.1054 -3.3205
X -0.0696 -0.1718 -0.9827
Y -0.7093 -0.6842  0.1699
Z -0.7015  0.7088 -0.0743

PART 63
OFFSET  17.6221 -7.9190 -2.2548
X  0.4277  0.5665  0.7044
Y -0.5104 -0.4918  0.7054
Z  0.7460 -0.6612  0.0788

PART 64
OFFSET  12.0426 -11.1355 -5.7745
X -0.7861 -0.5297 -0.3184
Y  0.4247 -0.0886 -0.9010
Z  0.4490 -0.8435  0.2946

PART 65
OFFSET  16.5306 -5.7720 -1.7663
X -0.7082 -0.3157  0.6314
Y  0.5167  0.3777  0.7684
Z -0.4811  0.8704 -0.1043

PART 66
OFFSET  17.7775 -5.2161 -2.8780
X -0.4324 -0.1003  0.8961
Y  0.7470  0.5167  0.4183
Z -0.5049  0.8503 -0.1485

PART 67
OFFSET  18.2725 -5.0426 -3.9764
X -0.6114 -0.3062  0.7297
Y  0.5979  0.4253  0.6795
Z -0.5184  0.8517 -0.0769

PART 68
OFFSET  18.9631 -4.6966 -4.8006
X -0.4865 -0.0447 -0.8725
Y  0.8258  0.3026 -0.4759
Z  0.2853 -0.9521 -0.1103

PART 69
OFFSET  17.2383 -6.6081 -1.6223
X -0.5899 -0.2138  0.7787
Y  0.6669  0.4147  0.6191
Z -0.4553  0.8845 -0.1021

PART 70
OFFSET  18.3907 -6.1905 -3.1434
X  0.7692  0.4243  0.4778
Y  0.4814  0.1069 -0.8700
Z -0.4202  0.8992 -0.1220

PART 71
OFFSET  17.2671 -6.8102 -3.8413
X  0.5613  0.0950 -0.8221
Y -0.7162 -0.4420 -0.5401
Z -0.4147  0.8920 -0.1800

PART 72
OFFSET  16.6338 -6.9244 -2.9093
X  0.0536  0.1524  0.9869
Y -0.9378 -0.3318  0.1021
Z  0.3430 -0.9310  0.1251

PART 73
OFFSET  0.0000 -0.0000 -0.0000
X  1.0000 -0.0000  0.0000
Y  0.0000  1.0000  0.0000
Z  0.0000 -0.0000  1.0000

PART 74
OFFSET  0.0000 -0.0000 -0.0000
X  1.0000 -0.0000  0.0000
Y  0.0000  1.0000  0.0000
Z  0.0000 -0.0000  1.0000

PART 75
OFFSET  1.5404 -0.0000  4.1357
X  1.0000 -0.0000  0.0000
Y  0.0000  1.0000  0.0000
Z  0.0000 -0.0000  1.0000

PART 76
OFFSET -4.6318 -0.0000 -1.3770
X  1.0000 -0.0000  0.0000
Y  0.0000  1.0000  0.0000
Z  0.0000 -0.0000  1.0000


FRAME 77
PART 0
OFFSET  0.0000 -0.0000 -0.0000
X  1.0000 -0.0000  0.0000
Y  0.0000  1.0000  0.0000
Z  0.0000 -0.0000  1.0000

PART 1
OFFSET  0.0000 -0.0000 -0.0000
X  1.0000 -0.0000  0.0000
Y  0.0000  1.0000  0.0000
Z  0.0000 -0.0000  1.0000

PART 2
OFFSET -4.6318 -0.0000 -1.3770
X  1.0000 -0.0000  0.0000
Y  0.0000  1.0000  0.0000
Z  0.0000 -0.0000  1.0000

PART 3
OFFSET  0.6002  8.9047 -7.9500
X  0.6349 -0.0725 -0.7691
Y -0.0497 -0.9974  0.0531
Z -0.7710  0.0045 -0.6369

PART 4
OFFSET  8.2791  8.0274 -17.2520
X  0.6386 -0.5124  0.5742
Y -0.6343  0.0720  0.7697
Z -0.4357 -0.8557 -0.2790

PART 5
OFFSET  13.7104  3.6696 -12.3681
X  0.6386 -0.5124  0.5742
Y  0.2895  0.8513  0.4376
Z -0.7130 -0.1132  0.6919

PART 6
OFFSET  15.8498  4.2042 -11.8392
X  0.6435 -0.5104  0.5704
Y  0.4430  0.8561  0.2663
Z -0.6242  0.0813  0.7770

PART 7
OFFSET  14.8361  2.4347 -12.9557
X  0.6435 -0.5104  0.5704
Y  0.4430  0.8561  0.2663
Z -0.6242  0.0813  0.7770

PART 8
OFFSET  14.5256  3.8248 -9.7919
X  0.6435 -0.5104  0.5704
Y  0.4430  0.8561  0.2663
Z -0.6242  0.0813  0.7770

PART 9
OFFSET  13.8789  2.6802 -10.2697
X  0.6435 -0.5104  0.5704
Y  0.4430  0.8561  0.2663
Z -0.6242  0.0813  0.7770

PART 10
OFFSET  13.6608  2.0064 -11.2923
X  0.6435 -0.5104  0.5704
Y  0.4430  0.8561  0.2663
Z -0.6242  0.0813  0.7770

PART 11
OFFSET  15.6680  2.0989 -10.6077
X  0.8974  0.0268  0.4403
Y -0.1472  0.9591  0.2417
Z -0.4158 -0.2818  0.8647

PART 12
OFFSET  15.7589  2.9208 -9.8213
X  0.5750  0.7621  0.2976
Y  0.2548  0.1788 -0.9503
Z -0.7774  0.6223 -0.0914

PART 13
OFFSET  16.9820  4.6178 -9.2791
X  0.7197  0.5212  0.4587
Y  0.1913  0.4863 -0.8526
Z -0.6674  0.7014  0.2502

PART 14
OFFSET  18.0576  5.5087 -8.4597
X  0.6126  0.7536  0.2384
Y  0.1174  0.2115 -0.9703
Z -0.7816  0.6224  0.0411

PART 15
OFFSET  18.6864  6.3557 -8.2166
X  0.9785  0.2000 -0.0504
Y  0.2048 -0.9712  0.1215
Z -0.0246 -0.1292 -0.9913

PART 16
OFFSET  16.5010  1.0376 -10.3192
X  0.5723 -0.5968  0.5624
Y -0.7300 -0.0583  0.6810
Z -0.3736 -0.8002 -0.4691

PART 17
OFFSET  17.7518 -0.1940 -8.9038
X  0.8561 -0.4202  0.3009
Y -0.3405 -0.0206  0.9400
Z -0.3888 -0.9072 -0.1607

PART 18
OFFSET  18.9638 -0.7889 -8.4778
X  0.8341 -0.3765  0.4032
Y -0.4370 -0.0050  0.8994
Z -0.3366 -0.9264 -0.1687

PART 19
OFFSET  19.7034 -1.1227 -8.1203
X  0.8646 -0.3885  0.3188
Y -0.3371  0.0220  0.9412
Z -0.3726 -0.9212 -0.1119

PART 20
OFFSET  20.5247 -1.4918 -7.8175
X -0.3958  0.4165 -0.8185
Y -0.8579  0.1502  0.4913
Z  0.3276  0.8966  0.2979

PART 21
OFFSET  16.6587  1.7202 -10.1825
X  0.8968 -0.2708  0.3500
Y -0.4273 -0.3241  0.8441
Z -0.1151 -0.9065 -0.4063

PART 22
OFFSET  18.6194  0.7082 -8.8078
X  0.8828 -0.3301  0.3343
Y -0.3910 -0.1217  0.9123
Z -0.2604 -0.9361 -0.2365

PART 23
OFFSET  20.1223  0.1462 -8.2386
X  0.8130 -0.3223  0.4849
Y -0.5337 -0.0798  0.8419
Z -0.2326 -0.9433 -0.2369

PART 24
OFFSET  21.2491 -0.3004 -7.5665
X  0.8204 -0.3267  0.4692
Y -0.5197 -0.0842  0.8502
Z -0.2383 -0.9414 -0.2389

PART 25
OFFSET  22.1388 -0.6548 -7.0577
X -0.3870  0.2695 -0.8818
Y -0.8853  0.1588  0.4371
Z  0.2579  0.9498  0.1771

PART 26
OFFSET  17.9779  3.5533 -8.4031
X  0.7572 -0.2386  0.6080
Y  0.6526  0.3146 -0.6893
Z -0.0268  0.9187  0.3940

PART 27
OFFSET  19.2085  3.0313 -9.0311
X  0.8469  0.1305  0.5154
Y -0.4890 -0.1895  0.8515
Z  0.2088 -0.9732 -0.0967

PART 28
OFFSET  20.6996  3.2611 -8.1236
X  0.8498  0.0732  0.5220
Y -0.4922 -0.2441  0.8356
Z  0.1886 -0.9670 -0.1714

PART 29
OFFSET  21.7213  3.4088 -7.4786
X  0.8862  0.2196  0.4080
Y -0.3701 -0.1944  0.9084
Z  0.2788 -0.9560 -0.0910

PART 30
OFFSET  22.7222  3.6569 -7.0177
X  0.1241 -0.1649 -0.9785
Y -0.9852 -0.1378 -0.1017
Z -0.1180  0.9766 -0.1795

PART 31
OFFSET  19.1979  1.9375 -9.1852
X  0.8229 -0.1556  0.5465
Y -0.5634 -0.0987  0.8202
Z -0.0737 -0.9829 -0.1689

PART 32
OFFSET  20.8054  1.6335 -8.1175
X  0.8454 -0.1899  0.4993
Y -0.5207 -0.0844  0.8495
Z -0.1192 -0.9782 -0.1702

PART 33
OFFSET  22.0402  1.3562 -7.3882
X  0.8673 -0.2135  0.4497
Y -0.4697 -0.0513  0.8814
Z -0.1651 -0.9756 -0.1447

PART 34
OFFSET  23.0216  1.1075 -6.8805
X -0.3545  0.2588 -0.8985
Y -0.9274  0.0252  0.3731
Z  0.1192  0.9656  0.2311

PART 35
OFFSET  17.5468  1.2253 -8.2265
X -0.1811 -0.9061 -0.3823
Y  0.4158  0.2818 -0.8647
Z  0.8912 -0.3155  0.3258

PART 36
OFFSET  16.4785  0.5536 -7.9301
X  0.9244  0.1529  0.3493
Y -0.1495  0.9881 -0.0370
Z -0.3508 -0.0180  0.9363

PART 37
OFFSET  16.4785  0.5536 -7.9301
X  0.9244  0.1529  0.3493
Y -0.1495  0.9881 -0.0370
Z -0.3508 -0.0180  0.9363

PART 38
OFFSET  21.9982  1.5752 -2.9446
X  0.9245  0.1528  0.3493
Y -0.1493  0.9881 -0.0370
Z -0.3508 -0.0179  0.9363

PART 39
OFFSET  16.7159  1.3205  10.7856
X -0.5945 -0.0570  0.8021
Y -0.1495  0.9879 -0.0406
Z -0.7901 -0.1441 -0.5958

PART 40
OFFSET  8.8848 -0.6220 -8.6556
X  0.4247  0.0981  0.9000
Y -0.1500  0.9880 -0.0369
Z -0.8928 -0.1193  0.4344

PART 41
OFFSET  19.0263  1.0509 -4.9454
X  0.4620  0.1031  0.8809
Y -0.1498  0.9880 -0.0370
Z -0.8741 -0.1149  0.4719

PART 42
OFFSET  20.2265  1.3182 -2.6576
X  0.4584  0.1023  0.8829
Y -0.1494  0.9881 -0.0369
Z -0.8761 -0.1150  0.4682

PART 43
OFFSET -6.8859 -10.0612 -7.9971
X -0.9703  0.2290 -0.0778
Y -0.2317 -0.7879  0.5706
Z  0.0694  0.5717  0.8176

PART 44
OFFSET  4.8489 -12.8311 -7.0566
X -0.8908 -0.3373 -0.3045
Y  0.4238 -0.8584 -0.2889
Z -0.1640 -0.3865  0.9076

PART 45
OFFSET  12.4254 -9.9622 -4.4664
X -0.8908 -0.3373 -0.3045
Y  0.3214 -0.9414  0.1025
Z -0.3213 -0.0066  0.9470

PART 46
OFFSET  13.8587 -8.1526 -5.5431
X -0.8928 -0.3310 -0.3055
Y  0.1604  0.4002 -0.9023
Z  0.4209 -0.8546 -0.3042

PART 47
OFFSET  13.7170 -7.7637 -4.3059
X -0.8928 -0.3310 -0.3055
Y  0.1604  0.4002 -0.9023
Z  0.4209 -0.8546 -0.3042

PART 48
OFFSET  13.5198 -8.8447 -2.2160
X -0.8928 -0.3310 -0.3055
Y  0.1604  0.4002 -0.9023
Z  0.4209 -0.8546 -0.3042

PART 49
OFFSET  15.1562 -8.9281 -3.5328
X -0.5607 -0.6695 -0.4871
Y  0.6210 -0.7292  0.2874
Z -0.5476 -0.1414  0.8247

PART 50
OFFSET  15.0340 -7.8652 -3.9296
X -0.2968 -0.9463 -0.1284
Y  0.9502 -0.3060  0.0588
Z -0.0949 -0.1046  0.9900

PART 51
OFFSET  15.5849 -5.7868 -3.7135
X -0.7868 -0.4913 -0.3735
Y  0.5050 -0.8604  0.0680
Z -0.3548 -0.1351  0.9251

PART 52
OFFSET  16.9250 -5.0299 -3.2100
X -0.6845 -0.6876 -0.2422
Y  0.6957 -0.7154  0.0647
Z -0.2178 -0.1242  0.9681

PART 53
OFFSET  17.6633 -4.2685 -2.9935
X -0.2221 -0.5752 -0.7873
Y  0.3525  0.7055 -0.6149
Z  0.9091 -0.4141  0.0461

PART 54
OFFSET  16.4064 -9.1137 -2.9795
X -0.8792 -0.1447 -0.4540
Y -0.4494 -0.0648  0.8910
Z -0.1584  0.9873 -0.0081

PART 55
OFFSET  18.4138 -8.6368 -2.0700
X -0.2160 -0.1876  0.9582
Y  0.7402  0.6086  0.2860
Z -0.6368  0.7710  0.0075

PART 56
OFFSET  18.7195 -8.3711 -3.4266
X  0.7176  0.6552 -0.2360
Y -0.2079 -0.1219 -0.9705
Z -0.6647  0.7455  0.0487

PART 57
OFFSET  18.0833 -8.9520 -3.2173
X -0.2658 -0.2667 -0.9264
Y -0.6799 -0.6294  0.3762
Z -0.6835  0.7299 -0.0140

PART 58
OFFSET  18.3358 -8.6987 -2.3372
X  0.7289  0.4936  0.4744
Y -0.4286 -0.2114  0.8784
Z  0.5338 -0.8436  0.0575

PART 59
OFFSET  16.0405 -8.5016 -2.9482
X -0.7657 -0.4198 -0.4873
Y -0.5098 -0.0658  0.8577
Z -0.3921  0.9052 -0.1636

PART 60
OFFSET  18.0748 -7.5480 -1.6402
X -0.3265 -0.1883  0.9262
Y  0.7738  0.5095  0.3764
Z -0.5428  0.8396 -0.0206

PART 61
OFFSET  18.6307 -7.2274 -3.2171
X  0.8291  0.5572 -0.0461
Y -0.0387 -0.0250 -0.9989
Z -0.5578  0.8300  0.0008

PART 62
OFFSET  17.4816 -7.9997 -3.1533
X -0.1608 -0.1077 -0.9811
Y -0.8108 -0.5525  0.1935
Z -0.5629  0.8265  0.0015

PART 63
OFFSET  17.6560 -7.8828 -2.0893
X  0.5672  0.4445  0.6933
Y -0.5471 -0.4259  0.7206
Z  0.6156 -0.7881  0.0017

PART 64
OFFSET  12.0037 -11.1738 -5.3611
X -0.8000 -0.5283 -0.2846
Y  0.3849 -0.0879 -0.9188
Z  0.4603 -0.8445  0.2736

PART 65
OFFSET  16.6692 -5.8217 -1.5450
X -0.6805 -0.3157  0.6613
Y  0.5502  0.3759  0.7456
Z -0.4840  0.8712 -0.0821

PART 66
OFFSET  17.8673 -5.2659 -2.7093
X -0.3752 -0.0890  0.9227
Y  0.7742  0.5173  0.3647
Z -0.5098  0.8511 -0.1252

PART 67
OFFSET  18.2924 -5.1060 -3.8386
X -0.5080 -0.2578  0.8219
Y  0.6877  0.4532  0.5672
Z -0.5187  0.8533 -0.0530

PART 68
OFFSET  18.8661 -4.8148 -4.7669
X -0.6013 -0.0852 -0.7944
Y  0.7550  0.2650 -0.5999
Z  0.2616 -0.9605 -0.0950

PART 69
OFFSET  17.3814 -6.6589 -1.4331
X -0.6495 -0.1789  0.7390
Y  0.6556  0.3605  0.6635
Z -0.3851  0.9154 -0.1169

PART 70
OFFSET  18.6503 -6.3094 -2.8768
X  0.6564  0.3435  0.6717
Y  0.6694  0.1455 -0.7285
Z -0.3480  0.9278 -0.1345

PART 71
OFFSET  17.6916 -6.8112 -3.8579
X  0.8308  0.1885 -0.5237
Y -0.4484 -0.3307 -0.8304
Z -0.3297  0.9247 -0.1902

PART 72
OFFSET  16.7527 -7.0315 -3.2640
X -0.3296  0.0075  0.9441
Y -0.9001 -0.3044 -0.3118
Z  0.2851 -0.9525  0.1071

PART 73
OFFSET  0.0000 -0.0000 -0.0000
X  1.0000 -0.0000  0.0000
Y  0.0000  1.0000  0.0000
Z  0.0000 -0.0000  1.0000

PART 74
OFFSET  0.0000 -0.0000 -0.0000
X  1.0000 -0.0000  0.0000
Y  0.0000  1.0000  0.0000
Z  0.0000 -0.0000  1.0000

PART 75
OFFSET  1.5404 -0.0000  4.1357
X  1.0000 -0.0000  0.0000
Y  0.0000  1.0000  0.0000
Z  0.0000 -0.0000  1.0000

PART 76
OFFSET -4.6318 -0.0000 -1.3770
X  1.0000 -0.0000  0.0000
Y  0.0000  1.0000  0.0000
Z  0.0000 -0.0000  1.0000


FRAME 78
PART 0
OFFSET  0.0000 -0.0000 -0.0000
X  1.0000 -0.0000  0.0000
Y  0.0000  1.0000  0.0000
Z  0.0000 -0.0000  1.0000

PART 1
OFFSET  0.0000 -0.0000 -0.0000
X  1.0000 -0.0000  0.0000
Y  0.0000  1.0000  0.0000
Z  0.0000 -0.0000  1.0000

PART 2
OFFSET -4.6318 -0.0000 -1.3770
X  1.0000 -0.0000  0.0000
Y  0.0000  1.0000  0.0000
Z  0.0000 -0.0000  1.0000

PART 3
OFFSET  0.4881  8.9047 -7.9500
X  0.6412 -0.0657 -0.7646
Y -0.0491 -0.9978  0.0446
Z -0.7658  0.0089 -0.6430

PART 4
OFFSET  8.2427  8.1097 -17.1964
X  0.6367 -0.5166  0.5725
Y -0.6384  0.0634  0.7671
Z -0.4326 -0.8539 -0.2894

PART 5
OFFSET  13.6579  3.7158 -12.3269
X  0.6367 -0.5166  0.5725
Y  0.3017  0.8501  0.4316
Z -0.7097 -0.1021  0.6971

PART 6
OFFSET  15.7991  4.2686 -11.7712
X  0.6416 -0.5146  0.5687
Y  0.4399  0.8543  0.2768
Z -0.6283  0.0726  0.7746

PART 7
OFFSET  14.7891  2.4889 -12.9206
X  0.6416 -0.5146  0.5687
Y  0.4399  0.8543  0.2768
Z -0.6283  0.0726  0.7746

PART 8
OFFSET  14.4664  3.8608 -9.7410
X  0.6416 -0.5146  0.5687
Y  0.4399  0.8543  0.2768
Z -0.6283  0.0726  0.7746

PART 9
OFFSET  13.8266  2.7134 -10.2412
X  0.6416 -0.5146  0.5687
Y  0.4399  0.8543  0.2768
Z -0.6283  0.0726  0.7746

PART 10
OFFSET  13.6062  2.0423 -11.2674
X  0.6416 -0.5146  0.5687
Y  0.4399  0.8543  0.2768
Z -0.6283  0.0726  0.7746

PART 11
OFFSET  15.6098  2.1321 -10.5718
X  0.9035  0.0216  0.4280
Y -0.1376  0.9604  0.2421
Z -0.4058 -0.2777  0.8707

PART 12
OFFSET  15.7167  2.9547 -9.7881
X  0.5840  0.7588  0.2884
Y  0.2430  0.1756 -0.9540
Z -0.7745  0.6272 -0.0818

PART 13
OFFSET  16.9581  4.6445 -9.2654
X  0.7293  0.5172  0.4480
Y  0.1829  0.4836 -0.8560
Z -0.6594  0.7061  0.2581

PART 14
OFFSET  18.0506  5.5296 -8.4622
X  0.6207  0.7499  0.2288
Y  0.1056  0.2092 -0.9722
Z -0.7769  0.6276  0.0507

PART 15
OFFSET  18.6882  6.3728 -8.2290
X  0.9790  0.1935 -0.0640
Y  0.2001 -0.9724  0.1203
Z -0.0390 -0.1306 -0.9907

PART 16
OFFSET  16.4397  1.0659 -10.2928
X  0.5760 -0.5997  0.5555
Y -0.7210 -0.0524  0.6909
Z -0.3852 -0.7985 -0.4626

PART 17
OFFSET  17.7015 -0.1717 -8.8925
X  0.8573 -0.4253  0.2899
Y -0.3278 -0.0168  0.9446
Z -0.3969 -0.9049 -0.1539

PART 18
OFFSET  18.9153 -0.7739 -8.4821
X  0.8370 -0.3813  0.3924
Y -0.4247 -0.0007  0.9053
Z -0.3449 -0.9244 -0.1625

PART 19
OFFSET  19.6574 -1.1119 -8.1341
X  0.8663 -0.3936  0.3076
Y -0.3241  0.0257  0.9457
Z -0.3801 -0.9189 -0.1053

PART 20
OFFSET  20.4804 -1.4859 -7.8419
X -0.4041  0.4178 -0.8137
Y -0.8502  0.1566  0.5027
Z  0.3374  0.8949  0.2919

PART 21
OFFSET  16.6036  1.7477 -10.1594
X  0.8997 -0.2761  0.3382
Y -0.4178 -0.3199  0.8503
Z -0.1266 -0.9063 -0.4032

PART 22
OFFSET  18.5762  0.7249 -8.8098
X  0.8851 -0.3353  0.3228
Y -0.3794 -0.1177  0.9177
Z -0.2697 -0.9347 -0.2314

PART 23
OFFSET  20.0830  0.1540 -8.2602
X  0.8174 -0.3268  0.4743
Y -0.5227 -0.0749  0.8492
Z -0.2420 -0.9421 -0.2321

PART 24
OFFSET  21.2159 -0.2989 -7.6028
X  0.8246 -0.3314  0.4585
Y -0.5086 -0.0794  0.8573
Z -0.2477 -0.9401 -0.2340

PART 25
OFFSET  22.1102 -0.6583 -7.1055
X -0.3972  0.2706 -0.8769
Y -0.8782  0.1653  0.4488
Z  0.2664  0.9484  0.1720

PART 26
OFFSET  17.9589  3.5748 -8.4012
X  0.7639 -0.2426  0.5980
Y  0.6452  0.3093 -0.6986
Z -0.0154  0.9195  0.3928

PART 27
OFFSET  19.1774  3.0438 -9.0450
X  0.8547  0.1257  0.5036
Y -0.4786 -0.1850  0.8584
Z  0.2011 -0.9747 -0.0979

PART 28
OFFSET  20.6822  3.2652 -8.1583
X  0.8573  0.0685  0.5102
Y -0.4823 -0.2396  0.8426
Z  0.1799 -0.9685 -0.1724

PART 29
OFFSET  21.7135  3.4073 -7.5275
X  0.8930  0.2144  0.3956
Y -0.3590 -0.1906  0.9137
Z  0.2713 -0.9580 -0.0932

PART 30
OFFSET  22.7223  3.6495 -7.0807
X  0.1096 -0.1672 -0.9798
Y -0.9874 -0.1315 -0.0880
Z -0.1141  0.9771 -0.1795

PART 31
OFFSET  19.1575  1.9498 -9.1971
X  0.8292 -0.1601  0.5355
Y -0.5528 -0.0937  0.8280
Z -0.0824 -0.9826 -0.1662

PART 32
OFFSET  20.7774  1.6370 -8.1509
X  0.8508 -0.1946  0.4881
Y -0.5096 -0.0797  0.8567
Z -0.1279 -0.9776 -0.1670

PART 33
OFFSET  22.0202  1.3527 -7.4381
X  0.8719 -0.2184  0.4383
Y -0.4579 -0.0468  0.8878
Z -0.1734 -0.9747 -0.1408

PART 34
OFFSET  23.0068  1.0984 -6.9433
X -0.3650  0.2597 -0.8941
Y -0.9221  0.0318  0.3857
Z  0.1286  0.9652  0.2278

PART 35
OFFSET  17.5151  1.2500 -8.2149
X -0.1922 -0.9055 -0.3783
Y  0.4058  0.2777 -0.8707
Z  0.8935 -0.3209  0.3141

PART 36
OFFSET  16.4465  0.5858 -7.9029
X  0.9301  0.1474  0.3365
Y -0.1435  0.9890 -0.0366
Z -0.3381 -0.0143  0.9410

PART 37
OFFSET  16.4465  0.5858 -7.9029
X  0.9301  0.1474  0.3365
Y -0.1435  0.9890 -0.0366
Z -0.3381 -0.0143  0.9410

PART 38
OFFSET  22.0401  1.5790 -2.9947
X  0.9301  0.1473  0.3365
Y -0.1433  0.9890 -0.0366
Z -0.3382 -0.0142  0.9410

PART 39
OFFSET  16.9438  1.3805  10.8066
X -0.5839 -0.0519  0.8102
Y -0.1436  0.9888 -0.0402
Z -0.7991 -0.1398 -0.5848

PART 40
OFFSET  8.8361 -0.5410 -8.5229
X  0.4376  0.0968  0.8939
Y -0.1440  0.9889 -0.0365
Z -0.8876 -0.1127  0.4467

PART 41
OFFSET  19.0379  1.0711 -4.9539
X  0.4746  0.1014  0.8743
Y -0.1439  0.9889 -0.0366
Z -0.8683 -0.1085  0.4840

PART 42
OFFSET  20.2709  1.3341 -2.6832
X  0.4710  0.1007  0.8764
Y -0.1434  0.9890 -0.0365
Z -0.8704 -0.1085  0.4803

PART 43
OFFSET -6.8859 -10.0612 -7.9971
X -0.9718  0.2189 -0.0877
Y -0.2304 -0.8019  0.5513
Z  0.0504  0.5559  0.8297

PART 44
OFFSET  4.8669 -12.7087 -6.9366
X -0.8907 -0.3245 -0.3183
Y  0.4205 -0.8541 -0.3061
Z -0.1725 -0.4065  0.8972

PART 45
OFFSET  12.4429 -9.9489 -4.2293
X -0.8907 -0.3245 -0.3183
Y  0.3169 -0.9453  0.0769
Z -0.3259 -0.0324  0.9449

PART 46
OFFSET  13.8947 -8.1237 -5.2537
X -0.8927 -0.3182 -0.3192
Y  0.1690  0.4201 -0.8916
Z  0.4177 -0.8499 -0.3213

PART 47
OFFSET  13.7469 -7.7629 -4.0087
X -0.8927 -0.3182 -0.3192
Y  0.1690  0.4201 -0.8916
Z  0.4177 -0.8499 -0.3213

PART 48
OFFSET  13.5288 -8.8911 -1.9461
X -0.8927 -0.3182 -0.3192
Y  0.1690  0.4201 -0.8916
Z  0.4177 -0.8499 -0.3213

PART 49
OFFSET  15.1736 -8.9541 -3.2535
X -0.5856 -0.6673 -0.4602
Y  0.6320 -0.7314  0.2562
Z -0.5075 -0.1408  0.8501

PART 50
OFFSET  15.0355 -7.8903 -3.6427
X -0.3055 -0.9452 -0.1150
Y  0.9510 -0.3089  0.0124
Z -0.0472 -0.1056  0.9933

PART 51
OFFSET  15.6024 -5.8139 -3.4511
X -0.8054 -0.4886 -0.3356
Y  0.5052 -0.8620  0.0425
Z -0.3101 -0.1353  0.9410

PART 52
OFFSET  16.9675 -5.0615 -3.0121
X -0.6975 -0.6853 -0.2096
Y  0.6959 -0.7175  0.0302
Z -0.1710 -0.1248  0.9773

PART 53
OFFSET  17.7177 -4.3025 -2.8307
X -0.2616 -0.5736 -0.7763
Y  0.3244  0.7052 -0.6304
Z  0.9090 -0.4168  0.0016

PART 54
OFFSET  16.4485 -9.1441 -2.7615
X -0.9005 -0.1416 -0.4111
Y -0.4060 -0.0646  0.9116
Z -0.1557  0.9878  0.0007

PART 55
OFFSET  18.4990 -8.6742 -1.9496
X -0.2289 -0.1395  0.9634
Y  0.8530  0.4480  0.2676
Z -0.4690  0.8831  0.0164

PART 56
OFFSET  18.8231 -8.4766 -3.3136
X  0.8293  0.4977 -0.2541
Y -0.2485 -0.0788 -0.9654
Z -0.5005  0.8637  0.0584

PART 57
OFFSET  18.0879 -8.9179 -3.0883
X -0.3334 -0.2089 -0.9194
Y -0.7842 -0.4799  0.3934
Z -0.5234  0.8521 -0.0039

PART 58
OFFSET  18.4046 -8.7195 -2.2148
X  0.8229  0.3378  0.4568
Y -0.4436 -0.1202  0.8881
Z  0.3549 -0.9335  0.0510

PART 59
OFFSET  16.0864 -8.5310 -2.7119
X -0.7896 -0.4169 -0.4502
Y -0.4680 -0.0654  0.8813
Z -0.3969  0.9066 -0.1434

PART 60
OFFSET  18.1844 -7.5850 -1.5027
X -0.3010 -0.1657  0.9391
Y  0.8762  0.3408  0.3409
Z -0.3765  0.9254  0.0426

PART 61
OFFSET  18.6969 -7.3030 -3.1015
X  0.9145  0.3962 -0.0824
Y -0.1013  0.0268 -0.9945
Z -0.3918  0.9178  0.0646

PART 62
OFFSET  17.4295 -7.8520 -2.9873
X -0.2354 -0.0327 -0.9713
Y -0.8869 -0.4014  0.2285
Z -0.3974  0.9153  0.0655

PART 63
OFFSET  17.6848 -7.8166 -1.9338
X  0.6800  0.3011  0.6686
Y -0.5738 -0.3491  0.7408
Z  0.4565 -0.8874 -0.0646

PART 64
OFFSET  11.9298 -11.1883 -4.9297
X -0.8144 -0.5256 -0.2462
Y  0.3397 -0.0878 -0.9364
Z  0.4705 -0.8462  0.2501

PART 65
OFFSET  16.7903 -5.8547 -1.3376
X -0.6486 -0.3146  0.6931
Y  0.5867  0.3734  0.7186
Z -0.4848  0.8727 -0.0576

PART 66
OFFSET  17.9322 -5.3009 -2.5579
X -0.3165 -0.0801  0.9452
Y  0.7981  0.5161  0.3110
Z -0.5127  0.8528 -0.0994

PART 67
OFFSET  18.2858 -5.1517 -3.7130
X -0.4085 -0.2192  0.8860
Y  0.7522  0.4691  0.4628
Z -0.5170  0.8555 -0.0268

PART 68
OFFSET  18.7472 -4.9041 -4.7138
X -0.6915 -0.1115 -0.7138
Y  0.6801  0.2329 -0.6952
Z  0.2437 -0.9661 -0.0853

PART 69
OFFSET  17.5045 -6.6941 -1.2613
X -0.7011 -0.1347  0.7002
Y  0.6406  0.3124  0.7015
Z -0.3133  0.9403 -0.1327

PART 70
OFFSET  18.8742 -6.4309 -2.6292
X  0.4924  0.2711  0.8271
Y  0.8260  0.1540 -0.5423
Z -0.2744  0.9501 -0.1481

PART 71
OFFSET  18.1550 -6.8269 -3.8372
X  0.9672  0.2230 -0.1214
Y -0.0711 -0.2213 -0.9726
Z -0.2437  0.9494 -0.1982

PART 72
OFFSET  17.0612 -7.0863 -3.6990
X -0.6807 -0.0903  0.7270
Y -0.6933 -0.2412 -0.6791
Z  0.2367 -0.9663  0.1016

PART 73
OFFSET  0.0000 -0.0000 -0.0000
X  1.0000 -0.0000  0.0000
Y  0.0000  1.0000  0.0000
Z  0.0000 -0.0000  1.0000

PART 74
OFFSET  0.0000 -0.0000 -0.0000
X  1.0000 -0.0000  0.0000
Y  0.0000  1.0000  0.0000
Z  0.0000 -0.0000  1.0000

PART 75
OFFSET  1.5404 -0.0000  4.1357
X  1.0000 -0.0000  0.0000
Y  0.0000  1.0000  0.0000
Z  0.0000 -0.0000  1.0000

PART 76
OFFSET -4.6318 -0.0000 -1.3770
X  1.0000 -0.0000  0.0000
Y  0.0000  1.0000  0.0000
Z  0.0000 -0.0000  1.0000


FRAME 79
PART 0
OFFSET  0.0000 -0.0000 -0.0000
X  1.0000 -0.0000  0.0000
Y  0.0000  1.0000  0.0000
Z  0.0000 -0.0000  1.0000

PART 1
OFFSET  0.0000 -0.0000 -0.0000
X  1.0000 -0.0000  0.0000
Y  0.0000  1.0000  0.0000
Z  0.0000 -0.0000  1.0000

PART 2
OFFSET -4.6318 -0.0000 -1.3770
X  1.0000 -0.0000  0.0000
Y  0.0000  1.0000  0.0000
Z  0.0000 -0.0000  1.0000

PART 3
OFFSET  0.3686  8.9047 -7.9500
X  0.6485 -0.0596 -0.7589
Y -0.0491 -0.9981  0.0365
Z -0.7596  0.0136 -0.6502

PART 4
OFFSET  8.2116  8.1837 -17.1276
X  0.6368 -0.5212  0.5682
Y -0.6404  0.0529  0.7662
Z -0.4294 -0.8518 -0.3001

PART 5
OFFSET  13.6277  3.7506 -12.2948
X  0.6368 -0.5212  0.5682
Y  0.3122  0.8481  0.4281
Z -0.7050 -0.0952  0.7028

PART 6
OFFSET  15.7709  4.3202 -11.7176
X  0.6417 -0.5192  0.5645
Y  0.4368  0.8524  0.2875
Z -0.6304  0.0621  0.7738

PART 7
OFFSET  14.7638  2.5337 -12.8995
X  0.6417 -0.5192  0.5645
Y  0.4368  0.8524  0.2875
Z -0.6304  0.0621  0.7738

PART 8
OFFSET  14.4353  3.8801 -9.7016
X  0.6417 -0.5192  0.5645
Y  0.4368  0.8524  0.2875
Z -0.6304  0.0621  0.7738

PART 9
OFFSET  13.8022  2.7313 -10.2236
X  0.6417 -0.5192  0.5645
Y  0.4368  0.8524  0.2875
Z -0.6304  0.0621  0.7738

