// Export filename: `C:\projects\cod\t5\xanim_export\t5_viewmodels\briefcase_bomb\briefcase_bomb_pullout.XANIM_EXPORT`
// Source filename: `D:\projects\devanim\t5\animation_assets\viewmodels\briefcase_bomb\briefcase_bomb_animated.fbx`
// Export time: Sat Sep 11 20:38:10 2010

ANIMATION
VERSION 3

NUMPARTS 77
PART 0 "tag_ads"
PART 1 "tag_torso"
PART 2 "J_Shoulder_LE"
PART 3 "J_Elbow_LE"
PART 4 "J_WristTwist_LE"
PART 5 "J_Sleave_Reshape_Bottom_LE_1"
PART 6 "J_Sleave_Reshape_Bottom_LE_2"
PART 7 "J_Sleave_Reshape_Top_LE_1"
PART 8 "J_Sleave_Reshape_Top_LE_2"
PART 9 "J_Sleave_Reshape_Top_LE_3"
PART 10 "J_Wrist_LE"
PART 11 "J_Thumb_LE_0"
PART 12 "J_Thumb_LE_1"
PART 13 "J_Thumb_LE_2"
PART 14 "J_Thumb_LE_3"
PART 15 "J_PinkyPalm_LE"
PART 16 "J_Pinky_LE_0"
PART 17 "J_Pinky_LE_1"
PART 18 "J_Pinky_LE_2"
PART 19 "J_Pinky_LE_3"
PART 20 "J_RingPalm_LE"
PART 21 "J_Ring_LE_0"
PART 22 "J_Ring_LE_1"
PART 23 "J_Ring_LE_2"
PART 24 "J_Ring_LE_3"
PART 25 "J_Webbing_LE"
PART 26 "J_Index_LE_0"
PART 27 "J_Index_LE_1"
PART 28 "J_Index_LE_2"
PART 29 "J_Index_LE_3"
PART 30 "J_Mid_LE_0"
PART 31 "J_Mid_LE_1"
PART 32 "J_Mid_LE_2"
PART 33 "J_Mid_LE_3"
PART 34 "tag_knife_attach"
PART 35 "tag_weapon"
PART 36 "J_Shoulder_RI"
PART 37 "J_Elbow_RI"
PART 38 "J_WristTwist_RI"
PART 39 "J_Sleave_Reshape_Top_RI_3"
PART 40 "J_Sleave_Reshape_Top_RI_2"
PART 41 "J_Sleave_Reshape_Top_RI_1"
PART 42 "J_Wrist_RI"
PART 43 "J_Thumb_RI_0"
PART 44 "J_Thumb_RI_1"
PART 45 "J_Thumb_RI_2"
PART 46 "J_Thumb_RI_3"
PART 47 "J_PinkyPalm_RI"
PART 48 "J_Pinky_RI_0"
PART 49 "J_Pinky_RI_1"
PART 50 "J_Pinky_RI_2"
PART 51 "J_Pinky_RI_3"
PART 52 "J_RingPalm_RI"
PART 53 "J_Ring_RI_0"
PART 54 "J_Ring_RI_1"
PART 55 "J_Ring_RI_2"
PART 56 "J_Ring_RI_3"
PART 57 "J_Webbing_RI"
PART 58 "J_Index_RI_0"
PART 59 "J_Index_RI_1"
PART 60 "J_Index_RI_2"
PART 61 "J_Index_RI_3"
PART 62 "J_Mid_RI_0"
PART 63 "J_Mid_RI_1"
PART 64 "J_Mid_RI_2"
PART 65 "J_Mid_RI_3"
PART 66 "tag_cambone"
PART 67 "tag_camera"
PART 68 "tag_gasmask"
PART 69 "tag_gasmask2"
PART 70 "J_Gun"
PART 71 "J_Open"
PART 72 "J_Locks"
PART 73 "J_Handle"
PART 74 "J_Support_Base"
PART 75 "J_Support_Mid"
PART 76 "tag_view"

FRAMERATE 30
NUMFRAMES 76

FRAME 0
PART 0
OFFSET  0.0000 -0.0000 -0.0000
X  1.0000 -0.0000  0.0000
Y  0.0000  1.0000  0.0000
Z  0.0000 -0.0000  1.0000

PART 1
OFFSET -4.6318 -0.0000 -1.3770
X  1.0000 -0.0000  0.0000
Y  0.0000  1.0000  0.0000
Z  0.0000 -0.0000  1.0000

PART 2
OFFSET -1.2363  7.9373 -7.4593
X -0.3785  0.5884 -0.7146
Y -0.1915 -0.8051 -0.5614
Z -0.9056 -0.0756  0.4173

PART 3
OFFSET -5.8132  15.0529 -16.1011
X  0.7246 -0.4183 -0.5476
Y  0.2873 -0.5389  0.7919
Z -0.6264 -0.7312 -0.2703

PART 4
OFFSET  0.3501  11.4949 -20.7591
X  0.7246 -0.4183 -0.5476
Y  0.4831 -0.2583  0.8366
Z -0.4914 -0.8708  0.0149

PART 5
OFFSET  2.1419  12.5850 -21.7700
X  0.7246 -0.4131 -0.5516
Y  0.6202  0.7400  0.2605
Z  0.3006 -0.5308  0.7924

PART 6
OFFSET  0.2668  11.2134 -22.5060
X  0.7246 -0.4131 -0.5516
Y  0.6202  0.7400  0.2605
Z  0.3006 -0.5308  0.7924

PART 7
OFFSET  2.9709  10.8356 -20.2946
X  0.7246 -0.4131 -0.5516
Y  0.6202  0.7400  0.2605
Z  0.3006 -0.5308  0.7924

PART 8
OFFSET  1.9697  9.8458 -20.6787
X  0.7246 -0.4131 -0.5516
Y  0.6202  0.7400  0.2605
Z  0.3006 -0.5308  0.7924

PART 9
OFFSET  0.8874  9.6569 -21.2700
X  0.7246 -0.4131 -0.5516
Y  0.6202  0.7400  0.2605
Z  0.3006 -0.5308  0.7924

PART 10
OFFSET  2.5716  10.2125 -22.4379
X  0.5567 -0.0500 -0.8292
Y  0.7931 -0.2649  0.5484
Z -0.2471 -0.9630 -0.1078

PART 11
OFFSET  3.4860  9.5389 -22.3259
X  0.5272 -0.6515 -0.5455
Y  0.6884 -0.0489  0.7237
Z -0.4982 -0.7570  0.4227

PART 12
OFFSET  4.6646  8.0860 -23.4073
X  0.1176 -0.1706 -0.9783
Y  0.7895 -0.5816  0.1963
Z -0.6024 -0.7954  0.0663

PART 13
OFFSET  4.7398  7.7562 -24.9909
X -0.3478 -0.1259 -0.9291
Y  0.7828 -0.5844 -0.2139
Z -0.5160 -0.8016  0.3019

PART 14
OFFSET  4.3534  7.5734 -25.9854
X  0.2360  0.3015 -0.9238
Y  0.3586  0.8565  0.3712
Z  0.9032 -0.4188  0.0940

PART 15
OFFSET  2.1435  10.2591 -23.7487
X -0.1010 -0.3004 -0.9485
Y -0.2518 -0.9146  0.3165
Z -0.9625  0.2708  0.0168

PART 16
OFFSET  2.0258  9.4326 -25.8433
X -0.0136 -0.9665  0.2563
Y -0.1298  0.2559  0.9579
Z -0.9914 -0.0203 -0.1290

PART 17
OFFSET  2.0065  8.0643 -25.4804
X -0.1549  0.2671  0.9511
Y -0.0343  0.9607 -0.2754
Z -0.9873 -0.0753 -0.1397

PART 18
OFFSET  1.8692  8.3011 -24.6371
X -0.1064  0.8184  0.5648
Y  0.1286  0.5746 -0.8083
Z -0.9860 -0.0134 -0.1664

PART 19
OFFSET  1.7680  9.0786 -24.1006
X  0.1432 -0.9847  0.0995
Y  0.0410 -0.0946 -0.9947
Z  0.9888  0.1466  0.0268

PART 20
OFFSET  2.8275  10.2066 -23.5515
X  0.2847  0.0280 -0.9582
Y -0.2930 -0.9492 -0.1148
Z -0.9127  0.3134 -0.2621

PART 21
OFFSET  3.2310  9.7011 -26.0695
X -0.1221 -0.9884  0.0908
Y -0.2082  0.1150  0.9713
Z -0.9704  0.0996 -0.2198

PART 22
OFFSET  3.0232  8.0184 -25.9149
X -0.2120  0.1627  0.9636
Y  0.1050  0.9841 -0.1430
Z -0.9716  0.0709 -0.2257

PART 23
OFFSET  2.7294  8.2439 -24.5793
X -0.0696  0.8343  0.5469
Y  0.2323  0.5467 -0.8045
Z -0.9701  0.0710 -0.2319

PART 24
OFFSET  2.6539  9.1487 -23.9862
X -0.1234 -0.9924  0.0001
Y  0.2717 -0.0338 -0.9618
Z  0.9544 -0.1186  0.2738

PART 25
OFFSET  5.4146  9.1216 -24.1811
X  0.3017 -0.2636 -0.9162
Y  0.4290  0.8958 -0.1164
Z  0.8514 -0.3579  0.3833

PART 26
OFFSET  5.4308  10.1757 -25.2153
X -0.0738 -0.9857 -0.1515
Y -0.6655 -0.0645  0.7436
Z -0.7428  0.1557 -0.6512

PART 27
OFFSET  5.3009  8.4403 -25.4820
X -0.7421 -0.2094  0.6367
Y -0.0402  0.9621  0.2696
Z -0.6691  0.1745 -0.7224

PART 28
OFFSET  4.4393  8.1751 -24.6640
X -0.2386  0.8313  0.5019
Y  0.6125  0.5299 -0.5865
Z -0.7536  0.1675 -0.6356

PART 29
OFFSET  4.1698  9.1142 -24.0971
X -0.6872 -0.7019  0.1873
Y  0.5094 -0.6494 -0.5646
Z  0.5179 -0.2926  0.8038

PART 30
OFFSET  4.4667  10.2957 -25.7412
X -0.0982 -0.9939 -0.0508
Y -0.4156 -0.0054  0.9095
Z -0.9042  0.1104 -0.4125

PART 31
OFFSET  4.2748  8.3541 -25.8403
X -0.4213 -0.3745  0.8260
Y -0.0181  0.9141  0.4052
Z -0.9067  0.1557 -0.3919

PART 32
OFFSET  3.6595  7.8071 -24.6338
X -0.1459  0.7010  0.6981
Y  0.4213  0.6825 -0.5973
Z -0.8951  0.2069 -0.3949

PART 33
OFFSET  3.4876  8.6020 -23.8456
X -0.1000 -0.9866 -0.1286
Y  0.3484  0.0863 -0.9334
Z  0.9320 -0.1381  0.3352

PART 34
OFFSET  3.2770  8.7522 -25.1459
X -0.9391  0.2654 -0.2182
Y  0.2471  0.9630  0.1078
Z  0.2388  0.0473 -0.9699

PART 35
OFFSET  1.5445 -10.5713 -36.8476
X  0.0153 -0.0085 -0.9998
Y  0.9987  0.0493  0.0148
Z  0.0492 -0.9987  0.0092

PART 36
OFFSET -3.5060 -7.9373 -3.1869
X  0.2053  0.3733  0.9047
Y -0.2225 -0.8824  0.4146
Z  0.9531 -0.2864 -0.0981

PART 37
OFFSET -5.9893 -12.4515 -14.1285
X -0.5882  0.0813  0.8047
Y -0.7533 -0.4172 -0.5084
Z  0.2944 -0.9052  0.3066

PART 38
OFFSET -0.9868 -13.1429 -20.9724
X -0.5882  0.0813  0.8047
Y -0.8087 -0.0624 -0.5848
Z  0.0026 -0.9947  0.1024

PART 39
OFFSET  0.0132 -11.6636 -22.1796
X -0.5845  0.0865  0.8068
Y -0.2814  0.9110 -0.3015
Z -0.7610 -0.4033 -0.5082

PART 40
OFFSET  1.0823 -11.6777 -21.8717
X -0.5845  0.0865  0.8068
Y -0.2814  0.9110 -0.3015
Z -0.7610 -0.4033 -0.5082

PART 41
OFFSET  1.0876 -13.6130 -21.7952
X -0.5845  0.0865  0.8068
Y -0.2814  0.9110 -0.3015
Z -0.7610 -0.4033 -0.5082

PART 42
OFFSET  0.8163 -13.3921 -23.4392
X -0.3867 -0.2384  0.8908
Y -0.9009 -0.1087 -0.4202
Z  0.1970 -0.9651 -0.1727

PART 43
OFFSET  1.7788 -12.7838 -23.3635
X -0.5489 -0.6999  0.4570
Y -0.8257  0.3689 -0.4267
Z  0.1301 -0.6116 -0.7804

PART 44
OFFSET  3.0384 -11.2762 -24.2637
X  0.0692 -0.6020  0.7955
Y -0.9626 -0.2496 -0.1052
Z  0.2619 -0.7585 -0.5967

PART 45
OFFSET  2.8400 -10.2344 -25.4874
X  0.8821 -0.1935  0.4296
Y -0.4312 -0.6990  0.5705
Z  0.1899 -0.6885 -0.7000

PART 46
OFFSET  1.8848 -9.9818 -25.9296
X  0.4403  0.1554  0.8843
Y -0.5246  0.8439  0.1129
Z -0.7287 -0.5136  0.4530

PART 47
OFFSET  0.1391 -13.1117 -24.6080
X  0.2258 -0.2544  0.9404
Y  0.2268 -0.9251 -0.3047
Z  0.9474  0.2821 -0.1512

PART 48
OFFSET -0.2581 -12.3857 -26.7056
X  0.2470 -0.9689 -0.0115
Y -0.0514 -0.0013 -0.9987
Z  0.9676  0.2473 -0.0502

PART 49
OFFSET -0.6078 -11.0139 -26.6894
X  0.0402 -0.3244 -0.9451
Y -0.1959  0.9249 -0.3258
Z  0.9798  0.1982 -0.0263

PART 50
OFFSET -0.6435 -10.7263 -25.8514
X -0.1964  0.6057 -0.7711
Y -0.1783  0.7512  0.6355
Z  0.9642  0.2623 -0.0395

PART 51
OFFSET -0.4569 -11.3017 -25.1188
X  0.1227 -0.9728  0.1966
Y  0.1136  0.2105  0.9710
Z -0.9859 -0.0968  0.1363

PART 52
OFFSET  0.8504 -13.1219 -24.5488
X -0.0726 -0.2664  0.9611
Y  0.2501 -0.9378 -0.2410
Z  0.9655  0.2229  0.1347

PART 53
OFFSET  0.9010 -12.4843 -27.0687
X  0.1659 -0.9713  0.1703
Y  0.1259 -0.1505 -0.9806
Z  0.9781  0.1841  0.0973

PART 54
OFFSET  0.6186 -10.8306 -27.3587
X  0.1598 -0.3445 -0.9251
Y -0.1096  0.9251 -0.3635
Z  0.9810  0.1595  0.1101

PART 55
OFFSET  0.3971 -10.3532 -26.0766
X -0.0255  0.6813 -0.7316
Y -0.1970  0.7140  0.6718
Z  0.9801  0.1612  0.1160

PART 56
OFFSET  0.4248 -11.0920 -25.2831
X  0.1816 -0.9581  0.2213
Y -0.1887  0.1869  0.9641
Z -0.9651 -0.2169 -0.1468

PART 57
OFFSET  0.0740 -14.8096 -19.4688
X -0.1349 -0.4716  0.8714
Y -0.3359  0.8492  0.4076
Z -0.9322 -0.2377 -0.2729

PART 58
OFFSET  3.0759 -12.7400 -26.6577
X  0.1931 -0.9709  0.1418
Y  0.4627 -0.0374 -0.8857
Z  0.8652  0.2366  0.4420

PART 59
OFFSET  2.7360 -11.0306 -26.9074
X  0.5423 -0.4670 -0.6985
Y  0.0585  0.8503 -0.5231
Z  0.8382  0.2428  0.4884

PART 60
OFFSET  2.1276 -10.4482 -26.0286
X  0.3222  0.3861 -0.8643
Y -0.3613  0.8941  0.2647
Z  0.8750  0.2270  0.4276

PART 61
OFFSET  1.7637 -10.8843 -25.0523
X  0.4674 -0.8689  0.1627
Y -0.5295 -0.1278  0.8386
Z -0.7079 -0.4781 -0.5199

PART 62
OFFSET  2.0220 -12.7102 -26.9875
X  0.2010 -0.9708  0.1308
Y  0.3132 -0.0628 -0.9476
Z  0.9282  0.2315  0.2914

PART 63
OFFSET  1.6293 -10.8137 -27.2430
X  0.3562 -0.3618 -0.8615
Y -0.1335  0.8928 -0.4302
Z  0.9248  0.2683  0.2697

PART 64
OFFSET  1.1089 -10.2851 -25.9847
X  0.0675  0.5196 -0.8517
Y -0.4162  0.7905  0.4493
Z  0.9068  0.3242  0.2696

PART 65
OFFSET  1.0258 -10.8754 -25.0216
X  0.1562 -0.9240  0.3489
Y -0.2933  0.2939  0.9097
Z -0.9432 -0.2444 -0.2252

PART 66
OFFSET  0.0000 -0.0000 -0.0000
X  1.0000 -0.0000  0.0000
Y  0.0000  1.0000  0.0000
Z  0.0000 -0.0000  1.0000

PART 67
OFFSET  0.0000 -0.0000 -0.0000
X  1.0000 -0.0000  0.0000
Y  0.0000  1.0000  0.0000
Z  0.0000 -0.0000  1.0000

PART 68
OFFSET  1.5404 -0.0000  4.1357
X  1.0000 -0.0000  0.0000
Y  0.0000  1.0000  0.0000
Z  0.0000 -0.0000  1.0000

PART 69
OFFSET -4.6318 -0.0000 -1.3770
X  1.0000 -0.0000  0.0000
Y  0.0000  1.0000  0.0000
Z  0.0000 -0.0000  1.0000

PART 70
OFFSET  1.5445 -10.5713 -36.8476
X  0.0153 -0.0085 -0.9998
Y  0.9987  0.0493  0.0148
Z  0.0492 -0.9987  0.0092

PART 71
OFFSET  1.7992 -13.3399 -43.8217
X  0.0543 -0.9985  0.0094
Y  0.9984  0.0544  0.0146
Z -0.0151  0.0085  0.9998

PART 72
OFFSET  1.5983 -13.0871 -29.1117
X -0.0450  0.6980  0.7147
Y  0.9987  0.0493  0.0147
Z -0.0250  0.7144 -0.6993

PART 73
OFFSET  1.5393 -12.5105 -29.3767
X -0.0276  0.7000 -0.7136
Y  0.9984  0.0545  0.0149
Z  0.0493 -0.7121 -0.7004

PART 74
OFFSET  1.7005 -12.4896 -40.3035
X -0.0048  0.3445 -0.9388
Y  0.9984  0.0544  0.0149
Z  0.0562 -0.9372 -0.3443

PART 75
OFFSET  1.6879 -11.5949 -42.7418
X  0.0350 -0.8039  0.5937
Y  0.9984  0.0545  0.0150
Z -0.0444  0.5922  0.8046

PART 76
OFFSET  0.0000 -0.0000 -0.0000
X  1.0000 -0.0000  0.0000
Y  0.0000  1.0000  0.0000
Z  0.0000 -0.0000  1.0000


FRAME 1
PART 0
OFFSET  0.0000 -0.0000 -0.0000
X  1.0000 -0.0000  0.0000
Y  0.0000  1.0000  0.0000
Z  0.0000 -0.0000  1.0000

PART 1
OFFSET -4.6318 -0.0000 -1.3770
X  1.0000 -0.0000  0.0000
Y  0.0000  1.0000  0.0000
Z  0.0000 -0.0000  1.0000

PART 2
OFFSET -1.2363  7.9373 -7.4593
X -0.3785  0.5884 -0.7146
Y -0.1915 -0.8051 -0.5614
Z -0.9056 -0.0756  0.4173

PART 3
OFFSET -5.8132  15.0529 -16.1011
X  0.7246 -0.4183 -0.5476
Y  0.2873 -0.5389  0.7919
Z -0.6264 -0.7312 -0.2703

PART 4
OFFSET  0.3501  11.4949 -20.7591
X  0.7246 -0.4183 -0.5476
Y  0.4831 -0.2583  0.8366
Z -0.4914 -0.8708  0.0149

PART 5
OFFSET  2.1419  12.5850 -21.7700
X  0.7246 -0.4131 -0.5516
Y  0.6202  0.7400  0.2605
Z  0.3006 -0.5308  0.7924

PART 6
OFFSET  0.2668  11.2134 -22.5060
X  0.7246 -0.4131 -0.5516
Y  0.6202  0.7400  0.2605
Z  0.3006 -0.5308  0.7924

PART 7
OFFSET  2.9709  10.8356 -20.2946
X  0.7246 -0.4131 -0.5516
Y  0.6202  0.7400  0.2605
Z  0.3006 -0.5308  0.7924

PART 8
OFFSET  1.9697  9.8458 -20.6787
X  0.7246 -0.4131 -0.5516
Y  0.6202  0.7400  0.2605
Z  0.3006 -0.5308  0.7924

PART 9
OFFSET  0.8874  9.6569 -21.2700
X  0.7246 -0.4131 -0.5516
Y  0.6202  0.7400  0.2605
Z  0.3006 -0.5308  0.7924

PART 10
OFFSET  2.5716  10.2125 -22.4379
X  0.5567 -0.0500 -0.8292
Y  0.7931 -0.2649  0.5484
Z -0.2471 -0.9630 -0.1078

PART 11
OFFSET  3.4860  9.5389 -22.3259
X  0.5272 -0.6515 -0.5455
Y  0.6884 -0.0489  0.7237
Z -0.4982 -0.7570  0.4227

PART 12
OFFSET  4.6646  8.0860 -23.4073
X  0.1176 -0.1706 -0.9783
Y  0.7895 -0.5816  0.1963
Z -0.6024 -0.7954  0.0663

PART 13
OFFSET  4.7398  7.7562 -24.9909
X -0.3478 -0.1259 -0.9291
Y  0.7828 -0.5844 -0.2139
Z -0.5160 -0.8016  0.3019

PART 14
OFFSET  4.3534  7.5734 -25.9854
X  0.2360  0.3015 -0.9238
Y  0.3586  0.8565  0.3712
Z  0.9032 -0.4188  0.0940

PART 15
OFFSET  2.1435  10.2591 -23.7487
X -0.1010 -0.3004 -0.9485
Y -0.2518 -0.9146  0.3165
Z -0.9625  0.2708  0.0168

PART 16
OFFSET  2.0258  9.4326 -25.8433
X -0.0136 -0.9665  0.2563
Y -0.1298  0.2559  0.9579
Z -0.9914 -0.0203 -0.1290

PART 17
OFFSET  2.0065  8.0643 -25.4804
X -0.1549  0.2671  0.9511
Y -0.0343  0.9607 -0.2754
Z -0.9873 -0.0753 -0.1397

PART 18
OFFSET  1.8692  8.3011 -24.6371
X -0.1064  0.8184  0.5648
Y  0.1286  0.5746 -0.8083
Z -0.9860 -0.0134 -0.1664

PART 19
OFFSET  1.7680  9.0786 -24.1006
X  0.1432 -0.9847  0.0995
Y  0.0410 -0.0946 -0.9947
Z  0.9888  0.1466  0.0268

PART 20
OFFSET  2.8275  10.2066 -23.5515
X  0.2847  0.0280 -0.9582
Y -0.2930 -0.9492 -0.1148
Z -0.9127  0.3134 -0.2621

PART 21
OFFSET  3.2310  9.7011 -26.0695
X -0.1221 -0.9884  0.0908
Y -0.2082  0.1150  0.9713
Z -0.9704  0.0996 -0.2198

PART 22
OFFSET  3.0232  8.0184 -25.9149
X -0.2120  0.1627  0.9636
Y  0.1050  0.9841 -0.1430
Z -0.9716  0.0709 -0.2257

PART 23
OFFSET  2.7294  8.2439 -24.5793
X -0.0696  0.8343  0.5469
Y  0.2323  0.5467 -0.8045
Z -0.9701  0.0710 -0.2319

PART 24
OFFSET  2.6539  9.1487 -23.9862
X -0.1234 -0.9924  0.0001
Y  0.2717 -0.0338 -0.9618
Z  0.9544 -0.1186  0.2738

PART 25
OFFSET  5.4146  9.1216 -24.1811
X  0.3017 -0.2636 -0.9162
Y  0.4290  0.8958 -0.1164
Z  0.8514 -0.3579  0.3833

PART 26
OFFSET  5.4308  10.1757 -25.2153
X -0.0738 -0.9857 -0.1515
Y -0.6655 -0.0645  0.7436
Z -0.7428  0.1557 -0.6512

PART 27
OFFSET  5.3009  8.4403 -25.4820
X -0.7421 -0.2094  0.6367
Y -0.0402  0.9621  0.2696
Z -0.6691  0.1745 -0.7224

PART 28
OFFSET  4.4393  8.1751 -24.6640
X -0.2386  0.8313  0.5019
Y  0.6125  0.5299 -0.5865
Z -0.7536  0.1675 -0.6356

PART 29
OFFSET  4.1698  9.1142 -24.0971
X -0.6872 -0.7019  0.1873
Y  0.5094 -0.6494 -0.5646
Z  0.5179 -0.2926  0.8038

PART 30
OFFSET  4.4667  10.2957 -25.7412
X -0.0982 -0.9939 -0.0508
Y -0.4156 -0.0054  0.9095
Z -0.9042  0.1104 -0.4125

PART 31
OFFSET  4.2748  8.3541 -25.8403
X -0.4213 -0.3745  0.8260
Y -0.0181  0.9141  0.4052
Z -0.9067  0.1557 -0.3919

PART 32
OFFSET  3.6595  7.8071 -24.6338
X -0.1459  0.7010  0.6981
Y  0.4213  0.6825 -0.5973
Z -0.8951  0.2069 -0.3949

PART 33
OFFSET  3.4876  8.6020 -23.8456
X -0.1000 -0.9866 -0.1286
Y  0.3484  0.0863 -0.9334
Z  0.9320 -0.1381  0.3352

PART 34
OFFSET  3.2770  8.7522 -25.1459
X -0.9391  0.2654 -0.2182
Y  0.2471  0.9630  0.1078
Z  0.2388  0.0473 -0.9699

PART 35
OFFSET  1.5445 -10.5713 -36.8476
X  0.0153 -0.0085 -0.9998
Y  0.9987  0.0493  0.0148
Z  0.0492 -0.9987  0.0092

PART 36
OFFSET -3.5060 -7.9373 -3.1869
X  0.2053  0.3733  0.9047
Y -0.2225 -0.8824  0.4146
Z  0.9531 -0.2864 -0.0981

PART 37
OFFSET -5.9893 -12.4515 -14.1285
X -0.5882  0.0813  0.8047
Y -0.7533 -0.4172 -0.5084
Z  0.2944 -0.9052  0.3066

PART 38
OFFSET -0.9868 -13.1429 -20.9724
X -0.5882  0.0813  0.8047
Y -0.8087 -0.0624 -0.5848
Z  0.0026 -0.9947  0.1024

PART 39
OFFSET  0.0132 -11.6636 -22.1796
X -0.5845  0.0865  0.8068
Y -0.2814  0.9110 -0.3015
Z -0.7610 -0.4033 -0.5082

PART 40
OFFSET  1.0823 -11.6777 -21.8717
X -0.5845  0.0865  0.8068
Y -0.2814  0.9110 -0.3015
Z -0.7610 -0.4033 -0.5082

PART 41
OFFSET  1.0876 -13.6130 -21.7952
X -0.5845  0.0865  0.8068
Y -0.2814  0.9110 -0.3015
Z -0.7610 -0.4033 -0.5082

PART 42
OFFSET  0.8163 -13.3921 -23.4392
X -0.3867 -0.2384  0.8908
Y -0.9009 -0.1087 -0.4202
Z  0.1970 -0.9651 -0.1727

PART 43
OFFSET  1.7788 -12.7838 -23.3635
X -0.5489 -0.6999  0.4570
Y -0.8257  0.3689 -0.4267
Z  0.1301 -0.6116 -0.7804

PART 44
OFFSET  3.0384 -11.2762 -24.2637
X  0.0692 -0.6020  0.7955
Y -0.9626 -0.2496 -0.1052
Z  0.2619 -0.7585 -0.5967

PART 45
OFFSET  2.8400 -10.2344 -25.4874
X  0.8821 -0.1935  0.4296
Y -0.4312 -0.6990  0.5705
Z  0.1899 -0.6885 -0.7000

PART 46
OFFSET  1.8848 -9.9818 -25.9296
X  0.4403  0.1554  0.8843
Y -0.5246  0.8439  0.1129
Z -0.7287 -0.5136  0.4530

PART 47
OFFSET  0.1391 -13.1117 -24.6080
X  0.2258 -0.2544  0.9404
Y  0.2268 -0.9251 -0.3047
Z  0.9474  0.2821 -0.1512

PART 48
OFFSET -0.2581 -12.3857 -26.7056
X  0.2470 -0.9689 -0.0115
Y -0.0514 -0.0013 -0.9987
Z  0.9676  0.2473 -0.0502

PART 49
OFFSET -0.6078 -11.0139 -26.6894
X  0.0402 -0.3244 -0.9451
Y -0.1959  0.9249 -0.3258
Z  0.9798  0.1982 -0.0263

PART 50
OFFSET -0.6435 -10.7263 -25.8514
X -0.1964  0.6057 -0.7711
Y -0.1783  0.7512  0.6355
Z  0.9642  0.2623 -0.0395

PART 51
OFFSET -0.4569 -11.3017 -25.1188
X  0.1227 -0.9728  0.1966
Y  0.1136  0.2105  0.9710
Z -0.9859 -0.0968  0.1363

PART 52
OFFSET  0.8504 -13.1219 -24.5488
X -0.0726 -0.2664  0.9611
Y  0.2501 -0.9378 -0.2410
Z  0.9655  0.2229  0.1347

PART 53
OFFSET  0.9010 -12.4843 -27.0687
X  0.1659 -0.9713  0.1703
Y  0.1259 -0.1505 -0.9806
Z  0.9781  0.1841  0.0973

PART 54
OFFSET  0.6186 -10.8306 -27.3587
X  0.1598 -0.3445 -0.9251
Y -0.1096  0.9251 -0.3635
Z  0.9810  0.1595  0.1101

PART 55
OFFSET  0.3971 -10.3532 -26.0766
X -0.0255  0.6813 -0.7316
Y -0.1970  0.7140  0.6718
Z  0.9801  0.1612  0.1160

PART 56
OFFSET  0.4248 -11.0920 -25.2831
X  0.1816 -0.9581  0.2213
Y -0.1887  0.1869  0.9641
Z -0.9651 -0.2169 -0.1468

PART 57
OFFSET  0.0740 -14.8096 -19.4688
X -0.1349 -0.4716  0.8714
Y -0.3359  0.8492  0.4076
Z -0.9322 -0.2377 -0.2729

PART 58
OFFSET  3.0759 -12.7400 -26.6577
X  0.1931 -0.9709  0.1418
Y  0.4627 -0.0374 -0.8857
Z  0.8652  0.2366  0.4420

PART 59
OFFSET  2.7360 -11.0306 -26.9074
X  0.5423 -0.4670 -0.6985
Y  0.0585  0.8503 -0.5231
Z  0.8382  0.2428  0.4884

PART 60
OFFSET  2.1276 -10.4482 -26.0286
X  0.3222  0.3861 -0.8643
Y -0.3613  0.8941  0.2647
Z  0.8750  0.2270  0.4276

PART 61
OFFSET  1.7637 -10.8843 -25.0523
X  0.4674 -0.8689  0.1627
Y -0.5295 -0.1278  0.8386
Z -0.7079 -0.4781 -0.5199

PART 62
OFFSET  2.0220 -12.7102 -26.9875
X  0.2010 -0.9708  0.1308
Y  0.3132 -0.0628 -0.9476
Z  0.9282  0.2315  0.2914

PART 63
OFFSET  1.6293 -10.8137 -27.2430
X  0.3562 -0.3618 -0.8615
Y -0.1335  0.8928 -0.4302
Z  0.9248  0.2683  0.2697

PART 64
OFFSET  1.1089 -10.2851 -25.9847
X  0.0675  0.5196 -0.8517
Y -0.4162  0.7905  0.4493
Z  0.9068  0.3242  0.2696

PART 65
OFFSET  1.0258 -10.8754 -25.0216
X  0.1562 -0.9240  0.3489
Y -0.2933  0.2939  0.9097
Z -0.9432 -0.2444 -0.2252

PART 66
OFFSET  0.0000 -0.0000 -0.0000
X  1.0000 -0.0000  0.0000
Y  0.0000  1.0000  0.0000
Z  0.0000 -0.0000  1.0000

PART 67
OFFSET  0.0000 -0.0000 -0.0000
X  1.0000 -0.0000  0.0000
Y  0.0000  1.0000  0.0000
Z  0.0000 -0.0000  1.0000

PART 68
OFFSET  1.5404 -0.0000  4.1357
X  1.0000 -0.0000  0.0000
Y  0.0000  1.0000  0.0000
Z  0.0000 -0.0000  1.0000

PART 69
OFFSET -4.6318 -0.0000 -1.3770
X  1.0000 -0.0000  0.0000
Y  0.0000  1.0000  0.0000
Z  0.0000 -0.0000  1.0000

PART 70
OFFSET  1.5445 -10.5713 -36.8476
X  0.0153 -0.0085 -0.9998
Y  0.9987  0.0493  0.0148
Z  0.0492 -0.9987  0.0092

PART 71
OFFSET  1.7992 -13.3399 -43.8217
X  0.0543 -0.9985  0.0094
Y  0.9984  0.0544  0.0146
Z -0.0151  0.0085  0.9998

PART 72
OFFSET  1.5983 -13.0871 -29.1117
X -0.0450  0.6980  0.7147
Y  0.9987  0.0493  0.0147
Z -0.0250  0.7144 -0.6993

PART 73
OFFSET  1.5393 -12.5105 -29.3767
X -0.0276  0.7000 -0.7136
Y  0.9984  0.0545  0.0149
Z  0.0493 -0.7121 -0.7004

PART 74
OFFSET  1.7005 -12.4896 -40.3035
X -0.0048  0.3445 -0.9388
Y  0.9984  0.0544  0.0149
Z  0.0562 -0.9372 -0.3443

PART 75
OFFSET  1.6879 -11.5949 -42.7418
X  0.0350 -0.8039  0.5937
Y  0.9984  0.0545  0.0150
Z -0.0444  0.5922  0.8046

PART 76
OFFSET  0.0000 -0.0000 -0.0000
X  1.0000 -0.0000  0.0000
Y  0.0000  1.0000  0.0000
Z  0.0000 -0.0000  1.0000


FRAME 2
PART 0
OFFSET  0.0000 -0.0000 -0.0000
X  1.0000 -0.0000  0.0000
Y  0.0000  1.0000  0.0000
Z  0.0000 -0.0000  1.0000

PART 1
OFFSET -4.6318 -0.0000 -1.3770
X  1.0000 -0.0000  0.0000
Y  0.0000  1.0000  0.0000
Z  0.0000 -0.0000  1.0000

PART 2
OFFSET -1.0996  7.9373 -7.5960
X -0.3322  0.5710 -0.7508
Y -0.1243 -0.8155 -0.5652
Z -0.9350 -0.0945  0.3419

PART 3
OFFSET -5.1169  14.8425 -16.6757
X  0.7906 -0.4366 -0.4293
Y  0.1856 -0.4972  0.8476
Z -0.5835 -0.7498 -0.3120

PART 4
OFFSET  1.6075  11.1286 -20.3269
X  0.7906 -0.4366 -0.4293
Y  0.3786 -0.2024  0.9032
Z -0.4813 -0.8766  0.0053

PART 5
OFFSET  3.3237  12.0126 -21.3181
X  0.7911 -0.4316 -0.4335
Y  0.5786  0.7580  0.3011
Z  0.1986 -0.4889  0.8494

PART 6
OFFSET  1.7502  10.7626 -22.0543
X  0.7911 -0.4316 -0.4335
Y  0.5786  0.7580  0.3011
Z  0.1986 -0.4889  0.8494

PART 7
OFFSET  4.0319  10.3659 -19.5609
X  0.7911 -0.4316 -0.4335
Y  0.5786  0.7580  0.3011
Z  0.1986 -0.4889  0.8494

PART 8
OFFSET  3.1743  9.3887 -19.9122
X  0.7911 -0.4316 -0.4335
Y  0.5786  0.7580  0.3011
Z  0.1986 -0.4889  0.8494

PART 9
OFFSET  2.2139  9.2747 -20.6746
X  0.7911 -0.4316 -0.4335
Y  0.5786  0.7580  0.3011
Z  0.1986 -0.4889  0.8494

PART 10
OFFSET  4.0313  9.7900 -21.6430
X  0.7015 -0.0957 -0.7063
Y  0.6789 -0.2117  0.7030
Z -0.2168 -0.9726 -0.0835

PART 11
OFFSET  4.9130  9.1433 -21.3165
X  0.6234 -0.6770 -0.3912
Y  0.5421  0.0137  0.8402
Z -0.5635 -0.7359  0.3755

PART 12
OFFSET  6.2811  7.6428 -22.0559
X  0.2984 -0.2346 -0.9252
Y  0.7428 -0.5516  0.3795
Z -0.5993 -0.8004  0.0096

PART 13
OFFSET  6.6514  7.2074 -23.5710
X -0.1683 -0.1956 -0.9661
Y  0.8125 -0.5825 -0.0236
Z -0.5582 -0.7889  0.2569

PART 14
OFFSET  6.4577  6.9499 -24.6044
X  0.4018  0.2423 -0.8831
Y  0.2780  0.8865  0.3698
Z  0.8725 -0.3941  0.2888

PART 15
OFFSET  3.8541  9.7390 -23.0102
X  0.0789 -0.3662 -0.9272
Y -0.3006 -0.8955  0.3281
Z -0.9505  0.2528 -0.1807

PART 16
OFFSET  4.1329  8.7696 -25.0269
X -0.0551 -0.9469  0.3169
Y -0.3072  0.3181  0.8969
Z -0.9500 -0.0480 -0.3084

PART 17
OFFSET  4.0549  7.4291 -24.5782
X -0.3307  0.3283  0.8848
Y  0.0116  0.9389 -0.3440
Z -0.9437 -0.1035 -0.3143

PART 18
OFFSET  3.7617  7.7202 -23.7937
X -0.2146  0.8528  0.4762
Y  0.2731  0.5205 -0.8090
Z -0.9377 -0.0436 -0.3446

PART 19
OFFSET  3.5578  8.5303 -23.3414
X  0.1283 -0.9727  0.1935
Y  0.2258 -0.1613 -0.9607
Z  0.9657  0.1670  0.1989

PART 20
OFFSET  4.4898  9.7132 -22.6867
X  0.4577 -0.0320 -0.8885
Y -0.2607 -0.9603 -0.0998
Z -0.8500  0.2773 -0.4479

PART 21
OFFSET  5.3575  9.0451 -25.0445
X -0.1307 -0.9820  0.1361
Y -0.3859  0.1769  0.9054
Z -0.9132  0.0658 -0.4020

PART 22
OFFSET  5.1349  7.3732 -24.8128
X -0.3884  0.2239  0.8939
Y  0.1237  0.9739 -0.1902
Z -0.9131  0.0367 -0.4060

PART 23
OFFSET  4.5966  7.6835 -23.5739
X -0.1752  0.8682  0.4643
Y  0.3744  0.4949 -0.7841
Z -0.9105  0.0365 -0.4118

PART 24
OFFSET  4.4065  8.6250 -23.0704
X -0.1151 -0.9922  0.0472
Y  0.4460 -0.0941 -0.8901
Z  0.8876 -0.0814  0.4533

PART 25
OFFSET  7.1555  8.6375 -22.7486
X  0.4684 -0.3196 -0.8237
Y  0.4376  0.8938 -0.0979
Z  0.7675 -0.3146  0.5585

PART 26
OFFSET  7.3572  9.6188 -23.8337
X -0.0383 -0.9950 -0.0926
Y -0.7917 -0.0264  0.6103
Z -0.6097  0.0967 -0.7867

PART 27
OFFSET  7.2897  7.8670 -23.9968
X -0.8462 -0.1797  0.5016
Y -0.0955  0.9773  0.1889
Z -0.5242  0.1120 -0.8442

PART 28
OFFSET  6.2928  7.6418 -23.3357
X -0.3329  0.8589  0.3892
Y  0.7076  0.5003 -0.4990
Z -0.6233  0.1093 -0.7743

PART 29
OFFSET  5.9168  8.6120 -22.8961
X -0.7057 -0.7005  0.1059
Y  0.6095 -0.6765 -0.4134
Z  0.3612 -0.2272  0.9044

PART 30
OFFSET  6.5069  9.6842 -24.5360
X -0.0809 -0.9967  0.0022
Y -0.5774  0.0487  0.8150
Z -0.8124  0.0647 -0.5795

PART 31
OFFSET  6.3488  7.7370 -24.5318
X -0.5652 -0.3253  0.7581
Y -0.0987  0.9390  0.3293
Z -0.8190  0.1113 -0.5629

PART 32
OFFSET  5.5232  7.2619 -23.4245
X -0.2775  0.7440  0.6078
Y  0.5208  0.6481 -0.5556
Z -0.8073  0.1624 -0.5673

PART 33
OFFSET  5.2029  8.1052 -22.7397
X -0.0683 -0.9948 -0.0749
Y  0.5153  0.0292 -0.8565
Z  0.8543 -0.0971  0.5107

PART 34
OFFSET  5.2368  8.1623 -24.0638
X -0.8838  0.2319 -0.4064
Y  0.2168  0.9726  0.0835
Z  0.4146 -0.0143 -0.9099

PART 35
OFFSET  6.2393 -8.5049 -36.0640
X  0.1716 -0.0761 -0.9822
Y  0.9683  0.1968  0.1539
Z  0.1816 -0.9775  0.1075

PART 36
OFFSET -3.3948 -7.9421 -3.2977
X  0.0126  0.4074  0.9131
Y  0.1157 -0.9077  0.4034
Z  0.9932  0.1006 -0.0586

PART 37
OFFSET -3.5476 -12.8697 -14.3411
X -0.6399 -0.2099  0.7393
Y -0.4728 -0.6508 -0.5940
Z  0.6058 -0.7296  0.3172

PART 38
OFFSET  1.8946 -11.0843 -20.6289
X -0.6399 -0.2099  0.7393
Y -0.6975 -0.2452 -0.6733
Z  0.3226 -0.9465  0.0105

PART 39
OFFSET  2.3783 -9.3266 -21.6577
X -0.6388 -0.2038  0.7419
Y -0.5968  0.7398 -0.3106
Z -0.4855 -0.6412 -0.5943

PART 40
OFFSET  3.3621 -8.9624 -21.2206
X -0.6388 -0.2038  0.7419
Y -0.5968  0.7398 -0.3106
Z -0.4855 -0.6412 -0.5943

PART 41
OFFSET  4.1317 -10.5207 -21.1309
X -0.6388 -0.2038  0.7419
Y -0.5968  0.7398 -0.3106
Z -0.4855 -0.6412 -0.5943

PART 42
OFFSET  3.8562 -10.4407 -22.8953
X -0.4891 -0.2218  0.8435
Y -0.8009 -0.2689 -0.5351
Z  0.3455 -0.9373 -0.0461

PART 43
OFFSET  4.7072 -9.6966 -22.7395
X -0.5190 -0.7340  0.4382
Y -0.7882  0.2126 -0.5775
Z  0.3307 -0.6451 -0.6888

PART 44
OFFSET  5.8874 -8.0981 -23.5890
X  0.0194 -0.5225  0.8524
Y -0.8930 -0.3925 -0.2202
Z  0.4496 -0.7569 -0.4743

PART 45
OFFSET  5.7524 -7.1932 -24.9251
X  0.8202 -0.0312  0.5713
Y -0.4219 -0.7074  0.5671
Z  0.3864 -0.7061 -0.5933

PART 46
OFFSET  4.8550 -7.1152 -25.5254
X  0.2702  0.2848  0.9197
Y -0.6409  0.7661 -0.0489
Z -0.7185 -0.5762  0.3895

PART 47
OFFSET  3.3427 -10.3515 -24.1728
X  0.1046 -0.1459  0.9838
Y  0.3905 -0.9037 -0.1756
Z  0.9146  0.4025 -0.0375

PART 48
OFFSET  3.1931 -9.8543 -26.3671
X  0.3694 -0.9215  0.1203
Y  0.1085 -0.0858 -0.9904
Z  0.9229  0.3789  0.0683

PART 49
OFFSET  2.6701 -8.5497 -26.5374
X  0.2316 -0.3873 -0.8924
Y -0.2600  0.8593 -0.4404
Z  0.9374  0.3340  0.0984

PART 50
OFFSET  2.4648 -8.2063 -25.7462
X -0.1483  0.5098 -0.8474
Y -0.3730  0.7647  0.5254
Z  0.9159  0.3940  0.0768

PART 51
OFFSET  2.6056 -8.6907 -24.9411
X  0.2151 -0.9270  0.3072
Y -0.0704  0.2990  0.9516
Z -0.9740 -0.2264 -0.0009

PART 52
OFFSET  4.0308 -10.2549 -24.0091
X -0.1892 -0.1989  0.9616
Y  0.4048 -0.9080 -0.1082
Z  0.8946  0.3688  0.2524

PART 53
OFFSET  4.3980 -9.8134 -26.5446
X  0.2614 -0.9214  0.2876
Y  0.2985 -0.2062 -0.9319
Z  0.9179  0.3294  0.2212

PART 54
OFFSET  3.9530 -8.2447 -27.0343
X  0.3481 -0.3885 -0.8532
Y -0.1696  0.8690 -0.4649
Z  0.9220  0.3066  0.2366

PART 55
OFFSET  3.4705 -7.7063 -25.8519
X  0.0028  0.6120 -0.7909
Y -0.3922  0.7282  0.5621
Z  0.9199  0.3086  0.2421

PART 56
OFFSET  3.4675 -8.3700 -24.9941
X  0.2670 -0.9022  0.3388
Y -0.3621  0.2319  0.9028
Z -0.8931 -0.3637 -0.2648

PART 57
OFFSET  2.6829 -11.6389 -18.9568
X -0.2093 -0.4173  0.8843
Y -0.5037  0.8211  0.2683
Z -0.8381 -0.3893 -0.3820

PART 58
OFFSET  6.4945 -9.7220 -25.7958
X  0.2925 -0.9193  0.2635
Y  0.5985 -0.0390 -0.8002
Z  0.7459  0.3917  0.5387

PART 59
OFFSET  5.9796 -8.1035 -26.2597
X  0.7023 -0.4370 -0.5619
Y  0.0300  0.8069 -0.5899
Z  0.7112  0.3975  0.5798

PART 60
OFFSET  5.1690 -7.5482 -25.5413
X  0.4026  0.3604 -0.8415
Y -0.5118  0.8508  0.1195
Z  0.7589  0.3825  0.5270

PART 61
OFFSET  4.7142 -7.9552 -24.5909
X  0.5444 -0.7777  0.3143
Y -0.6349 -0.1372  0.7603
Z -0.5482 -0.6134 -0.5685

PART 62
OFFSET  5.5116 -9.8692 -26.2780
X  0.3020 -0.9189  0.2538
Y  0.4652 -0.0903 -0.8806
Z  0.8321  0.3840  0.4003

PART 63
OFFSET  4.9216 -8.0741 -26.7738
X  0.5325 -0.3725 -0.7600
Y -0.1782  0.8285 -0.5309
Z  0.8274  0.4182  0.3748

PART 64
OFFSET  4.1438 -7.5300 -25.6637
X  0.1339  0.4565 -0.8796
Y -0.5814  0.7550  0.3033
Z  0.8025  0.4708  0.3665

PART 65
OFFSET  3.9860 -8.0499 -24.6698
X  0.2174 -0.8623  0.4573
Y -0.4698  0.3182  0.8234
Z -0.8556 -0.3938 -0.3360

PART 66
OFFSET  0.0000 -0.0000 -0.0000
X  1.0000 -0.0000  0.0000
Y  0.0000  1.0000  0.0000
Z  0.0000 -0.0000  1.0000

PART 67
OFFSET  0.0000 -0.0000 -0.0000
X  1.0000 -0.0000  0.0000
Y  0.0000  1.0000  0.0000
Z  0.0000 -0.0000  1.0000

PART 68
OFFSET  1.5404 -0.0000  4.1357
X  1.0000 -0.0000  0.0000
Y  0.0000  1.0000  0.0000
Z  0.0000 -0.0000  1.0000

PART 69
OFFSET -4.6318 -0.0000 -1.3770
X  1.0000 -0.0000  0.0000
Y  0.0000  1.0000  0.0000
Z  0.0000 -0.0000  1.0000

PART 70
OFFSET  6.2393 -8.5049 -36.0640
X  0.1716 -0.0761 -0.9822
Y  0.9683  0.1968  0.1539
Z  0.1816 -0.9775  0.1075

PART 71
OFFSET  7.9337 -11.6901 -42.6481
X  0.1816 -0.9775  0.1075
Y  0.9683  0.1968  0.1538
Z -0.1715  0.0762  0.9822

PART 72
OFFSET  5.4153 -10.4408 -28.2056
X -0.2460  0.7327  0.6345
Y  0.9692  0.1918  0.1544
Z -0.0086  0.6529 -0.7574

PART 73
OFFSET  5.3242 -9.8978 -28.5276
X -0.0070  0.6373 -0.7706
Y  0.9683  0.1968  0.1539
Z  0.2497 -0.7451 -0.6185

PART 74
OFFSET  7.1791 -10.6186 -39.2728
X  0.0964  0.2738 -0.9569
Y  0.9683  0.1968  0.1539
Z  0.2305 -0.9414 -0.2461

PART 75
OFFSET  7.4297 -9.9075 -41.7583
X  0.0466 -0.7472  0.6629
Y  0.9682  0.1970  0.1540
Z -0.2456  0.6347  0.7327

PART 76
OFFSET  0.0000 -0.0000 -0.0000
X  1.0000 -0.0000  0.0000
Y  0.0000  1.0000  0.0000
Z  0.0000 -0.0000  1.0000


FRAME 3
PART 0
OFFSET  0.0000 -0.0000 -0.0000
X  1.0000 -0.0000  0.0000
Y  0.0000  1.0000  0.0000
Z  0.0000 -0.0000  1.0000

PART 1
OFFSET -4.6318 -0.0000 -1.3770
X  1.0000 -0.0000  0.0000
Y  0.0000  1.0000  0.0000
Z  0.0000 -0.0000  1.0000

PART 2
OFFSET -0.9589  7.9373 -7.7369
X -0.2651  0.5513 -0.7911
Y -0.0623 -0.8285 -0.5565
Z -0.9622 -0.0982  0.2540

PART 3
OFFSET -4.1649  14.6050 -17.3037
X  0.8355 -0.4547 -0.3084
Y  0.0765 -0.4597  0.8848
Z -0.5441 -0.7628 -0.3493

PART 4
OFFSET  2.9417  10.7376 -19.9272
X  0.8355 -0.4547 -0.3084
Y  0.2712 -0.1470  0.9512
Z -0.4779 -0.8784  0.0005

PART 5
OFFSET  4.5726  11.3443 -20.9322
X  0.8365 -0.4499 -0.3127
Y  0.5406  0.7706  0.3375
Z  0.0892 -0.4514  0.8879

PART 6
OFFSET  3.2957  10.2966 -21.6059
X  0.8365 -0.4499 -0.3127
Y  0.5406  0.7706  0.3375
Z  0.0892 -0.4514  0.8879

PART 7
OFFSET  5.1209  9.8278 -18.9129
X  0.8365 -0.4499 -0.3127
Y  0.5406  0.7706  0.3375
Z  0.0892 -0.4514  0.8879

PART 8
OFFSET  4.3478  8.8048 -19.1752
X  0.8365 -0.4499 -0.3127
Y  0.5406  0.7706  0.3375
Z  0.0892 -0.4514  0.8879

PART 9
OFFSET  3.5770  8.8705 -20.1162
X  0.8365 -0.4499 -0.3127
Y  0.5406  0.7706  0.3375
Z  0.0892 -0.4514  0.8879

PART 10
OFFSET  5.5031  9.3436 -20.8728
X  0.8231 -0.1429 -0.5496
Y  0.5299 -0.1547  0.8338
Z -0.2042 -0.9776 -0.0516

PART 11
OFFSET  6.3009  8.7286 -20.3365
X  0.6817 -0.6999 -0.2134
Y  0.3710  0.0792  0.9253
Z -0.6306 -0.7099  0.3137

PART 12
OFFSET  7.7738  7.1868 -20.6872
X  0.4685 -0.3002 -0.8309
Y  0.6520 -0.5172  0.5545
Z -0.5962 -0.8015 -0.0466

PART 13
OFFSET  8.4245  6.6433 -22.0668
X  0.0186 -0.2675 -0.9634
Y  0.7974 -0.5773  0.1757
Z -0.6031 -0.7715  0.2025

PART 14
OFFSET  8.4306  6.3089 -23.0964
X  0.5655  0.1792 -0.8050
Y  0.2087  0.9132  0.3499
Z  0.7979 -0.3659  0.4790

PART 15
OFFSET  5.5910  9.1907 -22.2411
X  0.2524 -0.4331 -0.8653
Y -0.3648 -0.8709  0.3295
Z -0.8962  0.2325 -0.3778

PART 16
OFFSET  6.2440  8.0770 -24.0898
X -0.1221 -0.9212  0.3693
Y -0.4711  0.3813  0.7954
Z -0.8736 -0.0769 -0.4805

PART 17
OFFSET  6.0712  6.7727 -23.5669
X -0.4917  0.3905  0.7783
Y  0.0846  0.9110 -0.4036
Z -0.8666 -0.1327 -0.4810

PART 18
OFFSET  5.6352  7.1190 -22.8769
X -0.2954  0.8841  0.3620
Y  0.4272  0.4612 -0.7777
Z -0.8545 -0.0751 -0.5139

PART 19
OFFSET  5.3545  7.9589 -22.5329
X  0.0814 -0.9549  0.2856
Y  0.4046 -0.2303 -0.8850
Z  0.9109  0.1876  0.3676

PART 20
OFFSET  6.1527  9.1930 -21.8006
X  0.6194 -0.0944 -0.7794
Y -0.2441 -0.9667 -0.0769
Z -0.7462  0.2378 -0.6218

PART 21
OFFSET  7.4513  8.3586 -23.8925
X -0.1619 -0.9702  0.1805
Y -0.5510  0.2406  0.7991
Z -0.8187  0.0299 -0.5735

PART 22
OFFSET  7.1756  6.7069 -23.5852
X -0.5509  0.2866  0.7838
Y  0.1654  0.9580 -0.2341
Z -0.8180  0.0006 -0.5752

PART 23
OFFSET  6.4121  7.1041 -22.4989
X -0.2544  0.8989  0.3569
Y  0.5216  0.4382 -0.7320
Z -0.8144 -0.0000 -0.5803

PART 24
OFFSET  6.1362  8.0790 -22.1119
X -0.1296 -0.9868  0.0972
Y  0.6076 -0.1566 -0.7786
Z  0.7836 -0.0419  0.6199

PART 25
OFFSET  8.7725  8.1334 -21.2707
X  0.6152 -0.3764 -0.6927
Y  0.4551  0.8870 -0.0778
Z  0.6437 -0.2674  0.7170

PART 26
OFFSET  9.1860  9.0333 -22.3662
X -0.0274 -0.9993 -0.0247
Y -0.8942  0.0135  0.4474
Z -0.4467  0.0344 -0.8940

PART 27
OFFSET  9.1377  7.2739 -22.4097
X -0.9281 -0.1478  0.3418
Y -0.1225  0.9880  0.0946
Z -0.3517  0.0459 -0.9350

PART 28
OFFSET  8.0308  7.0914 -21.9374
X -0.3947  0.8830  0.2538
Y  0.7940  0.4669 -0.3894
Z -0.4624  0.0478 -0.8854

PART 29
OFFSET  7.5849  8.0889 -21.6507
X -0.7183 -0.6955  0.0199
Y  0.6722 -0.7011 -0.2378
Z  0.1794 -0.1574  0.9711

PART 30
OFFSET  8.4867  9.0411 -23.2214
X -0.0875 -0.9944  0.0600
Y -0.7226  0.1048  0.6833
Z -0.6857  0.0164 -0.7277

PART 31
OFFSET  8.3158  7.0985 -23.1041
X -0.7026 -0.2722  0.6575
Y -0.1529  0.9601  0.2342
Z -0.6950  0.0640 -0.7162

PART 32
OFFSET  7.2896  6.7009 -22.1438
X -0.3832  0.7850  0.4868
Y  0.6226  0.6088 -0.4916
Z -0.6823  0.1147 -0.7220

PART 33
OFFSET  6.8504  7.5903 -21.5972
X -0.0602 -0.9981 -0.0131
Y  0.6702 -0.0307 -0.7415
Z  0.7397 -0.0535  0.6708

PART 34
OFFSET  7.1380  7.5498 -22.8908
X -0.7876  0.1954 -0.5843
Y  0.2042  0.9776  0.0516
Z  0.5813 -0.0787 -0.8099

PART 35
OFFSET  11.1133 -6.5366 -35.6888
X  0.3357 -0.1135 -0.9351
Y  0.8940  0.3510  0.2783
Z  0.2967 -0.9295  0.2193

PART 36
OFFSET -3.2707 -7.9472 -3.4162
X -0.2672  0.2780  0.9227
Y  0.3094 -0.8820  0.3554
Z  0.9126  0.3804  0.1497

PART 37
OFFSET -0.0392 -11.3095 -14.5748
X -0.6104 -0.2925  0.7361
Y -0.3041 -0.7715 -0.5588
Z  0.7314 -0.5650  0.3820

PART 38
OFFSET  5.1529 -8.8218 -20.8355
X -0.6104 -0.2925  0.7361
Y -0.6054 -0.4269 -0.6717
Z  0.5107 -0.8557  0.0835

PART 39
OFFSET  5.3506 -7.1095 -21.9458
X -0.6108 -0.2862  0.7383
Y -0.7249  0.5772 -0.3760
Z -0.3185 -0.7648 -0.5600

PART 40
OFFSET  6.2498 -6.5396 -21.4942
X -0.6108 -0.2862  0.7383
Y -0.7249  0.5772 -0.3760
Z -0.3185 -0.7648 -0.5600

PART 41
OFFSET  7.2834 -7.7312 -21.2452
X -0.6108 -0.2862  0.7383
Y -0.7249  0.5772 -0.3760
Z -0.3185 -0.7648 -0.5600

PART 42
OFFSET  7.0243 -7.9250 -23.0920
X -0.5872 -0.2306  0.7759
Y -0.6585 -0.4213 -0.6236
Z  0.4707 -0.8771  0.0956

PART 43
OFFSET  7.7306 -7.0546 -22.8785
X -0.4811 -0.7692  0.4207
Y -0.7036  0.0525 -0.7086
Z  0.5230 -0.6369 -0.5664

PART 44
OFFSET  8.8098 -5.3646 -23.6840
X -0.0515 -0.4518  0.8906
Y -0.7838 -0.5343 -0.3163
Z  0.6188 -0.7144 -0.3266

PART 45
OFFSET  8.7768 -4.5871 -25.1041
X  0.7115  0.1307  0.6904
Y -0.4110 -0.7195  0.5598
Z  0.5699 -0.6821 -0.4582

PART 46
OFFSET  7.9883 -4.6850 -25.8393
X  0.0745  0.3864  0.9193
Y -0.7208  0.6579 -0.2181
Z -0.6891 -0.6464  0.3275

PART 47
OFFSET  6.7210 -8.0038 -24.4356
X -0.0403 -0.0583  0.9975
Y  0.5315 -0.8466 -0.0280
Z  0.8461  0.5290  0.0651

PART 48
OFFSET  6.8696 -7.6919 -26.6639
X  0.4645 -0.8461  0.2615
Y  0.2806 -0.1394 -0.9496
Z  0.8399  0.5145  0.1727

PART 49
OFFSET  6.2120 -6.4940 -27.0341
X  0.4252 -0.4117 -0.8061
Y -0.2966  0.7780 -0.5538
Z  0.8551  0.4745  0.2087

PART 50
OFFSET  5.8350 -6.1290 -26.3194
X -0.0736  0.4206 -0.9042
Y -0.5534  0.7370  0.3879
Z  0.8296  0.5290  0.1785

PART 51
OFFSET  5.9049 -6.5286 -25.4604
X  0.2837 -0.8609  0.4223
Y -0.2656  0.3526  0.8973
Z -0.9214 -0.3668 -0.1286

PART 52
OFFSET  7.3535 -7.7956 -24.1785
X -0.3167 -0.1555  0.9357
Y  0.5349 -0.8439  0.0408
Z  0.7833  0.5135  0.3504

PART 53
OFFSET  8.0708 -7.4870 -26.6581
X  0.3314 -0.8500  0.4095
Y  0.4728 -0.2260 -0.8517
Z  0.8165  0.4759  0.3270

PART 54
OFFSET  7.5066 -6.0398 -27.3554
X  0.5327 -0.3929 -0.7495
Y -0.2055  0.7991 -0.5650
Z  0.8209  0.4550  0.3450

PART 55
OFFSET  6.7683 -5.4953 -26.3166
X  0.0511  0.5477 -0.8351
Y -0.5733  0.7008  0.4245
Z  0.8177  0.4571  0.3498

PART 56
OFFSET  6.7129 -6.0893 -25.4108
X  0.3259 -0.8266  0.4589
Y -0.5336  0.2399  0.8110
Z -0.7804 -0.5092 -0.3629

PART 57
OFFSET  5.3894 -8.9986 -19.2843
X -0.2943 -0.3794  0.8772
Y -0.6464  0.7551  0.1097
Z -0.7040 -0.5347 -0.4674

PART 58
OFFSET  9.9840 -7.0347 -25.6094
X  0.3655 -0.8450  0.3904
Y  0.7218 -0.0075 -0.6920
Z  0.5877  0.5347  0.6072

PART 59
OFFSET  9.3406 -5.5470 -26.2967
X  0.8374 -0.3678 -0.4043
Y  0.0185  0.7583 -0.6516
Z  0.5463  0.5382  0.6418

PART 60
OFFSET  8.3557 -5.0671 -25.7662
X  0.4838  0.3547 -0.8001
Y -0.6337  0.7725 -0.0407
Z  0.6036  0.5267  0.5985

PART 61
OFFSET  7.8093 -5.4678 -24.8625
X  0.5843 -0.6647  0.4655
Y -0.7273 -0.1746  0.6637
Z -0.3599 -0.7264 -0.5855

PART 62
OFFSET  9.1226 -7.3591 -26.2203
X  0.3763 -0.8440  0.3822
Y  0.6118 -0.0835 -0.7866
Z  0.6958  0.5299  0.4849

PART 63
OFFSET  8.3874 -5.7103 -26.9670
X  0.6954 -0.3434 -0.6312
Y -0.1976  0.7532 -0.6274
Z  0.6909  0.5611  0.4559

PART 64
OFFSET  7.3716 -5.2088 -26.0450
X  0.2146  0.4073 -0.8877
Y -0.7192  0.6809  0.1385
Z  0.6609  0.6087  0.4390

PART 65
OFFSET  7.1234 -5.6739 -25.0426
X  0.2525 -0.7861  0.5642
Y -0.6373  0.3036  0.7083
Z -0.7280 -0.5384 -0.4243

PART 66
OFFSET  0.0000 -0.0000 -0.0000
X  1.0000 -0.0000  0.0000
Y  0.0000  1.0000  0.0000
Z  0.0000 -0.0000  1.0000

PART 67
OFFSET  0.0000 -0.0000 -0.0000
X  1.0000 -0.0000  0.0000
Y  0.0000  1.0000  0.0000
Z  0.0000 -0.0000  1.0000

PART 68
OFFSET  1.5404 -0.0000  4.1357
X  1.0000 -0.0000  0.0000
Y  0.0000  1.0000  0.0000
Z  0.0000 -0.0000  1.0000

PART 69
OFFSET -4.6318 -0.0000 -1.3770
X  1.0000 -0.0000  0.0000
Y  0.0000  1.0000  0.0000
Z  0.0000 -0.0000  1.0000

PART 70
OFFSET  11.1133 -6.5366 -35.6888
X  0.3357 -0.1135 -0.9351
Y  0.8940  0.3510  0.2783
Z  0.2967 -0.9295  0.2193

PART 71
OFFSET  14.2678 -9.8529 -41.6400
X  0.2967 -0.9295  0.2193
Y  0.8941  0.3510  0.2782
Z -0.3356  0.1135  0.9352

PART 72
OFFSET  9.3190 -8.0553 -27.9008
X -0.4444  0.7270  0.5235
Y  0.8956  0.3463  0.2793
Z  0.0218  0.5930 -0.8049

PART 73
OFFSET  9.2064 -7.5548 -28.2792
X  0.0276  0.5769 -0.8163
Y  0.8941  0.3510  0.2783
Z  0.4471 -0.7375 -0.5061

PART 74
OFFSET  12.8405 -8.6891 -38.5226
X  0.2093  0.2219 -0.9523
Y  0.8941  0.3510  0.2783
Z  0.3960 -0.9097 -0.1249

PART 75
OFFSET  13.3841 -8.1127 -40.9961
X  0.0435 -0.6865  0.7259
Y  0.8940  0.3511  0.2784
Z -0.4459  0.6368  0.6290

PART 76
OFFSET  0.0000 -0.0000 -0.0000
X  1.0000 -0.0000  0.0000
Y  0.0000  1.0000  0.0000
Z  0.0000 -0.0000  1.0000


FRAME 4
PART 0
OFFSET  0.0000 -0.0000 -0.0000
X  1.0000 -0.0000  0.0000
Y  0.0000  1.0000  0.0000
Z  0.0000 -0.0000  1.0000

PART 1
OFFSET -4.6318 -0.0000 -1.3770
X  1.0000 -0.0000  0.0000
Y  0.0000  1.0000  0.0000
Z  0.0000 -0.0000  1.0000

PART 2
OFFSET -0.8147  7.9373 -7.8811
X -0.1830  0.5329 -0.8262
Y -0.0045 -0.8408 -0.5413
Z -0.9831 -0.0954  0.1563

PART 3
OFFSET -3.0283  14.3819 -17.8725
X  0.8624 -0.4699 -0.1884
Y -0.0359 -0.4281  0.9030
Z -0.5050 -0.7720 -0.3861

PART 4
OFFSET  4.3068  10.3855 -19.4751
X  0.8624 -0.4699 -0.1884
Y  0.1612 -0.0979  0.9820
Z -0.4799 -0.8773 -0.0087

PART 5
OFFSET  6.0006  10.8691 -20.3433
X  0.8640 -0.4652 -0.1927
Y  0.5030  0.7794  0.3736
Z -0.0236 -0.4197  0.9073

PART 6
OFFSET  4.8580  9.8838 -21.0829
X  0.8640 -0.4652 -0.1927
Y  0.5030  0.7794  0.3736
Z -0.0236 -0.4197  0.9073

PART 7
OFFSET  6.3070  9.4559 -18.1954
X  0.8640 -0.4652 -0.1927
Y  0.5030  0.7794  0.3736
Z -0.0236 -0.4197  0.9073

PART 8
OFFSET  5.5354  8.3721 -18.5023
X  0.8640 -0.4652 -0.1927
Y  0.5030  0.7794  0.3736
Z -0.0236 -0.4197  0.9073

PART 9
OFFSET  4.9414  8.5067 -19.5177
