// Export filename: `C:\projects\cod\t5\xanim_export\t5_viewmodels\briefcase_bomb\briefcase_bomb_drop.XANIM_EXPORT`
// Source filename: `D:\projects\devanim\t5\animation_assets\viewmodels\briefcase_bomb\briefcase_bomb_animated.fbx`
// Export time: Sat Sep 11 20:32:11 2010

ANIMATION
VERSION 3

NUMPARTS 77
PART 0 "tag_view"
PART 1 "tag_ads"
PART 2 "tag_torso"
PART 3 "J_Shoulder_LE"
PART 4 "J_Elbow_LE"
PART 5 "J_WristTwist_LE"
PART 6 "J_Sleave_Reshape_Bottom_LE_1"
PART 7 "J_Sleave_Reshape_Bottom_LE_2"
PART 8 "J_Sleave_Reshape_Top_LE_1"
PART 9 "J_Sleave_Reshape_Top_LE_2"
PART 10 "J_Sleave_Reshape_Top_LE_3"
PART 11 "J_Wrist_LE"
PART 12 "J_Thumb_LE_0"
PART 13 "J_Thumb_LE_1"
PART 14 "J_Thumb_LE_2"
PART 15 "J_Thumb_LE_3"
PART 16 "J_PinkyPalm_LE"
PART 17 "J_Pinky_LE_0"
PART 18 "J_Pinky_LE_1"
PART 19 "J_Pinky_LE_2"
PART 20 "J_Pinky_LE_3"
PART 21 "J_RingPalm_LE"
PART 22 "J_Ring_LE_0"
PART 23 "J_Ring_LE_1"
PART 24 "J_Ring_LE_2"
PART 25 "J_Ring_LE_3"
PART 26 "J_Webbing_LE"
PART 27 "J_Index_LE_0"
PART 28 "J_Index_LE_1"
PART 29 "J_Index_LE_2"
PART 30 "J_Index_LE_3"
PART 31 "J_Mid_LE_0"
PART 32 "J_Mid_LE_1"
PART 33 "J_Mid_LE_2"
PART 34 "J_Mid_LE_3"
PART 35 "tag_knife_attach"
PART 36 "tag_weapon"
PART 37 "J_Gun"
PART 38 "J_Open"
PART 39 "J_Locks"
PART 40 "J_Handle"
PART 41 "J_Support_Base"
PART 42 "J_Support_Mid"
PART 43 "J_Shoulder_RI"
PART 44 "J_Elbow_RI"
PART 45 "J_WristTwist_RI"
PART 46 "J_Sleave_Reshape_Top_RI_3"
PART 47 "J_Sleave_Reshape_Top_RI_2"
PART 48 "J_Sleave_Reshape_Top_RI_1"
PART 49 "J_Wrist_RI"
PART 50 "J_Thumb_RI_0"
PART 51 "J_Thumb_RI_1"
PART 52 "J_Thumb_RI_2"
PART 53 "J_Thumb_RI_3"
PART 54 "J_PinkyPalm_RI"
PART 55 "J_Pinky_RI_0"
PART 56 "J_Pinky_RI_1"
PART 57 "J_Pinky_RI_2"
PART 58 "J_Pinky_RI_3"
PART 59 "J_RingPalm_RI"
PART 60 "J_Ring_RI_0"
PART 61 "J_Ring_RI_1"
PART 62 "J_Ring_RI_2"
PART 63 "J_Ring_RI_3"
PART 64 "J_Webbing_RI"
PART 65 "J_Index_RI_0"
PART 66 "J_Index_RI_1"
PART 67 "J_Index_RI_2"
PART 68 "J_Index_RI_3"
PART 69 "J_Mid_RI_0"
PART 70 "J_Mid_RI_1"
PART 71 "J_Mid_RI_2"
PART 72 "J_Mid_RI_3"
PART 73 "tag_cambone"
PART 74 "tag_camera"
PART 75 "tag_gasmask"
PART 76 "tag_gasmask2"

FRAMERATE 30
NUMFRAMES 46

FRAME 130
PART 0
OFFSET  0.0000 -0.0000 -0.0000
X  1.0000 -0.0000  0.0000
Y  0.0000  1.0000  0.0000
Z  0.0000 -0.0000  1.0000

PART 1
OFFSET  0.0000 -0.0000 -0.0000
X  1.0000 -0.0000  0.0000
Y  0.0000  1.0000  0.0000
Z  0.0000 -0.0000  1.0000

PART 2
OFFSET -4.6318 -0.0000 -1.3770
X  1.0000 -0.0000  0.0000
Y  0.0000  1.0000  0.0000
Z  0.0000 -0.0000  1.0000

PART 3
OFFSET -1.4727  8.9047 -7.9500
X  0.6561 -0.0018 -0.7547
Y -0.0757 -0.9951 -0.0634
Z -0.7509  0.0987 -0.6530

PART 4
OFFSET  6.4622  8.8824 -17.0768
X  0.5842 -0.5918  0.5554
Y -0.6768  0.0224  0.7358
Z -0.4479 -0.8058 -0.3874

PART 5
OFFSET  11.4311  3.8491 -12.3525
X  0.5842 -0.5918  0.5554
Y  0.3704  0.8033  0.4663
Z -0.7222 -0.0667  0.6885

PART 6
OFFSET  13.5389  4.2002 -11.6821
X  0.5894 -0.5897  0.5521
Y  0.4559  0.8070  0.3753
Z -0.6669  0.0305  0.7445

PART 7
OFFSET  12.5462  2.6324 -12.9959
X  0.5894 -0.5897  0.5521
Y  0.4559  0.8070  0.3753
Z -0.6669  0.0305  0.7445

PART 8
OFFSET  12.0780  3.6902 -9.7448
X  0.5894 -0.5897  0.5521
Y  0.4559  0.8070  0.3753
Z -0.6669  0.0305  0.7445

PART 9
OFFSET  11.4159  2.6378 -10.3508
X  0.5894 -0.5897  0.5521
Y  0.4559  0.8070  0.3753
Z -0.6669  0.0305  0.7445

PART 10
OFFSET  11.2579  2.0923 -11.4530
X  0.5894 -0.5897  0.5521
Y  0.4559  0.8070  0.3753
Z -0.6669  0.0305  0.7445

PART 11
OFFSET  13.2220  2.0350 -10.6497
X  0.8926  0.0332  0.4496
Y -0.1573  0.9575  0.2416
Z -0.4225 -0.2864  0.8599

PART 12
OFFSET  13.2983  2.8563 -9.8612
X  0.5659  0.7661  0.3047
Y  0.2632  0.1823 -0.9474
Z -0.7813  0.6163 -0.0985

PART 13
OFFSET  14.5022  4.5621 -9.3037
X  0.7107  0.5261  0.4669
Y  0.1963  0.4891 -0.8499
Z -0.6755  0.6957  0.2444

PART 14
OFFSET  15.5622  5.4602 -8.4719
X  0.6042  0.7580  0.2459
Y  0.1257  0.2140 -0.9687
Z -0.7869  0.6162  0.0340

PART 15
OFFSET  16.1816  6.3117 -8.2209
X  0.9773  0.2078 -0.0400
Y  0.2112 -0.9698  0.1221
Z -0.0134 -0.1278 -0.9917

PART 16
OFFSET  14.0604  0.9799 -10.3542
X  0.5712 -0.5932  0.5674
Y -0.7365 -0.0652  0.6733
Z -0.3624 -0.8024 -0.4741

PART 17
OFFSET  15.3062 -0.2441 -8.9278
X  0.8562 -0.4139  0.3091
Y -0.3500 -0.0248  0.9364
Z -0.3799 -0.9100 -0.1661

PART 18
OFFSET  16.5184 -0.8301 -8.4901
X  0.8328 -0.3705  0.4112
Y -0.4462 -0.0099  0.8949
Z -0.3275 -0.9288 -0.1736

PART 19
OFFSET  17.2568 -1.1586 -8.1255
X  0.8643 -0.3821  0.3271
Y -0.3470  0.0178  0.9377
Z -0.3642 -0.9239 -0.1172

PART 20
OFFSET  18.0779 -1.5216 -7.8148
X -0.3906  0.4147 -0.8219
Y -0.8641  0.1426  0.4826
Z  0.3173  0.8987  0.3026

PART 21
OFFSET  14.2112  1.6635 -10.2148
X  0.8952 -0.2642  0.3588
Y -0.4334 -0.3288  0.8391
Z -0.1037 -0.9067 -0.4088

PART 22
OFFSET  16.1655  0.6648 -8.8214
X  0.8818 -0.3236  0.3429
Y -0.3995 -0.1263  0.9080
Z -0.2505 -0.9377 -0.2406

PART 23
OFFSET  17.6669  0.1138 -8.2375
X  0.8105 -0.3166  0.4928
Y -0.5418 -0.0853  0.8362
Z -0.2227 -0.9447 -0.2407

PART 24
OFFSET  18.7902 -0.3250 -7.5545
X  0.8181 -0.3210  0.4772
Y -0.5278 -0.0896  0.8446
Z -0.2283 -0.9428 -0.2428

PART 25
OFFSET  19.6774 -0.6731 -7.0370
X -0.3800  0.2678 -0.8854
Y -0.8910  0.1511  0.4281
Z  0.2485  0.9515  0.1812

PART 26
OFFSET  15.4974  3.5041 -8.4191
X  0.7528 -0.2336  0.6154
Y  0.6572  0.3209 -0.6820
Z -0.0382  0.9179  0.3951

PART 27
OFFSET  16.7385  2.9929 -9.0351
X  0.8405  0.1363  0.5244
Y -0.4962 -0.1947  0.8461
Z  0.2175 -0.9713 -0.0960

PART 28
OFFSET  18.2183  3.2330 -8.1119
X  0.8438  0.0791  0.5308
Y -0.4988 -0.2494  0.8300
Z  0.1980 -0.9652 -0.1709

PART 29
OFFSET  19.2320  3.3878 -7.4561
X  0.8801  0.2260  0.4175
Y -0.3779 -0.1988  0.9042
Z  0.2873 -0.9536 -0.0896

PART 30
OFFSET  20.2262  3.6430 -6.9845
X  0.1355 -0.1623 -0.9774
Y -0.9830 -0.1454 -0.1121
Z -0.1239  0.9760 -0.1792

PART 31
OFFSET  16.7382  1.8992 -9.1909
X  0.8184 -0.1500  0.5548
Y -0.5711 -0.1045  0.8142
Z -0.0641 -0.9832 -0.1711

PART 32
OFFSET  18.3369  1.6063 -8.1072
X  0.8416 -0.1840  0.5077
Y -0.5288 -0.0899  0.8440
Z -0.1096 -0.9788 -0.1729

PART 33
OFFSET  19.5663  1.3375 -7.3656
X  0.8642 -0.2073  0.4584
Y -0.4783 -0.0564  0.8764
Z -0.1558 -0.9767 -0.1479

PART 34
OFFSET  20.5443  1.0959 -6.8481
X -0.3472  0.2574 -0.9018
Y -0.9314  0.0172  0.3635
Z  0.1091  0.9662  0.2338

PART 35
OFFSET  15.0830  1.1724 -8.2505
X -0.1699 -0.9069 -0.3856
Y  0.4225  0.2864 -0.8599
Z  0.8903 -0.3090  0.3345

PART 36
OFFSET  14.0170  0.4919 -7.9662
X  0.9195  0.1597  0.3591
Y -0.1569  0.9869 -0.0370
Z -0.3603 -0.0223  0.9326

PART 37
OFFSET  14.0170  0.4919 -7.9662
X  0.9195  0.1597  0.3591
Y -0.1569  0.9869 -0.0370
Z -0.3603 -0.0223  0.9326

PART 38
OFFSET  19.4766  1.5491 -2.9223
X  0.9196  0.1595  0.3591
Y -0.1567  0.9869 -0.0371
Z -0.3603 -0.0222  0.9326

PART 39
OFFSET  14.0548  1.2306  10.7522
X -0.6023 -0.0630  0.7958
Y -0.1569  0.9868 -0.0406
Z -0.7827 -0.1493 -0.6042

PART 40
OFFSET  6.4407 -0.7429 -8.7722
X  0.4146  0.1001  0.9045
Y -0.1575  0.9868 -0.0370
Z -0.8963 -0.1271  0.4249

PART 41
OFFSET  16.5299  1.0044 -4.9546
X  0.4520  0.1053  0.8858
Y -0.1571  0.9869 -0.0372
Z -0.8780 -0.1224  0.4627

PART 42
OFFSET  17.7040  1.2779 -2.6540
X  0.4484  0.1045  0.8877
Y -0.1569  0.9869 -0.0369
Z -0.8800 -0.1227  0.4589

PART 43
OFFSET -7.2092 -1.8407 -7.9971
X -0.7622  0.5084  0.4006
Y -0.5622 -0.8267 -0.0206
Z  0.3207 -0.2409  0.9160

PART 44
OFFSET  2.0093 -7.9896 -12.8420
X -0.7431 -0.0729 -0.6652
Y  0.5875 -0.5468 -0.5965
Z -0.3202 -0.8341  0.4492

PART 45
OFFSET  8.3299 -7.3691 -7.1846
X -0.7431 -0.0729 -0.6652
Y -0.0496 -0.9853  0.1635
Z -0.6673  0.1544  0.7286

PART 46
OFFSET  9.7680 -5.5782 -6.8259
X -0.7457 -0.0672 -0.6629
Y  0.3138  0.8423 -0.4383
Z  0.5878 -0.5348 -0.6070

PART 47
OFFSET  9.2912 -5.9701 -5.6766
X -0.7457 -0.0672 -0.6629
Y  0.3138  0.8423 -0.4383
Z  0.5878 -0.5348 -0.6070

PART 48
OFFSET  8.7526 -8.0520 -4.7017
X -0.7457 -0.0672 -0.6629
Y  0.3138  0.8423 -0.4383
Z  0.5878 -0.5348 -0.6070

PART 49
OFFSET  10.6082 -7.1455 -5.1455
X -0.7747 -0.3609 -0.5192
Y  0.2097 -0.9213  0.3276
Z -0.5966  0.1450  0.7893

PART 50
OFFSET  10.9993 -6.1536 -5.5522
X -0.7424 -0.6476 -0.1718
Y  0.6380 -0.7616  0.1139
Z -0.2046 -0.0250  0.9785

PART 51
OFFSET  12.5490 -4.6788 -5.2472
X -0.8980 -0.1064 -0.4270
Y  0.0587 -0.9906  0.1233
Z -0.4362  0.0857  0.8958

PART 52
OFFSET  14.0509 -4.5757 -4.6508
X -0.9496  0.0219 -0.3128
Y -0.0322 -0.9991  0.0277
Z -0.3119  0.0364  0.9494

PART 53
OFFSET  15.0926 -4.5842 -4.3565
X -0.5073 -0.2131 -0.8350
Y  0.7949  0.2587 -0.5489
Z  0.3329 -0.9422  0.0382

PART 54
OFFSET  11.6087 -7.8558 -4.5148
X -0.8241  0.2517 -0.5075
Y -0.4782  0.1713  0.8614
Z  0.3037  0.9525 -0.0208

PART 55
OFFSET  13.5632 -8.3036 -3.4832
X -0.3740  0.0678  0.9250
Y  0.9249 -0.0464  0.3773
Z  0.0684  0.9966 -0.0453

PART 56
OFFSET  14.0927 -8.3995 -4.7927
X  0.9893 -0.0278 -0.1429
Y -0.1431 -0.0040 -0.9897
Z  0.0270  0.9996 -0.0079

PART 57
OFFSET  13.2155 -8.3748 -4.6660
X -0.2883 -0.0670 -0.9552
Y -0.9575  0.0291  0.2869
Z  0.0085  0.9973 -0.0726

PART 58
OFFSET  13.4893 -8.3111 -3.7585
X  0.8203 -0.1112  0.5610
Y -0.5363  0.1911  0.8221
Z -0.1986 -0.9752  0.0972

PART 59
OFFSET  11.5565 -7.1439 -4.5081
X -0.8449 -0.0459 -0.5329
Y -0.5307  0.1965  0.8245
Z  0.0669  0.9794 -0.1904

PART 60
OFFSET  13.7277 -7.1660 -3.0785
X -0.4367  0.0496  0.8982
Y  0.8859 -0.1501  0.4390
Z  0.1566  0.9874  0.0216

PART 61
OFFSET  14.4712 -7.2505 -4.6077
X  0.9901 -0.1385  0.0233
Y  0.0289  0.0381 -0.9989
Z  0.1374  0.9896  0.0417

PART 62
OFFSET  13.0990 -7.0586 -4.6401
X -0.1182  0.0577 -0.9913
Y -0.9843  0.1252  0.1246
Z  0.1313  0.9905  0.0420

PART 63
OFFSET  13.2272 -7.1211 -3.5649
X  0.6655 -0.0700  0.7431
Y -0.7434  0.0268  0.6683
Z -0.0668 -0.9972 -0.0342

PART 64
OFFSET  6.8869 -7.7910 -7.1604
X -0.9353 -0.1211 -0.3324
Y  0.3535 -0.2795 -0.8927
Z  0.0152 -0.9525  0.3042

PART 65
OFFSET  13.2469 -4.9904 -3.0761
X -0.7806  0.2958  0.5507
Y  0.6116  0.1794  0.7706
Z  0.1291  0.9383 -0.3209

PART 66
OFFSET  14.6212 -5.5111 -4.0456
X  0.3733  0.3047  0.8762
Y  0.9224 -0.2233 -0.3152
Z  0.0996  0.9259 -0.3644

PART 67
OFFSET  14.1735 -5.8253 -5.1329
X  0.9273 -0.0196  0.3738
Y  0.3453 -0.3403 -0.8746
Z  0.1444  0.9401 -0.3088

PART 68
OFFSET  13.1261 -5.8032 -5.5551
X -0.5730  0.5780  0.5810
Y -0.7922 -0.2090 -0.5734
Z -0.2100 -0.7888  0.5777

PART 69
OFFSET  13.4987 -6.0543 -2.9176
X -0.7123  0.2638  0.6504
Y  0.6753  0.0048  0.7376
Z  0.1914  0.9646 -0.1815

PART 70
OFFSET  14.8903 -6.5695 -4.1882
X  0.5009  0.0547  0.8638
Y  0.8342 -0.2967 -0.4649
Z  0.2308  0.9534 -0.1942

PART 71
OFFSET  14.1587 -6.6495 -5.4499
X  0.9623 -0.2717 -0.0122
Y -0.0770 -0.2289 -0.9704
Z  0.2608  0.9348 -0.2412

PART 72
OFFSET  13.0669 -6.3486 -5.4350
X -0.7054  0.2948  0.6446
Y -0.6570  0.0694 -0.7507
Z -0.2660 -0.9530  0.1447

PART 73
OFFSET  0.0000 -0.0000 -0.0000
X  1.0000 -0.0000  0.0000
Y  0.0000  1.0000  0.0000
Z  0.0000 -0.0000  1.0000

PART 74
OFFSET  0.0000 -0.0000 -0.0000
X  1.0000 -0.0000  0.0000
Y  0.0000  1.0000  0.0000
Z  0.0000 -0.0000  1.0000

PART 75
OFFSET  1.5404 -0.0000  4.1357
X  1.0000 -0.0000  0.0000
Y  0.0000  1.0000  0.0000
Z  0.0000 -0.0000  1.0000

PART 76
OFFSET -4.6318 -0.0000 -1.3770
X  1.0000 -0.0000  0.0000
Y  0.0000  1.0000  0.0000
Z  0.0000 -0.0000  1.0000


FRAME 131
PART 0
OFFSET  0.0000 -0.0000 -0.0000
X  1.0000 -0.0000  0.0000
Y  0.0000  1.0000  0.0000
Z  0.0000 -0.0000  1.0000

PART 1
OFFSET  0.0000 -0.0000 -0.0000
X  1.0000 -0.0000  0.0000
Y  0.0000  1.0000  0.0000
Z  0.0000 -0.0000  1.0000

PART 2
OFFSET -4.6318 -0.0000 -1.3770
X  1.0000 -0.0000  0.0000
Y  0.0000  1.0000  0.0000
Z  0.0000 -0.0000  1.0000

PART 3
OFFSET -1.4727  8.9047 -7.9500
X  0.6596 -0.0024 -0.7516
Y -0.0755 -0.9952 -0.0630
Z -0.7478  0.0983 -0.6566

PART 4
OFFSET  6.5043  8.8757 -17.0401
X  0.5836 -0.5915  0.5564
Y -0.6785  0.0212  0.7343
Z -0.4461 -0.8061 -0.3889

PART 5
OFFSET  11.4684  3.8450 -12.3080
X  0.5836 -0.5915  0.5564
Y  0.3718  0.8038  0.4644
Z -0.7219 -0.0642  0.6890

PART 6
OFFSET  13.5743  4.1980 -11.6327
X  0.5889 -0.5894  0.5530
Y  0.4542  0.8073  0.3768
Z -0.6686  0.0293  0.7431

PART 7
OFFSET  12.5863  2.6300 -12.9497
X  0.5889 -0.5894  0.5530
Y  0.4542  0.8073  0.3768
Z -0.6686  0.0293  0.7431

PART 8
OFFSET  12.1098  3.6851 -9.6989
X  0.5889 -0.5894  0.5530
Y  0.4542  0.8073  0.3768
Z -0.6686  0.0293  0.7431

PART 9
OFFSET  11.4502  2.6324 -10.3071
X  0.5889 -0.5894  0.5530
Y  0.4542  0.8073  0.3768
Z -0.6686  0.0293  0.7431

PART 10
OFFSET  11.2952  2.0874 -11.4099
X  0.5889 -0.5894  0.5530
Y  0.4542  0.8073  0.3768
Z -0.6686  0.0293  0.7431

PART 11
OFFSET  13.2576  2.0318 -10.6024
X  0.8951  0.0341  0.4446
Y -0.1573  0.9572  0.2432
Z -0.4172 -0.2876  0.8621

PART 12
OFFSET  13.3372  2.8527 -9.8137
X  0.5665  0.7667  0.3020
Y  0.2576  0.1833 -0.9487
Z -0.7827  0.6153 -0.0936

PART 13
OFFSET  14.5419  4.5598 -9.2621
X  0.7127  0.5268  0.4632
Y  0.1908  0.4899 -0.8506
Z -0.6751  0.6946  0.2487

PART 14
OFFSET  15.6055  5.4588 -8.4356
X  0.6045  0.7587  0.2429
Y  0.1199  0.2148 -0.9693
Z -0.7875  0.6151  0.0388

PART 15
OFFSET  16.2252  6.3110 -8.1876
X  0.9768  0.2092 -0.0454
Y  0.2132 -0.9696  0.1203
Z -0.0188 -0.1272 -0.9917

PART 16
OFFSET  14.0991  0.9777 -10.3123
X  0.5752 -0.5928  0.5637
Y -0.7326 -0.0666  0.6774
Z -0.3640 -0.8026 -0.4726

PART 17
OFFSET  15.3547 -0.2455 -8.8939
X  0.8585 -0.4129  0.3040
Y -0.3447 -0.0259  0.9384
Z -0.3796 -0.9104 -0.1645

PART 18
OFFSET  16.5702 -0.8301 -8.4635
X  0.8357 -0.3696  0.4062
Y -0.4411 -0.0111  0.8974
Z -0.3272 -0.9291 -0.1723

PART 19
OFFSET  17.3111 -1.1579 -8.1034
X  0.8667 -0.3811  0.3219
Y -0.3417  0.0168  0.9397
Z -0.3635 -0.9244 -0.1157

PART 20
OFFSET  18.1345 -1.5200 -7.7975
X -0.3958  0.4147 -0.8194
Y -0.8616  0.1411  0.4876
Z  0.3178  0.8990  0.3014

PART 21
OFFSET  14.2498  1.6614 -10.1733
X  0.8976 -0.2632  0.3536
Y -0.4282 -0.3299  0.8413
Z -0.1048 -0.9066 -0.4089

PART 22
OFFSET  16.2134  0.6644 -8.7918
X  0.8842 -0.3226  0.3377
Y -0.3941 -0.1274  0.9102
Z -0.2506 -0.9379 -0.2398

PART 23
OFFSET  17.7188  0.1151 -8.2168
X  0.8137 -0.3158  0.4880
Y -0.5369 -0.0866  0.8392
Z -0.2228 -0.9449 -0.2400

PART 24
OFFSET  18.8465 -0.3225 -7.5405
X  0.8212 -0.3202  0.4723
Y -0.5229 -0.0909  0.8475
Z -0.2284 -0.9430 -0.2421

PART 25
OFFSET  19.7372 -0.6698 -7.0283
X -0.3854  0.2679 -0.8830
Y -0.8887  0.1496  0.4333
Z  0.2482  0.9518  0.1804

PART 26
OFFSET  15.5437  3.5026 -8.3838
X  0.7566 -0.2330  0.6110
Y  0.6528  0.3222 -0.6855
Z -0.0372  0.9175  0.3959

PART 27
OFFSET  16.7819  2.9935 -9.0071
X  0.8433  0.1372  0.5197
Y -0.4911 -0.1960  0.8487
Z  0.2183 -0.9710 -0.0979

PART 28
OFFSET  18.2666  3.2350 -8.0922
X  0.8467  0.0799  0.5261
Y -0.4938 -0.2506  0.8327
Z  0.1984 -0.9648 -0.1727

PART 29
OFFSET  19.2839  3.3907 -7.4421
X  0.8822  0.2269  0.4127
Y -0.3725 -0.1999  0.9062
Z  0.2881 -0.9532 -0.0919

PART 30
OFFSET  20.2803  3.6470 -6.9760
X  0.1301 -0.1615 -0.9783
Y -0.9834 -0.1467 -0.1066
Z -0.1263  0.9759 -0.1779

PART 31
OFFSET  16.7822  1.8999 -9.1637
X  0.8217 -0.1492  0.5500
Y -0.5663 -0.1058  0.8174
Z -0.0638 -0.9831 -0.1714

PART 32
OFFSET  18.3875  1.6084 -8.0893
X  0.8448 -0.1832  0.5028
Y -0.5239 -0.0912  0.8469
Z -0.1093 -0.9788 -0.1730

PART 33
OFFSET  19.6214  1.3409 -7.3548
X  0.8671 -0.2064  0.4533
Y -0.4733 -0.0576  0.8790
Z -0.1553 -0.9768 -0.1477

PART 34
OFFSET  20.6027  1.1002 -6.8431
X -0.3527  0.2575 -0.8996
Y -0.9294  0.0157  0.3689
Z  0.1091  0.9661  0.2338

PART 35
OFFSET  15.1334  1.1702 -8.2144
X -0.1709 -0.9069 -0.3852
Y  0.4172  0.2876 -0.8621
Z  0.8926 -0.3080  0.3292

PART 36
OFFSET  14.0700  0.4881 -7.9245
X  0.9213  0.1607  0.3540
Y -0.1585  0.9867 -0.0355
Z -0.3550 -0.0234  0.9346

PART 37
OFFSET  14.0700  0.4881 -7.9245
X  0.9213  0.1607  0.3540
Y -0.1585  0.9867 -0.0355
Z -0.3550 -0.0234  0.9346

PART 38
OFFSET  19.5567  1.5494 -2.9110
X  0.9214  0.1606  0.3540
Y -0.1583  0.9867 -0.0355
Z -0.3550 -0.0233  0.9346

PART 39
OFFSET  14.2132  1.2145  10.7939
X -0.5976 -0.0644  0.7992
Y -0.1585  0.9866 -0.0391
Z -0.7859 -0.1500 -0.5998

PART 40
OFFSET  6.4909 -0.7566 -8.6882
X  0.4196  0.1000  0.9022
Y -0.1590  0.9866 -0.0354
Z -0.8937 -0.1286  0.4299

PART 41
OFFSET  16.5992  1.0020 -4.9269
X  0.4569  0.1054  0.8832
Y -0.1587  0.9867 -0.0356
Z -0.8752 -0.1239  0.4676

PART 42
OFFSET  17.7860  1.2755 -2.6328
X  0.4533  0.1045  0.8852
Y -0.1584  0.9867 -0.0354
Z -0.8772 -0.1242  0.4639

PART 43
OFFSET -6.2340 -2.3409 -7.4612
X -0.7865  0.4913  0.3742
Y -0.5576 -0.8254 -0.0884
Z  0.2655 -0.2782  0.9231

PART 44
OFFSET  3.2777 -8.2826 -11.9872
X -0.6952 -0.0509 -0.7170
Y  0.6309 -0.5212 -0.5747
Z -0.3444 -0.8519  0.3945

PART 45
OFFSET  9.1909 -7.8493 -5.8890
X -0.6952 -0.0509 -0.7170
Y -0.0376 -0.9935  0.1070
Z -0.7178  0.1013  0.6888

PART 46
OFFSET  10.5884 -6.0669 -5.3652
X -0.6980 -0.0453 -0.7147
Y  0.3372  0.8597 -0.3837
Z  0.6318 -0.5088 -0.5848

PART 47
OFFSET  10.0367 -6.5042 -4.2669
X -0.6980 -0.0453 -0.7147
Y  0.3372  0.8597 -0.3837
Z  0.6318 -0.5088 -0.5848

PART 48
OFFSET  9.4470 -8.6240 -3.4103
X -0.6980 -0.0453 -0.7147
Y  0.3372  0.8597 -0.3837
Z  0.6318 -0.5088 -0.5848

PART 49
OFFSET  11.3223 -7.6931 -3.6909
X -0.6535 -0.3432 -0.6746
Y  0.1779 -0.9360  0.3039
Z -0.7357  0.0786  0.6727

PART 50
OFFSET  11.7467 -6.6677 -3.9569
X -0.7064 -0.6478 -0.2852
Y  0.6311 -0.7589  0.1605
Z -0.3204 -0.0666  0.9449

PART 51
OFFSET  13.2260 -5.1904 -3.4100
X -0.8325 -0.1656 -0.5288
Y  0.1152 -0.9852  0.1272
Z -0.5420  0.0450  0.8392

PART 52
OFFSET  14.6374 -4.9869 -2.6428
X -0.8963 -0.1541 -0.4159
Y  0.1380 -0.9881  0.0686
Z -0.4215  0.0041  0.9068

PART 53
OFFSET  15.6236 -4.8036 -2.2357
X -0.3624 -0.3200 -0.8754
Y  0.7964  0.3815 -0.4692
Z  0.4841 -0.8672  0.1166

PART 54
OFFSET  12.2144 -8.4207 -2.9306
X -0.7254  0.2660 -0.6349
Y -0.6335  0.1027  0.7669
Z  0.2692  0.9585  0.0940

PART 55
OFFSET  13.9612 -8.8914 -1.5846
X -0.5392 -0.0024  0.8422
Y  0.8412 -0.0502  0.5384
Z  0.0410  0.9987  0.0291

PART 56
OFFSET  14.7246 -8.8880 -2.7769
X  0.9991  0.0043  0.0411
Y  0.0408  0.0585 -0.9975
Z -0.0067  0.9983  0.0583

PART 57
OFFSET  13.8387 -8.8918 -2.8134
X -0.1059 -0.0100 -0.9943
Y -0.9943 -0.0119  0.1061
Z -0.0129  0.9999 -0.0087

PART 58
OFFSET  13.9393 -8.8823 -1.8687
X  0.7071 -0.1295  0.6952
Y -0.6841  0.1238  0.7188
Z -0.1792 -0.9838 -0.0010

PART 59
OFFSET  12.1372 -7.7122 -2.8902
X -0.7309 -0.0296 -0.6818
Y -0.6792  0.1291  0.7225
Z  0.0666  0.9912 -0.1145

PART 60
OFFSET  14.0093 -7.7797 -1.0877
X -0.5953 -0.0201  0.8033
Y  0.7951 -0.1587  0.5853
Z  0.1157  0.9871  0.1105

PART 61
OFFSET  15.0228 -7.7455 -2.4552
X  0.9733 -0.1171  0.1976
Y  0.2100  0.1050 -0.9721
Z  0.0931  0.9876  0.1268

PART 62
OFFSET  13.6739 -7.5832 -2.7291
X  0.0634  0.1207 -0.9907
Y -0.9942  0.0942 -0.0522
Z  0.0870  0.9882  0.1260

PART 63
OFFSET  13.6051 -7.7141 -1.6546
X  0.5202 -0.1041  0.8477
Y -0.8537 -0.0346  0.5197
Z -0.0248 -0.9940 -0.1068

PART 64
OFFSET  8.0577 -8.2880 -6.3951
X -0.8539 -0.1201 -0.5065
Y  0.5205 -0.2114 -0.8273
Z -0.0077 -0.9700  0.2430

PART 65
OFFSET  13.4611 -5.6206 -1.0413
X -0.9189  0.2253  0.3238
Y  0.3636  0.1650  0.9168
Z  0.1531  0.9602 -0.2335

PART 66
OFFSET  15.0789 -6.0173 -1.6115
X -0.0037  0.2873  0.9578
Y  0.9905 -0.1307  0.0430
Z  0.1376  0.9489 -0.2840

PART 67
OFFSET  15.0917 -6.3089 -2.7932
X  0.9072 -0.0547  0.4172
Y  0.3903 -0.2612 -0.8829
Z  0.1573  0.9637 -0.2156

PART 68
OFFSET  14.0671 -6.2470 -3.2644
X -0.6034  0.5247  0.6005
Y -0.7614 -0.1553 -0.6294
Z -0.2370 -0.8370  0.4932

PART 69
OFFSET  13.7163 -6.6867 -0.9043
X -0.8284  0.1707  0.5334
Y  0.5311 -0.0631  0.8450
Z  0.1779  0.9833 -0.0383

PART 70
OFFSET  15.3347 -7.0201 -1.9464
X  0.6425 -0.1098  0.7584
Y  0.7342 -0.1951 -0.6503
Z  0.2194  0.9746 -0.0447

PART 71
OFFSET  14.3963 -6.8597 -3.0542
X  0.8400 -0.2580 -0.4772
Y -0.4863  0.0317 -0.8732
Z  0.2405  0.9656 -0.0989

PART 72
OFFSET  13.4429 -6.5742 -2.5135
X -0.3489  0.1159  0.9300
Y -0.8924  0.2618 -0.3674
Z -0.2861 -0.9581  0.0121

PART 73
OFFSET  0.0000 -0.0000 -0.0000
X  1.0000 -0.0000  0.0000
Y  0.0000  1.0000  0.0000
Z  0.0000 -0.0000  1.0000

PART 74
OFFSET  0.0000 -0.0000 -0.0000
X  1.0000 -0.0000  0.0000
Y  0.0000  1.0000  0.0000
Z  0.0000 -0.0000  1.0000

PART 75
OFFSET  1.5404 -0.0000  4.1357
X  1.0000 -0.0000  0.0000
Y  0.0000  1.0000  0.0000
Z  0.0000 -0.0000  1.0000

PART 76
OFFSET -4.6318 -0.0000 -1.3770
X  1.0000 -0.0000  0.0000
Y  0.0000  1.0000  0.0000
Z  0.0000 -0.0000  1.0000


FRAME 132
PART 0
OFFSET  0.0000 -0.0000 -0.0000
X  1.0000 -0.0000  0.0000
Y  0.0000  1.0000  0.0000
Z  0.0000 -0.0000  1.0000

PART 1
OFFSET  0.0000 -0.0000 -0.0000
X  1.0000 -0.0000  0.0000
Y  0.0000  1.0000  0.0000
Z  0.0000 -0.0000  1.0000

PART 2
OFFSET -4.6318 -0.0000 -1.3770
X  1.0000 -0.0000  0.0000
Y  0.0000  1.0000  0.0000
Z  0.0000 -0.0000  1.0000

PART 3
OFFSET -1.4727  8.9047 -7.9500
X  0.6686 -0.0037 -0.7436
Y -0.0748 -0.9953 -0.0622
Z -0.7399  0.0972 -0.6657

PART 4
OFFSET  6.6128  8.8595 -16.9436
X  0.5826 -0.5907  0.5583
Y -0.6825  0.0176  0.7307
Z -0.4415 -0.8067 -0.3928

PART 5
OFFSET  11.5677  3.8356 -12.1948
X  0.5826 -0.5907  0.5583
Y  0.3757  0.8048  0.4595
Z -0.7208 -0.0579  0.6908

PART 6
OFFSET  13.6689  4.1940 -11.5076
X  0.5878 -0.5886  0.5550
Y  0.4496  0.8080  0.3808
Z -0.6726  0.0257  0.7396

PART 7
OFFSET  12.6929  2.6253 -12.8328
X  0.5878 -0.5886  0.5550
Y  0.4496  0.8080  0.3808
Z -0.6726  0.0257  0.7396

PART 8
OFFSET  12.1957  3.6727 -9.5826
X  0.5878 -0.5886  0.5550
Y  0.4496  0.8080  0.3808
Z -0.6726  0.0257  0.7396

PART 9
OFFSET  11.5427  2.6191 -10.1964
X  0.5878 -0.5886  0.5550
Y  0.4496  0.8080  0.3808
Z -0.6726  0.0257  0.7396

PART 10
OFFSET  11.3954  2.0756 -11.3010
X  0.5878 -0.5886  0.5550
Y  0.4496  0.8080  0.3808
Z -0.6726  0.0257  0.7396

PART 11
OFFSET  13.3536  2.0248 -10.4831
X  0.9015  0.0363  0.4312
Y -0.1568  0.9562  0.2473
Z -0.4033 -0.2905  0.8677

PART 12
OFFSET  13.4423  2.8445 -9.6942
X  0.5684  0.7681  0.2949
Y  0.2427  0.1859 -0.9521
Z -0.7861  0.6128 -0.0807

PART 13
OFFSET  14.6494  4.5546 -9.1575
X  0.7178  0.5284  0.4535
Y  0.1763  0.4921 -0.8525
Z -0.6736  0.6918  0.2601

PART 14
OFFSET  15.7222  5.4557 -8.3454
X  0.6055  0.7602  0.2353
Y  0.1047  0.2170 -0.9706
Z -0.7889  0.6123  0.0518

PART 15
OFFSET  16.3427  6.3095 -8.1051
X  0.9753  0.2126 -0.0596
Y  0.2183 -0.9691  0.1153
Z -0.0333 -0.1254 -0.9915

PART 16
OFFSET  14.2029  0.9729 -10.2077
X  0.5856 -0.5919  0.5539
Y -0.7221 -0.0703  0.6882
Z -0.3684 -0.8030 -0.4686

PART 17
OFFSET  15.4836 -0.2486 -8.8105
X  0.8644 -0.4106  0.2903
Y -0.3305 -0.0287  0.9434
Z -0.3790 -0.9114 -0.1605

PART 18
OFFSET  16.7074 -0.8299 -8.3995
X  0.8429 -0.3676  0.3930
Y -0.4276 -0.0142  0.9039
Z -0.3267 -0.9299 -0.1691

PART 19
OFFSET  17.4548 -1.1558 -8.0511
X  0.8727 -0.3788  0.3082
Y -0.3276  0.0139  0.9447
Z -0.3621 -0.9254 -0.1120

PART 20
OFFSET  18.2838 -1.5156 -7.7583
X -0.4094  0.4148 -0.8126
Y -0.8546  0.1373  0.5007
Z  0.3193  0.8995  0.2983

PART 21
OFFSET  14.3533  1.6569 -10.0697
X  0.9037 -0.2608  0.3396
Y -0.4144 -0.3329  0.8470
Z -0.1079 -0.9062 -0.4089

PART 22
OFFSET  16.3407  0.6641 -8.7196
X  0.8903 -0.3203  0.3238
Y -0.3800 -0.1304  0.9157
Z -0.2510 -0.9383 -0.2378

PART 23
OFFSET  17.8564  0.1188 -8.1683
X  0.8220 -0.3140  0.4752
Y -0.5240 -0.0900  0.8470
Z -0.2232 -0.9452 -0.2384

PART 24
OFFSET  18.9956 -0.3163 -7.5098
X  0.8293 -0.3183  0.4593
Y -0.5098 -0.0942  0.8551
Z -0.2289 -0.9433 -0.2404

PART 25
OFFSET  19.8950 -0.6615 -7.0116
X -0.3995  0.2682 -0.8766
Y -0.8826  0.1458  0.4468
Z  0.2477  0.9523  0.1785

PART 26
OFFSET  15.6677  3.4992 -8.2962
X  0.7664 -0.2315  0.5991
Y  0.6414  0.3257 -0.6946
Z -0.0343  0.9167  0.3981

PART 27
OFFSET  16.8982  2.9954 -8.9391
X  0.8505  0.1391  0.5072
Y -0.4777 -0.1992  0.8556
Z  0.2200 -0.9700 -0.1030

PART 28
OFFSET  18.3956  3.2403 -8.0460
X  0.8542  0.0818  0.5135
Y -0.4804 -0.2538  0.8395
Z  0.1990 -0.9638 -0.1775

PART 29
OFFSET  19.4220  3.3983 -7.4110
X  0.8875  0.2291  0.3998
Y -0.3582 -0.2028  0.9113
Z  0.2899 -0.9520 -0.0980

PART 30
OFFSET  20.4244  3.6570 -6.9594
X  0.1160 -0.1593 -0.9804
Y -0.9844 -0.1498 -0.0921
Z -0.1322  0.9758 -0.1741

PART 31
OFFSET  16.8998  1.9021 -9.0977
X  0.8304 -0.1474  0.5373
Y -0.5536 -0.1092  0.8256
Z -0.0630 -0.9830 -0.1723

PART 32
OFFSET  18.5220  1.6141 -8.0480
X  0.8528 -0.1812  0.4897
Y -0.5108 -0.0945  0.8545
Z -0.1086 -0.9789 -0.1731

PART 33
OFFSET  19.7676  1.3494 -7.3326
X  0.8745 -0.2043  0.4399
Y -0.4598 -0.0608  0.8859
Z -0.1543 -0.9770 -0.1471

PART 34
OFFSET  20.7573  1.1111 -6.8361
X -0.3670  0.2580 -0.8937
Y -0.9238  0.0119  0.3828
Z  0.1094  0.9661  0.2339

PART 35
OFFSET  15.2678  1.1652 -8.1251
X -0.1736 -0.9068 -0.3843
Y  0.4033  0.2905 -0.8677
Z  0.8985 -0.3056  0.3152

PART 36
OFFSET  14.2112  0.4789 -7.8206
X  0.9260  0.1631  0.3404
Y -0.1623  0.9863 -0.0312
Z -0.3408 -0.0263  0.9398

PART 37
OFFSET  14.2112  0.4789 -7.8206
X  0.9260  0.1631  0.3404
Y -0.1623  0.9863 -0.0312
Z -0.3408 -0.0263  0.9398

PART 38
OFFSET  19.7689  1.5496 -2.8879
X  0.9260  0.1631  0.3404
Y -0.1622  0.9863 -0.0313
Z -0.3409 -0.0262  0.9397

PART 39
OFFSET  14.6326  1.1718  10.8948
X -0.5854 -0.0679  0.8079
Y -0.1624  0.9861 -0.0349
Z -0.7943 -0.1517 -0.5883

PART 40
OFFSET  6.6258 -0.7899 -8.4729
X  0.4328  0.0998  0.8960
Y -0.1628  0.9862 -0.0312
Z -0.8867 -0.1323  0.4430

PART 41
OFFSET  16.7834  0.9959 -4.8602
X  0.4698  0.1053  0.8765
Y -0.1625  0.9862 -0.0314
Z -0.8677 -0.1277  0.4804

PART 42
OFFSET  18.0035  1.2692 -2.5837
X  0.4662  0.1044  0.8785
Y -0.1622  0.9863 -0.0312
Z -0.8697 -0.1280  0.4767

PART 43
OFFSET -4.7983 -3.3885 -6.6329
X -0.8605  0.4483  0.2421
Y -0.4969 -0.8433 -0.2046
Z  0.1124 -0.2964  0.9484

PART 44
OFFSET  5.6085 -8.8097 -9.5604
X -0.6246 -0.0101 -0.7809
Y  0.6876 -0.4811 -0.5438
Z -0.3702 -0.8766  0.3074

PART 45
OFFSET  10.9208 -8.7241 -2.9185
X -0.6246 -0.0101 -0.7809
Y  0.0201 -0.9998 -0.0032
Z -0.7807 -0.0177  0.6247

PART 46
OFFSET  12.2431 -6.9701 -2.1574
X -0.6276 -0.0046 -0.7786
Y  0.3619  0.8837 -0.2969
Z  0.6894 -0.4681 -0.5529

PART 47
OFFSET  11.5961 -7.4778 -1.1447
X -0.6276 -0.0046 -0.7786
Y  0.3619  0.8837 -0.2969
Z  0.6894 -0.4681 -0.5529

PART 48
OFFSET  10.9529 -9.6499 -0.4789
X -0.6276 -0.0046 -0.7786
Y  0.3619  0.8837 -0.2969
Z  0.6894 -0.4681 -0.5529

PART 49
OFFSET  12.8356 -8.6932 -0.5245
X -0.3362 -0.3026 -0.8919
Y  0.1606 -0.9515  0.2623
Z -0.9280 -0.0550  0.3685

PART 50
OFFSET  13.2129 -7.6162 -0.5278
X -0.5521 -0.6811 -0.4809
Y  0.6375 -0.7166  0.2831
Z -0.5374 -0.1503  0.8298

PART 51
OFFSET  14.3705 -6.0666  0.4355
X -0.6304 -0.3175 -0.7084
Y  0.2499 -0.9470  0.2020
Z -0.7349 -0.0497  0.6763

PART 52
OFFSET  15.4854 -5.6049  1.5154
X -0.6466 -0.5059 -0.5710
Y  0.4299 -0.8600  0.2751
Z -0.6302 -0.0675  0.7735

PART 53
OFFSET  16.2062 -5.0402  2.0928
X  0.0160 -0.5072 -0.8617
Y  0.7234  0.6008 -0.3402
Z  0.6902 -0.6179  0.3766

PART 54
OFFSET  13.4795 -9.4449  0.4366
X -0.4827  0.2908 -0.8261
Y -0.8683 -0.0355  0.4948
Z  0.1145  0.9561  0.2697

PART 55
OFFSET  14.6871 -9.9546  2.2714
X -0.7954 -0.1423  0.5892
Y  0.6008 -0.0574  0.7973
Z -0.0796  0.9882  0.1311

PART 56
OFFSET  15.8132 -9.7532  1.4373
X  0.9154  0.0681  0.3967
Y  0.3795  0.1824 -0.9070
Z -0.1342  0.9809  0.1412

PART 57
OFFSET  15.0016 -9.8136  1.0856
X  0.2492  0.1041 -0.9629
Y -0.9614 -0.0933 -0.2589
Z -0.1167  0.9902  0.0768

PART 58
OFFSET  14.7649 -9.9125  2.0003
X  0.4298 -0.1643  0.8878
Y -0.9009 -0.0123  0.4339
Z -0.0604 -0.9863 -0.1532

PART 59
OFFSET  13.3171 -8.7536  0.5099
X -0.4395  0.0034 -0.8982
Y -0.8982 -0.0071  0.4395
Z -0.0049  1.0000  0.0062

PART 60
OFFSET  14.4388 -8.9112  2.8499
X -0.8322 -0.1589  0.5313
Y  0.5533 -0.1737  0.8147
Z -0.0372  0.9719  0.2325

PART 61
OFFSET  15.8555 -8.6406  1.9454
X  0.8498 -0.0729  0.5220
Y  0.5231  0.2370 -0.8186
Z -0.0640  0.9688  0.2396

PART 62
OFFSET  14.6777 -8.5395  1.2220
X  0.3915  0.2447 -0.8870
Y -0.9176  0.0310 -0.3964
Z -0.0695  0.9691  0.2367

PART 63
OFFSET  14.2531 -8.8049  2.1840
X  0.2000 -0.1706  0.9648
Y -0.9723 -0.1565  0.1738
Z  0.1213 -0.9728 -0.1971

PART 64
OFFSET  10.8033 -9.1775 -4.2607
X -0.6054 -0.1160 -0.7874
Y  0.7958 -0.0725 -0.6012
Z  0.0126 -0.9906  0.1362

PART 65
OFFSET  13.6794 -6.8168  2.8897
X -0.9666  0.0995 -0.2361
Y -0.2261  0.1021  0.9687
Z  0.1205  0.9898 -0.0762

PART 66
OFFSET  15.3813 -6.9920  3.3054
X -0.6487  0.1859  0.7380
Y  0.7486 -0.0186  0.6627
Z  0.1369  0.9824 -0.1271

PART 67
OFFSET  16.1782 -7.1584  2.4005
X  0.7121 -0.0330  0.7013
Y  0.6939 -0.1187 -0.7102
Z  0.1067  0.9924 -0.0617

PART 68
OFFSET  15.3739 -7.1211  1.6084
X -0.8282  0.3971  0.3955
Y -0.4796 -0.1371 -0.8667
Z -0.2899 -0.9075  0.3040

PART 69
OFFSET  13.9842 -7.8715  3.0131
X -0.9735 -0.0125  0.2285
Y  0.2276 -0.1561  0.9612
Z  0.0237  0.9877  0.1548

PART 70
OFFSET  15.8860 -7.8471  2.5668
X  0.6767 -0.1635  0.7179
Y  0.7333  0.0626 -0.6770
Z  0.0658  0.9846  0.1622

PART 71
OFFSET  14.8976 -7.6083  1.5182
X  0.6876  0.0189 -0.7258
Y -0.7210  0.1364 -0.6794
Z  0.0861  0.9905  0.1074

PART 72
OFFSET  14.1177 -7.6366  2.3391
X -0.0723 -0.1650  0.9836
Y -0.9852  0.1658 -0.0446
Z -0.1557 -0.9723 -0.1745

PART 73
OFFSET  0.0000 -0.0000 -0.0000
X  1.0000 -0.0000  0.0000
Y  0.0000  1.0000  0.0000
Z  0.0000 -0.0000  1.0000

PART 74
OFFSET  0.0000 -0.0000 -0.0000
X  1.0000 -0.0000  0.0000
Y  0.0000  1.0000  0.0000
Z  0.0000 -0.0000  1.0000

PART 75
OFFSET  1.5404 -0.0000  4.1357
X  1.0000 -0.0000  0.0000
Y  0.0000  1.0000  0.0000
Z  0.0000 -0.0000  1.0000

PART 76
OFFSET -4.6318 -0.0000 -1.3770
X  1.0000 -0.0000  0.0000
Y  0.0000  1.0000  0.0000
Z  0.0000 -0.0000  1.0000


FRAME 133
PART 0
OFFSET  0.0000 -0.0000 -0.0000
X  1.0000 -0.0000  0.0000
Y  0.0000  1.0000  0.0000
Z  0.0000 -0.0000  1.0000

PART 1
OFFSET  0.0000 -0.0000 -0.0000
X  1.0000 -0.0000  0.0000
Y  0.0000  1.0000  0.0000
Z  0.0000 -0.0000  1.0000

PART 2
OFFSET -4.6318 -0.0000 -1.3770
X  1.0000 -0.0000  0.0000
Y  0.0000  1.0000  0.0000
Z  0.0000 -0.0000  1.0000

PART 3
OFFSET -1.4727  8.9047 -7.9500
X  0.6808 -0.0053 -0.7324
Y -0.0737 -0.9954 -0.0612
Z -0.7287  0.0957 -0.6781

PART 4
OFFSET  6.7614  8.8400 -16.8076
X  0.5819 -0.5896  0.5602
Y -0.6873  0.0118  0.7263
Z -0.4349 -0.8076 -0.3983

PART 5
OFFSET  11.7103  3.8252 -12.0430
X  0.5819 -0.5896  0.5602
Y  0.3812  0.8062  0.4525
Z -0.7184 -0.0497  0.6938

PART 6
OFFSET  13.8051  4.1918 -11.3409
X  0.5871 -0.5875  0.5570
Y  0.4430  0.8090  0.3863
Z -0.6775  0.0199  0.7352

PART 7
OFFSET  12.8456  2.6227 -12.6776
X  0.5871 -0.5875  0.5570
Y  0.4430  0.8090  0.3863
Z -0.6775  0.0199  0.7352

PART 8
OFFSET  12.3220  3.6568 -9.4273
X  0.5871 -0.5875  0.5570
Y  0.4430  0.8090  0.3863
Z -0.6775  0.0199  0.7352

PART 9
OFFSET  11.6783  2.6020 -10.0487
X  0.5871 -0.5875  0.5570
Y  0.4430  0.8090  0.3863
Z -0.6775  0.0199  0.7352

PART 10
OFFSET  11.5409  2.0615 -11.1561
X  0.5871 -0.5875  0.5570
Y  0.4430  0.8090  0.3863
Z -0.6775  0.0199  0.7352

PART 11
OFFSET  13.4941  2.0176 -10.3256
X  0.9103  0.0390  0.4121
Y -0.1555  0.9548  0.2533
Z -0.3836 -0.2947  0.8752

PART 12
OFFSET  13.5960  2.8356 -9.5364
X  0.5713  0.7697  0.2850
Y  0.2217  0.1896 -0.9565
Z -0.7902  0.6097 -0.0623

PART 13
OFFSET  14.8070  4.5493 -9.0204
X  0.7250  0.5301  0.4397
Y  0.1562  0.4952 -0.8546
Z -0.6708  0.6883  0.2763

PART 14
OFFSET  15.8930  5.4526 -8.2287
X  0.6072  0.7622  0.2246
Y  0.0832  0.2201 -0.9719
Z -0.7902  0.6088  0.0702

PART 15
OFFSET  16.5149  6.3085 -7.9991
X  0.9729  0.2169 -0.0796
Y  0.2247 -0.9684  0.1078
Z -0.0537 -0.1228 -0.9910

PART 16
OFFSET  14.3534  0.9687 -10.0712
X  0.5996 -0.5909  0.5397
Y -0.7071 -0.0753  0.7031
Z -0.3748 -0.8032 -0.4630

PART 17
OFFSET  15.6685 -0.2512 -8.7050
X  0.8720 -0.4077  0.2707
Y -0.3103 -0.0327  0.9501
Z -0.3785 -0.9125 -0.1551

PART 18
OFFSET  16.9032 -0.8285 -8.3217
X  0.8526 -0.3651  0.3740
Y -0.4083 -0.0185  0.9127
Z -0.3263 -0.9308 -0.1648

PART 19
OFFSET  17.6591 -1.1522 -7.9901
X  0.8806 -0.3760  0.2886
Y -0.3076  0.0099  0.9515
Z -0.3606 -0.9266 -0.1069

PART 20
OFFSET  18.4956 -1.5093 -7.7160
X -0.4283  0.4154 -0.8025
Y -0.8444  0.1323  0.5191
Z  0.3218  0.9000  0.2941

PART 21
OFFSET  14.5038  1.6529 -9.9345
X  0.9118 -0.2579  0.3196
Y -0.3950 -0.3370  0.8546
Z -0.1127 -0.9055 -0.4092

PART 22
OFFSET  16.5235  0.6648 -8.6296
X  0.8983 -0.3174  0.3040
Y -0.3600 -0.1346  0.9232
Z -0.2521 -0.9387 -0.2351

PART 23
OFFSET  18.0528  0.1244 -8.1121
X  0.8332 -0.3118  0.4567
Y -0.5055 -0.0945  0.8576
Z -0.2242 -0.9454 -0.2364

PART 24
OFFSET  19.2075 -0.3077 -7.4791
X  0.8402 -0.3160  0.4408
Y -0.4912 -0.0988  0.8654
Z -0.2300 -0.9436 -0.2382

PART 25
OFFSET  20.1187 -0.6504 -7.0011
X -0.4191  0.2689 -0.8672
Y -0.8736  0.1408  0.4659
Z  0.2474  0.9528  0.1759

PART 26
OFFSET  15.8478  3.4958 -8.1840
X  0.7799 -0.2299  0.5821
Y  0.6252  0.3303 -0.7071
Z -0.0297  0.9154  0.4014

PART 27
OFFSET  17.0664  2.9991 -8.8542
X  0.8605  0.1413  0.4895
Y -0.4586 -0.2036  0.8650
Z  0.2218 -0.9688 -0.1104

PART 28
OFFSET  18.5814  3.2478 -7.9923
X  0.8645  0.0840  0.4955
Y -0.4614 -0.2581  0.8488
Z  0.1992 -0.9624 -0.1844

PART 29
OFFSET  19.6203  3.4084 -7.3787
X  0.8948  0.2318  0.3816
Y -0.3380 -0.2069  0.9181
Z  0.2917 -0.9505 -0.1068

PART 30
OFFSET  20.6310  3.6701 -6.9477
X  0.0959 -0.1560 -0.9831
Y -0.9855 -0.1537 -0.0717
Z -0.1399  0.9757 -0.1685

PART 31
OFFSET  17.0692  1.9062 -9.0159
X  0.8422 -0.1454  0.5192
Y -0.5355 -0.1138  0.8368
Z -0.0626 -0.9828 -0.1737

PART 32
OFFSET  18.7145  1.6222 -8.0016
X  0.8638 -0.1790  0.4711
Y -0.4922 -0.0990  0.8648
Z -0.1081 -0.9789 -0.1736

PART 33
OFFSET  19.9761  1.3608 -7.3136
X  0.8845 -0.2018  0.4207
Y -0.4407 -0.0652  0.8953
Z -0.1532 -0.9772 -0.1466

PART 34
OFFSET  20.9771  1.1253 -6.8388
X -0.3869  0.2589 -0.8850
Y -0.9155  0.0069  0.4023
Z  0.1103  0.9659  0.2343

PART 35
OFFSET  15.4614  1.1597 -8.0111
X -0.1779 -0.9064 -0.3831
Y  0.3836  0.2947 -0.8752
Z  0.9062 -0.3026  0.2953

PART 36
OFFSET  14.4143  0.4681 -7.6862
X  0.9323  0.1661  0.3212
Y -0.1670  0.9856 -0.0250
Z -0.3207 -0.0304  0.9467

PART 37
OFFSET  14.4143  0.4681 -7.6862
X  0.9323  0.1661  0.3212
Y -0.1670  0.9856 -0.0250
Z -0.3207 -0.0304  0.9467

PART 38
OFFSET  20.0707  1.5486 -2.8693
X  0.9323  0.1661  0.3212
Y -0.1670  0.9856 -0.0251
Z -0.3208 -0.0302  0.9467

PART 39
OFFSET  15.2291  1.1109  11.0179
X -0.5678 -0.0726  0.8199
Y -0.1673  0.9855 -0.0286
Z -0.8060 -0.1534 -0.5717

PART 40
OFFSET  6.8221 -0.8311 -8.1815
X  0.4512  0.0991  0.8869
Y -0.1675  0.9856 -0.0249
Z -0.8765 -0.1373  0.4613

PART 41
OFFSET  17.0464  0.9878 -4.7796
X  0.4878  0.1048  0.8666
Y -0.1672  0.9856 -0.0251
Z -0.8568 -0.1327  0.4983

PART 42
OFFSET  18.3134  1.2599 -2.5286
X  0.4842  0.1040  0.8687
Y -0.1670  0.9856 -0.0249
Z -0.8589 -0.1330  0.4947

PART 43
OFFSET -3.1485 -4.7559 -5.6560
X -0.9110  0.3942  0.1210
Y -0.4124 -0.8727 -0.2615
Z  0.0025 -0.2881  0.9576

PART 44
OFFSET  7.8692 -9.5237 -7.1189
X -0.5475 -0.0296 -0.8363
Y  0.7585 -0.4397 -0.4810
Z -0.3535 -0.8977  0.2632

PART 45
OFFSET  12.5258 -9.2724 -0.0059
X -0.5475 -0.0296 -0.8363
Y  0.1090 -0.9934 -0.0362
Z -0.8297 -0.1110  0.5471

PART 46
OFFSET  13.6826 -7.4671  0.8923
X -0.5510 -0.0242 -0.8342
Y  0.3439  0.9042 -0.2534
Z  0.7604 -0.4265 -0.4898

PART 47
OFFSET  12.9697 -8.0194  1.8349
X -0.5510 -0.0242 -0.8342
Y  0.3439  0.9042 -0.2534
Z  0.7604 -0.4265 -0.4898

PART 48
OFFSET  12.3751 -10.2290  2.4173
X -0.5510 -0.0242 -0.8342
Y  0.3439  0.9042 -0.2534
Z  0.7604 -0.4265 -0.4898

PART 49
OFFSET  14.2042 -9.1818  2.5579
X -0.0827 -0.2616 -0.9616
Y  0.1822 -0.9526  0.2435
Z -0.9798 -0.1551  0.1265

PART 50
OFFSET  14.4678 -8.0811  2.7035
X -0.3258 -0.7544 -0.5698
Y  0.6572 -0.6140  0.4371
Z -0.6796 -0.2321  0.6959

PART 51
OFFSET  15.1432 -6.3789  3.8507
X -0.3807 -0.4660 -0.7987
Y  0.3621 -0.8699  0.3349
Z -0.8509 -0.1617  0.4999

PART 52
OFFSET  15.8747 -5.6605  5.1041
X -0.3357 -0.7270 -0.5990
Y  0.5424 -0.6691  0.5080
Z -0.7701 -0.1543  0.6190

PART 53
OFFSET  16.2638 -4.8559  5.7149
X  0.3586 -0.5754 -0.7351
Y  0.6165  0.7372 -0.2763
Z  0.7009 -0.3541  0.6191

PART 54
OFFSET  14.6674 -9.9491  3.6068
X -0.2961  0.3119 -0.9028
Y -0.9541 -0.1403  0.2645
Z -0.0442  0.9397  0.3391

PART 55
OFFSET  15.4432 -10.4958  5.6522
X -0.8962 -0.2477  0.3681
Y  0.3951 -0.0684  0.9161
Z -0.2017  0.9664  0.1592

PART 56
OFFSET  16.7120 -10.1452  5.1311
X  0.7832  0.1107  0.6119
Y  0.5666  0.2782 -0.7756
Z -0.2561  0.9541  0.1551

PART 57
OFFSET  16.0177 -10.2434  4.5886
X  0.4615  0.1941 -0.8657
Y -0.8582 -0.1495 -0.4910
Z -0.2247  0.9695  0.0976

PART 58
OFFSET  15.5793 -10.4278  5.4110
X  0.2183 -0.1948  0.9562
Y -0.9733 -0.1153  0.1987
Z  0.0715 -0.9740 -0.2148

PART 59
OFFSET  14.4276 -9.2801  3.6741
X -0.2100  0.0349 -0.9771
Y -0.9725 -0.1104  0.2051
Z -0.1007  0.9933  0.0571

PART 60
OFFSET  14.9662 -9.5207  6.2060
X -0.9163 -0.2629  0.3022
Y  0.3560 -0.1890  0.9152
Z -0.1834  0.9461  0.2668

PART 61
OFFSET  16.5262 -9.0732  5.6916
X  0.7032 -0.0439  0.7097
Y  0.6791  0.3373 -0.6520
Z -0.2107  0.9404  0.2670

PART 62
OFFSET  15.5517 -9.0124  4.7080
X  0.5676  0.3396 -0.7501
Y -0.7947 -0.0123 -0.6069
Z -0.2153  0.9405  0.2628

PART 63
OFFSET  14.9361 -9.3806  5.5215
X -0.0216 -0.2249  0.9741
Y -0.9663 -0.2451 -0.0781
Z  0.2563 -0.9430 -0.2120

PART 64
OFFSET  13.1806 -9.5483 -1.5824
X -0.3855 -0.1051 -0.9167
Y  0.9198  0.0350 -0.3908
Z  0.0732 -0.9938  0.0831

PART 65
OFFSET  14.0250 -7.5015  6.1682
X -0.7404  0.0356 -0.6712
Y -0.6709  0.0220  0.7412
Z  0.0412  0.9991  0.0076

PART 66
OFFSET  15.3287 -7.5642  7.3500
X -0.9847  0.0842  0.1526
Y  0.1545  0.0165  0.9879
Z  0.0806  0.9963 -0.0293

PART 67
OFFSET  16.5306 -7.6060  7.1627
X  0.0917 -0.0031  0.9958
Y  0.9957 -0.0147 -0.0917
Z  0.0149  0.9999  0.0018

PART 68
OFFSET  16.4271 -7.6024  6.0379
X -0.9245  0.2955 -0.2408
Y  0.2091 -0.1352 -0.9685
Z -0.3187 -0.9457  0.0632

PART 69
OFFSET  14.3897 -8.5350  6.3072
X -0.9762 -0.1335 -0.1708
Y -0.1419 -0.2022  0.9690
Z -0.1639  0.9702  0.1785

PART 70
OFFSET  16.2967 -8.2741  6.6409
X  0.3071 -0.1546  0.9390
Y  0.9430  0.1820 -0.2785
Z -0.1279  0.9711  0.2017

PART 71
OFFSET  15.8482 -8.0484  5.2693
X  0.9441  0.1326 -0.3017
Y -0.3180  0.1267 -0.9396
Z -0.0864  0.9830  0.1618

PART 72
OFFSET  14.7793 -8.2055  5.6092
X -0.5153 -0.2455  0.8211
Y -0.8552  0.0848 -0.5113
Z  0.0559 -0.9657 -0.2536

PART 73
OFFSET  0.0000 -0.0000 -0.0000
X  1.0000 -0.0000  0.0000
Y  0.0000  1.0000  0.0000
Z  0.0000 -0.0000  1.0000

PART 74
OFFSET  0.0000 -0.0000 -0.0000
X  1.0000 -0.0000  0.0000
Y  0.0000  1.0000  0.0000
Z  0.0000 -0.0000  1.0000

PART 75
OFFSET  1.5404 -0.0000  4.1357
X  1.0000 -0.0000  0.0000
Y  0.0000  1.0000  0.0000
Z  0.0000 -0.0000  1.0000

PART 76
OFFSET -4.6318 -0.0000 -1.3770
X  1.0000 -0.0000  0.0000
Y  0.0000  1.0000  0.0000
Z  0.0000 -0.0000  1.0000


FRAME 134
PART 0
OFFSET  0.0000 -0.0000 -0.0000
X  1.0000 -0.0000  0.0000
Y  0.0000  1.0000  0.0000
Z  0.0000 -0.0000  1.0000

PART 1
OFFSET  0.0000 -0.0000 -0.0000
X  1.0000 -0.0000  0.0000
Y  0.0000  1.0000  0.0000
Z  0.0000 -0.0000  1.0000

PART 2
OFFSET -4.6318 -0.0000 -1.3770
X  1.0000 -0.0000  0.0000
Y  0.0000  1.0000  0.0000
Z  0.0000 -0.0000  1.0000

PART 3
OFFSET -1.4727  8.9047 -7.9500
X  0.6943 -0.0067 -0.7197
Y -0.0724 -0.9955 -0.0605
Z -0.7161  0.0941 -0.6916

PART 4
OFFSET  6.9235  8.8232 -16.6540
X  0.5824 -0.5884  0.5609
Y -0.6916  0.0040  0.7223
Z -0.4273 -0.8085 -0.4046

PART 5
OFFSET  11.8771  3.8185 -11.8835
X  0.5824 -0.5884  0.5609
Y  0.3876  0.8075  0.4446
Z -0.7145 -0.0415  0.6984

PART 6
OFFSET  13.9653  4.1954 -11.1676
X  0.5876 -0.5862  0.5577
Y  0.4355  0.8101  0.3926
Z -0.6819  0.0121  0.7313

PART 7
OFFSET  13.0239  2.6263 -12.5170
X  0.5876 -0.5862  0.5577
Y  0.4355  0.8101  0.3926
Z -0.6819  0.0121  0.7313

PART 8
OFFSET  12.4746  3.6419 -9.2651
X  0.5876 -0.5862  0.5577
Y  0.4355  0.8101  0.3926
Z -0.6819  0.0121  0.7313

PART 9
OFFSET  11.8414  2.5859 -9.8952
X  0.5876 -0.5862  0.5577
Y  0.4355  0.8101  0.3926
Z -0.6819  0.0121  0.7313

PART 10
