// Export filename: `C:\projects\cod\t5\xanim_export\t5_viewmodels\briefcase_bomb\briefcase_bomb_interrupt_drop.XANIM_EXPORT`
// Source filename: `D:\projects\devanim\t5\animation_assets\viewmodels\briefcase_bomb\briefcase_bomb_animated.fbx`
// Export time: Sat Sep 11 20:32:09 2010

ANIMATION
VERSION 3

NUMPARTS 77
PART 0 "tag_view"
PART 1 "tag_ads"
PART 2 "tag_torso"
PART 3 "J_Shoulder_LE"
PART 4 "J_Elbow_LE"
PART 5 "J_WristTwist_LE"
PART 6 "J_Sleave_Reshape_Bottom_LE_1"
PART 7 "J_Sleave_Reshape_Bottom_LE_2"
PART 8 "J_Sleave_Reshape_Top_LE_1"
PART 9 "J_Sleave_Reshape_Top_LE_2"
PART 10 "J_Sleave_Reshape_Top_LE_3"
PART 11 "J_Wrist_LE"
PART 12 "J_Thumb_LE_0"
PART 13 "J_Thumb_LE_1"
PART 14 "J_Thumb_LE_2"
PART 15 "J_Thumb_LE_3"
PART 16 "J_PinkyPalm_LE"
PART 17 "J_Pinky_LE_0"
PART 18 "J_Pinky_LE_1"
PART 19 "J_Pinky_LE_2"
PART 20 "J_Pinky_LE_3"
PART 21 "J_RingPalm_LE"
PART 22 "J_Ring_LE_0"
PART 23 "J_Ring_LE_1"
PART 24 "J_Ring_LE_2"
PART 25 "J_Ring_LE_3"
PART 26 "J_Webbing_LE"
PART 27 "J_Index_LE_0"
PART 28 "J_Index_LE_1"
PART 29 "J_Index_LE_2"
PART 30 "J_Index_LE_3"
PART 31 "J_Mid_LE_0"
PART 32 "J_Mid_LE_1"
PART 33 "J_Mid_LE_2"
PART 34 "J_Mid_LE_3"
PART 35 "tag_knife_attach"
PART 36 "tag_weapon"
PART 37 "J_Gun"
PART 38 "J_Open"
PART 39 "J_Locks"
PART 40 "J_Handle"
PART 41 "J_Support_Base"
PART 42 "J_Support_Mid"
PART 43 "J_Shoulder_RI"
PART 44 "J_Elbow_RI"
PART 45 "J_WristTwist_RI"
PART 46 "J_Sleave_Reshape_Top_RI_3"
PART 47 "J_Sleave_Reshape_Top_RI_2"
PART 48 "J_Sleave_Reshape_Top_RI_1"
PART 49 "J_Wrist_RI"
PART 50 "J_Thumb_RI_0"
PART 51 "J_Thumb_RI_1"
PART 52 "J_Thumb_RI_2"
PART 53 "J_Thumb_RI_3"
PART 54 "J_PinkyPalm_RI"
PART 55 "J_Pinky_RI_0"
PART 56 "J_Pinky_RI_1"
PART 57 "J_Pinky_RI_2"
PART 58 "J_Pinky_RI_3"
PART 59 "J_RingPalm_RI"
PART 60 "J_Ring_RI_0"
PART 61 "J_Ring_RI_1"
PART 62 "J_Ring_RI_2"
PART 63 "J_Ring_RI_3"
PART 64 "J_Webbing_RI"
PART 65 "J_Index_RI_0"
PART 66 "J_Index_RI_1"
PART 67 "J_Index_RI_2"
PART 68 "J_Index_RI_3"
PART 69 "J_Mid_RI_0"
PART 70 "J_Mid_RI_1"
PART 71 "J_Mid_RI_2"
PART 72 "J_Mid_RI_3"
PART 73 "tag_cambone"
PART 74 "tag_camera"
PART 75 "tag_gasmask"
PART 76 "tag_gasmask2"

FRAMERATE 30
NUMFRAMES 21

FRAME 100
PART 0
OFFSET  0.0000 -0.0000 -0.0000
X  1.0000 -0.0000  0.0000
Y  0.0000  1.0000  0.0000
Z  0.0000 -0.0000  1.0000

PART 1
OFFSET  0.0000 -0.0000 -0.0000
X  1.0000 -0.0000  0.0000
Y  0.0000  1.0000  0.0000
Z  0.0000 -0.0000  1.0000

PART 2
OFFSET -4.6318 -0.0000 -1.3770
X  1.0000 -0.0000  0.0000
Y  0.0000  1.0000  0.0000
Z  0.0000 -0.0000  1.0000

PART 3
OFFSET -1.6589  8.9047 -7.9500
X  0.7701 -0.0198 -0.6376
Y -0.0763 -0.9952 -0.0613
Z -0.6333  0.0958 -0.7679

PART 4
OFFSET  7.6551  8.6656 -15.6607
X  0.6958 -0.5730  0.4331
Y -0.6042 -0.1408  0.7843
Z -0.3885 -0.8073 -0.4442

PART 5
OFFSET  13.5729  3.7917 -11.9773
X  0.6958 -0.5730  0.4331
Y  0.3700  0.8027  0.4677
Z -0.6156 -0.1652  0.7705

PART 6
OFFSET  15.7110  4.4277 -11.3479
X  0.7004 -0.5700  0.4296
Y  0.3951  0.8109  0.4317
Z -0.5944 -0.1326  0.7931

PART 7
OFFSET  14.7532  2.7980 -12.8469
X  0.7004 -0.5700  0.4296
Y  0.3951  0.8109  0.4317
Z -0.5944 -0.1326  0.7931

PART 8
OFFSET  14.5087  3.5057 -9.4254
X  0.7004 -0.5700  0.4296
Y  0.3951  0.8109  0.4317
Z -0.5944 -0.1326  0.7931

PART 9
OFFSET  13.9299  2.4269 -10.1565
X  0.7004 -0.5700  0.4296
Y  0.3951  0.8109  0.4317
Z -0.5944 -0.1326  0.7931

PART 10
OFFSET  13.6820  1.9393 -11.2828
X  0.7004 -0.5700  0.4296
Y  0.3951  0.8109  0.4317
Z -0.5944 -0.1326  0.7931

PART 11
OFFSET  15.7058  2.0350 -10.6497
X  0.8926  0.0332  0.4496
Y -0.1573  0.9575  0.2416
Z -0.4225 -0.2864  0.8599

PART 12
OFFSET  15.7821  2.8563 -9.8612
X  0.5659  0.7661  0.3047
Y  0.2632  0.1823 -0.9474
Z -0.7813  0.6163 -0.0985

PART 13
OFFSET  16.9860  4.5621 -9.3038
X  0.7107  0.5261  0.4669
Y  0.1963  0.4891 -0.8499
Z -0.6755  0.6957  0.2444

PART 14
OFFSET  18.0460  5.4602 -8.4719
X  0.6042  0.7580  0.2459
Y  0.1257  0.2140 -0.9687
Z -0.7869  0.6162  0.0340

PART 15
OFFSET  18.6655  6.3117 -8.2209
X  0.9773  0.2078 -0.0400
Y  0.2112 -0.9698  0.1221
Z -0.0134 -0.1278 -0.9917

PART 16
OFFSET  16.5442  0.9799 -10.3542
X  0.5712 -0.5932  0.5674
Y -0.7365 -0.0652  0.6733
Z -0.3624 -0.8024 -0.4741

PART 17
OFFSET  17.7900 -0.2441 -8.9278
X  0.8562 -0.4139  0.3091
Y -0.3500 -0.0248  0.9364
Z -0.3799 -0.9100 -0.1661

PART 18
OFFSET  19.0022 -0.8301 -8.4901
X  0.8328 -0.3705  0.4112
Y -0.4462 -0.0099  0.8949
Z -0.3275 -0.9288 -0.1736

PART 19
OFFSET  19.7407 -1.1586 -8.1255
X  0.8643 -0.3821  0.3271
Y -0.3470  0.0178  0.9377
Z -0.3642 -0.9239 -0.1172

PART 20
OFFSET  20.5618 -1.5216 -7.8148
X -0.3906  0.4147 -0.8219
Y -0.8641  0.1426  0.4826
Z  0.3173  0.8987  0.3026

PART 21
OFFSET  16.6950  1.6635 -10.2148
X  0.8952 -0.2642  0.3588
Y -0.4334 -0.3288  0.8391
Z -0.1037 -0.9067 -0.4088

PART 22
OFFSET  18.6494  0.6648 -8.8214
X  0.8818 -0.3236  0.3429
Y -0.3995 -0.1263  0.9080
Z -0.2505 -0.9377 -0.2406

PART 23
OFFSET  20.1507  0.1138 -8.2375
X  0.8105 -0.3166  0.4928
Y -0.5418 -0.0853  0.8362
Z -0.2227 -0.9447 -0.2407

PART 24
OFFSET  21.2740 -0.3250 -7.5545
X  0.8181 -0.3210  0.4772
Y -0.5278 -0.0896  0.8446
Z -0.2283 -0.9428 -0.2428

PART 25
OFFSET  22.1612 -0.6731 -7.0370
X -0.3800  0.2678 -0.8854
Y -0.8910  0.1511  0.4281
Z  0.2485  0.9515  0.1812

PART 26
OFFSET  17.9812  3.5041 -8.4191
X  0.7528 -0.2336  0.6154
Y  0.6572  0.3209 -0.6820
Z -0.0382  0.9179  0.3951

PART 27
OFFSET  19.2223  2.9929 -9.0351
X  0.8405  0.1363  0.5244
Y -0.4962 -0.1947  0.8461
Z  0.2175 -0.9713 -0.0960

PART 28
OFFSET  20.7021  3.2330 -8.1119
X  0.8438  0.0791  0.5308
Y -0.4988 -0.2494  0.8300
Z  0.1980 -0.9652 -0.1709

PART 29
OFFSET  21.7159  3.3878 -7.4561
X  0.8801  0.2260  0.4175
Y -0.3779 -0.1988  0.9042
Z  0.2873 -0.9536 -0.0896

PART 30
OFFSET  22.7100  3.6430 -6.9845
X  0.1355 -0.1623 -0.9774
Y -0.9830 -0.1454 -0.1121
Z -0.1239  0.9760 -0.1792

PART 31
OFFSET  19.2220  1.8992 -9.1909
X  0.8184 -0.1500  0.5548
Y -0.5711 -0.1045  0.8142
Z -0.0641 -0.9832 -0.1711

PART 32
OFFSET  20.8207  1.6063 -8.1072
X  0.8416 -0.1840  0.5077
Y -0.5288 -0.0899  0.8440
Z -0.1096 -0.9788 -0.1729

PART 33
OFFSET  22.0501  1.3375 -7.3656
X  0.8642 -0.2073  0.4584
Y -0.4783 -0.0564  0.8764
Z -0.1558 -0.9767 -0.1479

PART 34
OFFSET  23.0281  1.0959 -6.8481
X -0.3472  0.2574 -0.9018
Y -0.9314  0.0172  0.3635
Z  0.1091  0.9662  0.2338

PART 35
OFFSET  17.5668  1.1724 -8.2505
X -0.1699 -0.9069 -0.3856
Y  0.4225  0.2864 -0.8599
Z  0.8903 -0.3090  0.3345

PART 36
OFFSET  16.5008  0.4919 -7.9662
X  0.9195  0.1597  0.3591
Y -0.1569  0.9869 -0.0370
Z -0.3603 -0.0223  0.9326

PART 37
OFFSET  16.5008  0.4919 -7.9662
X  0.9195  0.1597  0.3591
Y -0.1569  0.9869 -0.0370
Z -0.3603 -0.0223  0.9326

PART 38
OFFSET  21.9604  1.5491 -2.9223
X  0.9195  0.1596  0.3591
Y -0.1569  0.9869 -0.0370
Z -0.3603 -0.0223  0.9326

PART 39
OFFSET  16.5388  1.2293  10.7522
X -0.6022 -0.0631  0.7958
Y -0.1571  0.9868 -0.0406
Z -0.7827 -0.1494 -0.6042

PART 40
OFFSET  8.9245 -0.7421 -8.7718
X  0.4147  0.0999  0.9044
Y -0.1571  0.9869 -0.0370
Z -0.8963 -0.1267  0.4250

PART 41
OFFSET  19.0135  1.0047 -4.9545
X  0.4522  0.1053  0.8857
Y -0.1575  0.9868 -0.0369
Z -0.8779 -0.1228  0.4628

PART 42
OFFSET  20.1884  1.2773 -2.6542
X  0.4484  0.1046  0.8877
Y -0.1569  0.9869 -0.0370
Z -0.8799 -0.1226  0.4590

PART 43
OFFSET -6.8859 -10.0612 -7.9971
X -0.9655  0.2538 -0.0589
Y -0.2369 -0.7609  0.6041
Z  0.1085  0.5972  0.7947

PART 44
OFFSET  4.7904 -13.1306 -7.2849
X -0.8837 -0.3727 -0.2830
Y  0.4438 -0.8593 -0.2542
Z -0.1485 -0.3502  0.9248

PART 45
OFFSET  12.3070 -9.9608 -4.8778
X -0.8837 -0.3727 -0.2830
Y  0.3415 -0.9271  0.1545
Z -0.3200  0.0399  0.9466

PART 46
OFFSET  13.6872 -8.1648 -6.0429
X -0.8859 -0.3665 -0.2843
Y  0.1446  0.3641 -0.9201
Z  0.4407 -0.8562 -0.2696

PART 47
OFFSET  13.5432 -7.7257 -4.8229
X -0.8859 -0.3665 -0.2843
Y  0.1446  0.3641 -0.9201
Z  0.4407 -0.8562 -0.2696

PART 48
OFFSET  13.3865 -8.7185 -2.6864
X -0.8859 -0.3665 -0.2843
Y  0.1446  0.3641 -0.9201
Z  0.4407 -0.8562 -0.2696

PART 49
OFFSET  15.0163 -8.8183 -4.0101
X -0.5297 -0.6707 -0.5192
Y  0.6014 -0.7287  0.3276
Z -0.5981 -0.1387  0.7893

PART 50
OFFSET  14.9198 -7.7565 -4.4168
X -0.2889 -0.9465 -0.1440
Y  0.9445 -0.3064  0.1188
Z -0.1565 -0.1016  0.9824

PART 51
OFFSET  15.4577 -5.6778 -4.1727
X -0.7623 -0.4920 -0.4205
Y  0.4992 -0.8605  0.1018
Z -0.4119 -0.1323  0.9016

PART 52
OFFSET  16.7643 -4.9201 -3.5888
X -0.6686 -0.6879 -0.2824
Y  0.6898 -0.7156  0.1100
Z -0.2778 -0.1213  0.9530

PART 53
OFFSET  17.4882 -4.1585 -3.3288
X -0.1729 -0.5774 -0.7979
Y  0.3907  0.7035 -0.5937
Z  0.9041 -0.4144  0.1039

PART 54
OFFSET  16.2294 -9.0031 -3.3794
X -0.8493 -0.1456 -0.5075
Y -0.5041 -0.0620  0.8614
Z -0.1569  0.9874 -0.0208

PART 55
OFFSET  18.1766 -8.5245 -2.3478
X -0.2240 -0.2298  0.9471
Y  0.5214  0.7928  0.3157
Z -0.8234  0.5646 -0.0578

PART 56
OFFSET  18.4937 -8.1991 -3.6887
X  0.5244  0.8257 -0.2078
Y -0.0961 -0.1851 -0.9780
Z -0.8461  0.5328 -0.0178

PART 57
OFFSET  18.0288 -8.9313 -3.5044
X -0.1149 -0.3398 -0.9335
Y -0.5053 -0.7890  0.3494
Z -0.8552  0.5119 -0.0810

PART 58
OFFSET  18.1380 -8.6085 -2.6176
X  0.5288  0.6812  0.5064
Y -0.4156 -0.3123  0.8542
Z  0.7400 -0.6622  0.1180

PART 59
OFFSET  15.8627 -8.3906 -3.3728
X -0.7341 -0.4208 -0.5329
Y -0.5624 -0.0631  0.8245
Z -0.3805  0.9050 -0.1904

PART 60
OFFSET  17.8121 -7.4344 -1.9431
X -0.3632 -0.2190  0.9056
Y  0.5733  0.7137  0.4025
Z -0.7345  0.6654 -0.1336

PART 61
OFFSET  18.4304 -7.0614 -3.4849
X  0.6587  0.7522 -0.0158
Y  0.0746 -0.0862 -0.9935
Z -0.7487  0.6532 -0.1129

PART 62
OFFSET  17.5175 -8.1040 -3.4630
X -0.0234 -0.1970 -0.9801
Y -0.6579 -0.7352  0.1635
Z -0.7528  0.6486 -0.1124

PART 63
OFFSET  17.5429 -7.8903 -2.4000
X  0.3579  0.6133  0.7041
Y -0.4926 -0.5166  0.7004
Z  0.7932 -0.5975  0.1172

PART 64
OFFSET  11.9824 -11.0677 -6.0250
X -0.7810 -0.5287 -0.3324
Y  0.4414 -0.0907 -0.8927
Z  0.4418 -0.8440  0.3042

PART 65
OFFSET  16.4046 -5.7070 -1.9407
X -0.7206 -0.3134  0.6185
Y  0.5029  0.3778  0.7774
Z -0.4773  0.8712 -0.1146

PART 66
OFFSET  17.6734 -5.1552 -3.0296
X -0.4580 -0.1042  0.8828
Y  0.7348  0.5147  0.4419
Z -0.5004  0.8510 -0.1591

PART 67
OFFSET  18.1997 -4.9768 -4.1125
X -0.6564 -0.3272  0.6798
Y  0.5504  0.4085  0.7281
Z -0.5159  0.8521 -0.0880

PART 68
OFFSET  18.9411 -4.6073 -4.8803
X -0.4283 -0.0226 -0.9033
Y  0.8538  0.3173 -0.4127
Z  0.2960 -0.9480 -0.1167

PART 69
OFFSET  17.1079 -6.5442 -1.7822
X -0.5527 -0.2189  0.8041
Y  0.6780  0.4429  0.5866
Z -0.4846  0.8694 -0.0964

PART 70
OFFSET  18.1876 -6.1165 -3.3531
X  0.8128  0.4614  0.3555
Y  0.3689  0.0645 -0.9272
Z -0.4508  0.8848 -0.1178

PART 71
OFFSET  17.0004 -6.7905 -3.8723
X  0.3800  0.0108 -0.9249
Y -0.8069 -0.4850 -0.3371
Z -0.4522  0.8744 -0.1756

PART 72
OFFSET  16.5727 -6.8092 -2.8238
X  0.2529  0.2456  0.9358
Y -0.8934 -0.3119  0.3233
Z  0.3713 -0.9178  0.1406

PART 73
OFFSET  0.0000 -0.0000 -0.0000
X  1.0000 -0.0000  0.0000
Y  0.0000  1.0000  0.0000
Z  0.0000 -0.0000  1.0000

PART 74
OFFSET  0.0000 -0.0000 -0.0000
X  1.0000 -0.0000  0.0000
Y  0.0000  1.0000  0.0000
Z  0.0000 -0.0000  1.0000

PART 75
OFFSET  1.5404 -0.0000  4.1357
X  1.0000 -0.0000  0.0000
Y  0.0000  1.0000  0.0000
Z  0.0000 -0.0000  1.0000

PART 76
OFFSET -4.6318 -0.0000 -1.3770
X  1.0000 -0.0000  0.0000
Y  0.0000  1.0000  0.0000
Z  0.0000 -0.0000  1.0000


FRAME 101
PART 0
OFFSET  0.0000 -0.0000 -0.0000
X  1.0000 -0.0000  0.0000
Y  0.0000  1.0000  0.0000
Z  0.0000 -0.0000  1.0000

PART 1
OFFSET  0.0000 -0.0000 -0.0000
X  1.0000 -0.0000  0.0000
Y  0.0000  1.0000  0.0000
Z  0.0000 -0.0000  1.0000

PART 2
OFFSET -4.6318 -0.0000 -1.3770
X  1.0000 -0.0000  0.0000
Y  0.0000  1.0000  0.0000
Z  0.0000 -0.0000  1.0000

PART 3
OFFSET -1.6383  8.9047 -7.9500
X  0.7663 -0.0185 -0.6423
Y -0.0753 -0.9953 -0.0611
Z -0.6381  0.0952 -0.7640

PART 4
OFFSET  7.6287  8.6811 -15.7175
X  0.6916 -0.5739  0.4386
Y -0.6080 -0.1347  0.7825
Z -0.3900 -0.8078 -0.4421

PART 5
OFFSET  13.5107  3.7996 -11.9872
X  0.6916 -0.5739  0.4386
Y  0.3708  0.8032  0.4663
Z -0.6199 -0.1598  0.7683

PART 6
OFFSET  15.6471  4.4230 -11.3574
X  0.6962 -0.5709  0.4351
Y  0.3967  0.8112  0.4296
Z -0.5982 -0.1264  0.7913

PART 7
OFFSET  14.6905  2.7969 -12.8474
X  0.6962 -0.5709  0.4351
Y  0.3967  0.8112  0.4296
Z -0.5982 -0.1264  0.7913

PART 8
OFFSET  14.4326  3.5168 -9.4326
X  0.6962 -0.5709  0.4351
Y  0.3967  0.8112  0.4296
Z -0.5982 -0.1264  0.7913

PART 9
OFFSET  13.8514  2.4386 -10.1577
X  0.6962 -0.5709  0.4351
Y  0.3967  0.8112  0.4296
Z -0.5982 -0.1264  0.7913

PART 10
OFFSET  13.6092  1.9499 -11.2837
X  0.6962 -0.5709  0.4351
Y  0.3967  0.8112  0.4296
Z -0.5982 -0.1264  0.7913

PART 11
OFFSET  15.6309  2.0401 -10.6427
X  0.8961  0.0336  0.4426
Y -0.1571  0.9566  0.2456
Z -0.4151 -0.2896  0.8624

PART 12
OFFSET  15.7118  2.8594 -9.8525
X  0.5669  0.7663  0.3023
Y  0.2553  0.1854 -0.9489
Z -0.7832  0.6151 -0.0906

PART 13
OFFSET  16.9170  4.5658 -9.2999
X  0.7135  0.5261  0.4628
Y  0.1886  0.4919 -0.8500
Z -0.6748  0.6937  0.2517

PART 14
OFFSET  17.9820  5.4635 -8.4739
X  0.6047  0.7584  0.2432
Y  0.1177  0.2169 -0.9691
Z -0.7877  0.6146  0.0419

PART 15
OFFSET  18.6019  6.3155 -8.2255
X  0.9766  0.2098 -0.0471
Y  0.2140 -0.9697  0.1177
Z -0.0210 -0.1250 -0.9919

PART 16
OFFSET  16.4735  0.9857 -10.3568
X  0.5767 -0.5937  0.5611
Y -0.7310 -0.0684  0.6789
Z -0.3647 -0.8018 -0.4735

PART 17
OFFSET  17.7328 -0.2399 -8.9438
X  0.8594 -0.4132  0.3011
Y -0.3425 -0.0280  0.9391
Z -0.3796 -0.9102 -0.1656

PART 18
OFFSET  18.9495 -0.8249 -8.5175
X  0.8368 -0.3701  0.4035
Y -0.4391 -0.0132  0.8984
Z -0.3272 -0.9289 -0.1736

PART 19
OFFSET  19.6914 -1.1530 -8.1597
X  0.8676 -0.3814  0.3191
Y -0.3396  0.0146  0.9405
Z -0.3634 -0.9243 -0.1169

PART 20
OFFSET  20.5156 -1.5154 -7.8565
X -0.3978  0.4163 -0.8176
Y -0.8605  0.1397  0.4899
Z  0.3181  0.8985  0.3026

PART 21
OFFSET  16.6241  1.6693 -10.2167
X  0.8985 -0.2636  0.3510
Y -0.4261 -0.3319  0.8416
Z -0.1053 -0.9057 -0.4106

PART 22
OFFSET  18.5913  0.6702 -8.8417
X  0.8851 -0.3230  0.3350
Y -0.3920 -0.1296  0.9108
Z -0.2507 -0.9375 -0.2413

PART 23
OFFSET  20.0982  0.1204 -8.2713
X  0.8150 -0.3165  0.4855
Y -0.5350 -0.0887  0.8402
Z -0.2229 -0.9444 -0.2416

PART 24
OFFSET  21.2277 -0.3182 -7.5985
X  0.8224 -0.3208  0.4697
Y -0.5209 -0.0930  0.8485
Z -0.2285 -0.9426 -0.2436

PART 25
OFFSET  22.1197 -0.6661 -7.0891
X -0.3875  0.2696 -0.8816
Y -0.8878  0.1483  0.4356
Z  0.2482  0.9515  0.1819

PART 26
OFFSET  17.9212  3.5072 -8.4261
X  0.7581 -0.2339  0.6088
Y  0.6511  0.3240 -0.6863
Z -0.0367  0.9167  0.3980

PART 27
OFFSET  19.1583  3.0000 -9.0534
X  0.8444  0.1364  0.5180
Y -0.4891 -0.1980  0.8494
Z  0.2185 -0.9707 -0.1005

PART 28
OFFSET  20.6450  3.2402 -8.1413
X  0.8478  0.0792  0.5243
Y -0.4918 -0.2526  0.8333
Z  0.1984 -0.9643 -0.1752

PART 29
OFFSET  21.6636  3.3951 -7.4932
X  0.8830  0.2264  0.4112
Y -0.3704 -0.2021  0.9066
Z  0.2884 -0.9528 -0.0946

PART 30
OFFSET  22.6610  3.6508 -7.0288
X  0.1280 -0.1593 -0.9789
Y -0.9836 -0.1469 -0.1047
Z -0.1271  0.9762 -0.1755

PART 31
OFFSET  19.1587  1.9068 -9.2123
X  0.8230 -0.1500  0.5478
Y -0.5644 -0.1078  0.8184
Z -0.0637 -0.9828 -0.1734

PART 32
OFFSET  20.7666  1.6137 -8.1421
X  0.8460 -0.1838  0.5005
Y -0.5219 -0.0932  0.8479
Z -0.1092 -0.9785 -0.1748

PART 33
OFFSET  22.0023  1.3452 -7.4110
X  0.8682 -0.2070  0.4509
Y -0.4712 -0.0597  0.8800
Z -0.1552 -0.9765 -0.1494

PART 34
OFFSET  22.9848  1.1039 -6.9020
X -0.3548  0.2593 -0.8983
Y -0.9285  0.0145  0.3710
Z  0.1092  0.9657  0.2356

PART 35
OFFSET  17.5124  1.1743 -8.2608
X -0.1713 -0.9061 -0.3867
Y  0.4151  0.2896 -0.8624
Z  0.8935 -0.3083  0.3266

PART 36
OFFSET  16.4499  0.4910 -7.9699
X  0.9221  0.1603  0.3522
Y -0.1590  0.9867 -0.0330
Z -0.3529 -0.0256  0.9353

PART 37
OFFSET  16.4499  0.4910 -7.9699
X  0.9221  0.1603  0.3522
Y -0.1590  0.9867 -0.0330
Z -0.3529 -0.0256  0.9353

PART 38
OFFSET  21.9475  1.5442 -2.9666
X  0.9221  0.1603  0.3522
Y -0.1590  0.9867 -0.0330
Z -0.3529 -0.0256  0.9353

PART 39
OFFSET  16.6354  1.1760  10.7496
X -0.5958 -0.0665  0.8004
Y -0.1592  0.9866 -0.0365
Z -0.7872 -0.1492 -0.5984

PART 40
OFFSET  8.8698 -0.7548 -8.7189
X  0.4217  0.0981  0.9014
Y -0.1591  0.9867 -0.0330
Z -0.8927 -0.1296  0.4317

PART 41
OFFSET  18.9855  0.9999 -4.9769
X  0.4590  0.1036  0.8824
Y -0.1596  0.9866 -0.0329
Z -0.8740 -0.1257  0.4694

PART 42
OFFSET  20.1782  1.2683 -2.6853
X  0.4553  0.1029  0.8844
Y -0.1590  0.9867 -0.0330
Z -0.8760 -0.1256  0.4656

PART 43
OFFSET -5.7204 -9.7152 -7.2920
X -0.9478  0.3142 -0.0538
Y -0.3084 -0.8610  0.4046
Z  0.0808  0.4001  0.9129

PART 44
OFFSET  5.7425 -13.5151 -6.6410
X -0.7849 -0.3953 -0.4771
Y  0.5777 -0.7454 -0.3327
Z -0.2241 -0.5368  0.8134

PART 45
OFFSET  12.4184 -10.1529 -2.5827
X -0.7849 -0.3953 -0.4771
Y  0.3291 -0.9184  0.2194
Z -0.5250  0.0152  0.8510

PART 46
OFFSET  13.7042 -8.0394 -3.1826
X -0.7877 -0.3892 -0.4776
Y  0.2180  0.5490 -0.8069
Z  0.5763 -0.7397 -0.3476

PART 47
OFFSET  13.3468 -7.8633 -1.9406
X -0.7877 -0.3892 -0.4776
Y  0.2180  0.5490 -0.8069
Z  0.5763 -0.7397 -0.3476

PART 48
OFFSET  13.0352 -9.2643 -0.0657
X -0.7877 -0.3892 -0.4776
Y  0.2180  0.5490 -0.8069
Z  0.5763 -0.7397 -0.3476

PART 49
OFFSET  14.8247 -8.9410 -1.1199
X -0.4625 -0.5906 -0.6613
Y  0.4894 -0.7920  0.3650
Z -0.7393 -0.1549  0.6553

PART 50
OFFSET  14.8640 -7.8475 -1.4437
X -0.3145 -0.9080 -0.2767
Y  0.8863 -0.3853  0.2570
Z -0.3400 -0.1644  0.9259

PART 51
OFFSET  15.4731 -5.8404 -0.9238
X -0.6921 -0.4172 -0.5890
Y  0.4329 -0.8929  0.1238
Z -0.5776 -0.1693  0.7986

PART 52
OFFSET  16.6809 -5.2013 -0.0550
X -0.6315 -0.6307 -0.4510
Y  0.6278 -0.7573  0.1799
Z -0.4550 -0.1696  0.8742

PART 53
OFFSET  17.3740 -4.4986  0.3897
X -0.0445 -0.5127 -0.8574
Y  0.5224  0.7196 -0.4574
Z  0.8515 -0.4683  0.2358

PART 54
OFFSET  15.8896 -9.2580 -0.3019
X -0.7488 -0.0466 -0.6611
Y -0.6560 -0.0906  0.7493
Z -0.0948  0.9948  0.0373

PART 55
OFFSET  17.6387 -8.9974  1.0971
X -0.4260 -0.3024  0.8527
Y  0.5083  0.6997  0.5021
Z -0.7484  0.6473 -0.1443

PART 56
OFFSET  18.2418 -8.5692 -0.1101
X  0.6148  0.7880  0.0321
Y  0.1091 -0.0447 -0.9930
Z -0.7811  0.6140 -0.1135

PART 57
OFFSET  17.6967 -9.2679 -0.1385
X  0.0820 -0.1861 -0.9791
Y -0.6235 -0.7760  0.0953
Z -0.7775  0.6026 -0.1797

PART 58
OFFSET  17.6187 -9.0911  0.7917
X  0.4411  0.5423  0.7151
Y -0.6217 -0.3900  0.6793
Z  0.6472 -0.7442  0.1652

PART 59
OFFSET  15.5628 -8.6234 -0.3076
X -0.6466 -0.3265 -0.6894
Y -0.7065 -0.0848  0.7027
Z -0.2879  0.9414 -0.1759

PART 60
OFFSET  17.2680 -7.9176  1.5234
X -0.5534 -0.2746  0.7863
Y  0.5304  0.6117  0.5869
Z -0.6422  0.7419 -0.1929

PART 61
OFFSET  18.2103 -7.4502  0.1847
X  0.6911  0.6836  0.2346
Y  0.2920  0.0328 -0.9558
Z -0.6611  0.7291 -0.1770

PART 62
OFFSET  17.2524 -8.3976 -0.1405
X  0.2006 -0.0560 -0.9781
Y -0.7189 -0.6866 -0.1082
Z -0.6655  0.7249 -0.1780

PART 63
OFFSET  17.0348 -8.3368  0.9203
X  0.2136  0.4738  0.8544
Y -0.6747 -0.5609  0.4797
Z  0.7065 -0.6789  0.1998

PART 64
OFFSET  12.0897 -10.8123 -3.8296
X -0.7354 -0.4456 -0.5106
Y  0.5915 -0.0545 -0.8044
Z  0.3306 -0.8936  0.3036

PART 65
OFFSET  15.9829 -6.1000  1.4251
X -0.8538 -0.3041  0.4225
Y  0.3441  0.2793  0.8964
Z -0.3906  0.9108 -0.1339

PART 66
OFFSET  17.4863 -5.5646  0.6813
X -0.6431 -0.1358  0.7537
Y  0.6502  0.4232  0.6310
Z -0.4047  0.8958 -0.1839

PART 67
OFFSET  18.2435 -5.3451 -0.2461
X -0.7679 -0.2995  0.5663
Y  0.4702  0.3369  0.8157
Z -0.4351  0.8926 -0.1178

PART 68
OFFSET  19.1108 -5.0068 -0.8857
X -0.2969  0.0445 -0.9539
Y  0.9243  0.2643 -0.2753
Z  0.2399 -0.9634 -0.1196

PART 69
OFFSET  16.5972 -6.9944  1.6330
X -0.7317 -0.2535  0.6328
Y  0.5486  0.3321  0.7673
Z -0.4046  0.9086 -0.1039

PART 70
OFFSET  18.0265 -6.4993  0.3968
X  0.7064  0.3565  0.6115
Y  0.6058  0.1423 -0.7828
Z -0.3661  0.9234 -0.1155

PART 71
OFFSET  16.9948 -7.0200 -0.4964
X  0.6372  0.1009 -0.7640
Y -0.6854 -0.3792 -0.6217
Z -0.3524  0.9198 -0.1725

PART 72
OFFSET  16.2751 -7.1410  0.3698
X -0.0283  0.1061  0.9940
Y -0.9584 -0.2856  0.0032
Z  0.2842 -0.9525  0.1098

PART 73
OFFSET  0.0000 -0.0000 -0.0000
X  1.0000 -0.0000  0.0000
Y  0.0000  1.0000  0.0000
Z  0.0000 -0.0000  1.0000

PART 74
OFFSET  0.0000 -0.0000 -0.0000
X  1.0000 -0.0000  0.0000
Y  0.0000  1.0000  0.0000
Z  0.0000 -0.0000  1.0000

PART 75
OFFSET  1.5404 -0.0000  4.1357
X  1.0000 -0.0000  0.0000
Y  0.0000  1.0000  0.0000
Z  0.0000 -0.0000  1.0000

PART 76
OFFSET -4.6318 -0.0000 -1.3770
X  1.0000 -0.0000  0.0000
Y  0.0000  1.0000  0.0000
Z  0.0000 -0.0000  1.0000


FRAME 102
PART 0
OFFSET  0.0000 -0.0000 -0.0000
X  1.0000 -0.0000  0.0000
Y  0.0000  1.0000  0.0000
Z  0.0000 -0.0000  1.0000

PART 1
OFFSET  0.0000 -0.0000 -0.0000
X  1.0000 -0.0000  0.0000
Y  0.0000  1.0000  0.0000
Z  0.0000 -0.0000  1.0000

PART 2
OFFSET -4.6318 -0.0000 -1.3770
X  1.0000 -0.0000  0.0000
Y  0.0000  1.0000  0.0000
Z  0.0000 -0.0000  1.0000

PART 3
OFFSET -1.6192  8.9047 -7.9500
X  0.7640 -0.0174 -0.6450
Y -0.0742 -0.9954 -0.0610
Z -0.6410  0.0944 -0.7617

PART 4
OFFSET  7.6204  8.6944 -15.7505
X  0.6872 -0.5745  0.4446
Y -0.6125 -0.1293  0.7798
Z -0.3905 -0.8082 -0.4408

PART 5
OFFSET  13.4657  3.8079 -11.9694
X  0.6872 -0.5745  0.4446
Y  0.3717  0.8039  0.4643
Z -0.6241 -0.1538  0.7661

PART 6
OFFSET  15.5989  4.4198 -11.3367
X  0.6919 -0.5715  0.4411
Y  0.3973  0.8116  0.4283
Z -0.6028 -0.1211  0.7886

PART 7
OFFSET  14.6464  2.7976 -12.8192
X  0.6919 -0.5715  0.4411
Y  0.3973  0.8116  0.4283
Z -0.6028 -0.1211  0.7886

PART 8
OFFSET  14.3708  3.5276 -9.4115
X  0.6919 -0.5715  0.4411
Y  0.3973  0.8116  0.4283
Z -0.6028 -0.1211  0.7886

PART 9
OFFSET  13.7887  2.4502 -10.1314
X  0.6919 -0.5715  0.4411
Y  0.3973  0.8116  0.4283
Z -0.6028 -0.1211  0.7886

PART 10
OFFSET  13.5540  1.9608 -11.2578
X  0.6919 -0.5715  0.4411
Y  0.3973  0.8116  0.4283
Z -0.6028 -0.1211  0.7886

PART 11
OFFSET  15.5726  2.0466 -10.6065
X  0.9002  0.0338  0.4342
Y -0.1564  0.9555  0.2500
Z -0.4064 -0.2930  0.8654

PART 12
OFFSET  15.6597  2.8636 -9.8146
X  0.5684  0.7664  0.2993
Y  0.2460  0.1888 -0.9507
Z -0.7851  0.6140 -0.0812

PART 13
OFFSET  16.8671  4.5704 -9.2681
X  0.7169  0.5259  0.4576
Y  0.1797  0.4948 -0.8502
Z -0.6736  0.6918  0.2602

PART 14
OFFSET  17.9384  5.4674 -8.4496
X  0.6057  0.7587  0.2398
Y  0.1081  0.2201 -0.9695
Z -0.7883  0.6131  0.0513

PART 15
OFFSET  18.5591  6.3197 -8.2044
X  0.9758  0.2116 -0.0558
Y  0.2167 -0.9697  0.1127
Z -0.0302 -0.1220 -0.9921

PART 16
OFFSET  16.4197  0.9929 -10.3319
X  0.5831 -0.5945  0.5538
Y -0.7244 -0.0718  0.6856
Z -0.3678 -0.8009 -0.4725

PART 17
OFFSET  17.6945 -0.2349 -8.9348
X  0.8629 -0.4126  0.2917
Y -0.3335 -0.0315  0.9422
Z -0.3796 -0.9104 -0.1648

PART 18
OFFSET  18.9162 -0.8191 -8.5218
X  0.8412 -0.3699  0.3944
Y -0.4305 -0.0167  0.9024
Z -0.3272 -0.9289 -0.1733

PART 19
OFFSET  19.6620 -1.1471 -8.1721
X  0.8712 -0.3809  0.3097
Y -0.3306  0.0111  0.9437
Z -0.3629 -0.9245 -0.1163

PART 20
OFFSET  20.4897 -1.5090 -7.8779
X -0.4063  0.4181 -0.8125
Y -0.8561  0.1367  0.4984
Z  0.3194  0.8981  0.3024

PART 21
OFFSET  16.5705  1.6762 -10.1911
X  0.9023 -0.2631  0.3416
Y -0.4175 -0.3353  0.8446
Z -0.1077 -0.9046 -0.4124

PART 22
OFFSET  18.5523  0.6764 -8.8380
X  0.8888 -0.3224  0.3256
Y -0.3831 -0.1331  0.9141
Z -0.2514 -0.9372 -0.2418

PART 23
OFFSET  20.0656  0.1274 -8.2837
X  0.8201 -0.3166  0.4767
Y -0.5268 -0.0922  0.8450
Z -0.2235 -0.9441 -0.2424

PART 24
OFFSET  21.2021 -0.3113 -7.6230
X  0.8274 -0.3208  0.4609
Y -0.5127 -0.0965  0.8531
Z -0.2292 -0.9422 -0.2443

PART 25
OFFSET  22.0995 -0.6593 -7.1231
X -0.3963  0.2717 -0.8770
Y -0.8839  0.1454  0.4445
Z  0.2483  0.9513  0.1825

PART 26
OFFSET  17.8814  3.5108 -8.4072
X  0.7642 -0.2345  0.6008
Y  0.6440  0.3273 -0.6915
Z -0.0345  0.9154  0.4011

PART 27
OFFSET  19.1133  3.0078 -9.0478
X  0.8491  0.1363  0.5104
Y -0.4807 -0.2015  0.8534
Z  0.2192 -0.9700 -0.1056

PART 28
OFFSET  20.6082  3.2477 -8.1491
X  0.8526  0.0790  0.5165
Y -0.4834 -0.2560  0.8371
Z  0.1984 -0.9634 -0.1801

PART 29
OFFSET  21.6327  3.4023 -7.5103
X  0.8865  0.2267  0.4034
Y -0.3614 -0.2055  0.9095
Z  0.2891 -0.9520 -0.1003

PART 30
OFFSET  22.6340  3.6584 -7.0546
X  0.1190 -0.1561 -0.9806
Y -0.9843 -0.1483 -0.0958
Z -0.1305  0.9766 -0.1713

PART 31
OFFSET  19.1141  1.9150 -9.2101
X  0.8285 -0.1503  0.5395
Y -0.5564 -0.1113  0.8234
Z -0.0637 -0.9824 -0.1758

PART 32
OFFSET  20.7326  1.6215 -8.1562
X  0.8510 -0.1839  0.4919
Y -0.5137 -0.0968  0.8525
Z -0.1092 -0.9782 -0.1768

PART 33
OFFSET  21.9756  1.3528 -7.4377
X  0.8728 -0.2069  0.4420
Y -0.4628 -0.0633  0.8842
Z -0.1550 -0.9763 -0.1509

PART 34
OFFSET  22.9634  1.1117 -6.9388
X -0.3638  0.2614 -0.8940
Y -0.9250  0.0117  0.3798
Z  0.1098  0.9651  0.2376

PART 35
OFFSET  17.4781  1.1767 -8.2453
X -0.1734 -0.9052 -0.3879
Y  0.4064  0.2930 -0.8654
Z  0.8971 -0.3077  0.3171

PART 36
OFFSET  16.4197  0.4907 -7.9465
X  0.9251  0.1609  0.3440
Y -0.1610  0.9865 -0.0284
Z -0.3439 -0.0291  0.9386

PART 37
OFFSET  16.4197  0.4907 -7.9465
X  0.9251  0.1609  0.3440
Y -0.1610  0.9865 -0.0284
Z -0.3439 -0.0291  0.9386

PART 38
OFFSET  21.9627  1.5380 -2.9924
X  0.9251  0.1608  0.3440
Y -0.1610  0.9866 -0.0284
Z -0.3439 -0.0291  0.9386

PART 39
OFFSET  16.7819  1.1182  10.7724
X -0.5880 -0.0700  0.8058
Y -0.1612  0.9864 -0.0320
Z -0.7926 -0.1487 -0.5913

PART 40
OFFSET  8.8349 -0.7660 -8.6273
X  0.4301  0.0961  0.8977
Y -0.1611  0.9865 -0.0284
Z -0.8883 -0.1324  0.4398

PART 41
OFFSET  18.9827  0.9948 -4.9761
X  0.4672  0.1017  0.8783
Y -0.1615  0.9865 -0.0283
Z -0.8693 -0.1287  0.4773

PART 42
OFFSET  20.1966  1.2581 -2.6951
X  0.4635  0.1010  0.8803
Y -0.1609  0.9866 -0.0284
Z -0.8714 -0.1285  0.4735

PART 43
OFFSET -3.3939 -9.0322 -5.8973
X -0.9378  0.3107 -0.1551
Y -0.3230 -0.9444  0.0608
Z -0.1276  0.1071  0.9860

PART 44
OFFSET  7.9473 -12.7901 -4.0218
X -0.5616 -0.3082 -0.7679
Y  0.7530 -0.5750 -0.3200
Z -0.3429 -0.7579  0.5549

PART 45
OFFSET  12.7237 -10.1690  2.5095
X -0.5616 -0.3082 -0.7679
Y  0.2104 -0.9507  0.2277
Z -0.8002 -0.0337  0.5987

PART 46
OFFSET  13.7788 -7.8822  2.8463
X -0.5650 -0.3025 -0.7676
Y  0.3334  0.7673 -0.5478
Z  0.7547 -0.5655 -0.3327

PART 47
OFFSET  13.0869 -8.0880  3.9320
X -0.5650 -0.3025 -0.7676
Y  0.3334  0.7673 -0.5478
Z  0.7547 -0.5655 -0.3327

PART 48
OFFSET  12.5172 -9.9754  5.2313
X -0.5650 -0.3025 -0.7676
Y  0.3334  0.7673 -0.5478
Z  0.7547 -0.5655 -0.3327

PART 49
OFFSET  14.4453 -9.2242  4.8636
X -0.2615 -0.4148 -0.8715
Y  0.2851 -0.8959  0.3408
Z -0.9221 -0.1594  0.3526

PART 50
OFFSET  14.6664 -8.1077  4.7820
X -0.2786 -0.7974 -0.5353
Y  0.7188 -0.5428  0.4343
Z -0.6369 -0.2638  0.7244

PART 51
OFFSET  15.2314 -6.3182  5.8536
X -0.4761 -0.2631 -0.8391
Y  0.3199 -0.9406  0.1135
Z -0.8192 -0.2144  0.5320

PART 52
OFFSET  16.1107 -5.9255  7.1554
X -0.4702 -0.5081 -0.7216
Y  0.4973 -0.8280  0.2589
Z -0.7291 -0.2371  0.6420

PART 53
OFFSET  16.6441 -5.3512  7.9020
X  0.2237 -0.3934 -0.8917
Y  0.6765  0.7213 -0.1485
Z  0.7016 -0.5701  0.4275

PART 54
OFFSET  15.1582 -9.8003  5.8948
X -0.4925  0.1547 -0.8565
Y -0.8698 -0.1219  0.4781
Z -0.0304  0.9804  0.1946

PART 55
OFFSET  16.3670 -9.9902  7.7888
X -0.7481 -0.4039  0.5264
Y  0.3422  0.4449  0.8276
Z -0.5685  0.7993 -0.1946

PART 56
OFFSET  17.4262 -9.4183  7.0435
X  0.5771  0.5981  0.5561
Y  0.5389  0.2327 -0.8096
Z -0.6136  0.7669 -0.1880

PART 57
OFFSET  16.9145 -9.9486  6.5505
X  0.5409  0.1420 -0.8290
Y -0.6078 -0.6154 -0.5019
Z -0.5815  0.7753 -0.2465

PART 58
OFFSET  16.4007 -10.0836  7.3381
X  0.0519  0.1656  0.9848
Y -0.8803 -0.4580  0.1234
Z  0.4715 -0.8734  0.1220

PART 59
OFFSET  14.8975 -9.1359  5.9092
X -0.4069 -0.1281 -0.9044
Y -0.9017 -0.1024  0.4201
Z -0.1464  0.9865 -0.0739

PART 60
OFFSET  15.9554 -8.9522  8.2768
X -0.8359 -0.3393  0.4313
Y  0.3113  0.3540  0.8819
Z -0.4520  0.8715 -0.1903

PART 61
OFFSET  17.3786 -8.3745  7.5425
X  0.5332  0.4510  0.7157
Y  0.6989  0.2418 -0.6731
Z -0.4766  0.8591 -0.1863

PART 62
OFFSET  16.6396 -8.9995  6.5505
X  0.6622  0.2116 -0.7188
Y -0.5752 -0.4713 -0.6686
Z -0.4802  0.8562 -0.1904

PART 63
OFFSET  15.9214 -9.2290  7.3301
X -0.2376  0.1380  0.9615
Y -0.8296 -0.5437 -0.1270
Z  0.5053 -0.8279  0.2437

PART 64
OFFSET  12.6214 -10.2784  1.1372
X -0.5576 -0.2613 -0.7879
Y  0.8167 -0.0032 -0.5770
Z  0.1483 -0.9652  0.2152

PART 65
OFFSET  14.9066 -6.9916  8.1335
X -0.9727 -0.2317 -0.0088
Y -0.0308  0.0913  0.9953
Z -0.2299  0.9685 -0.0959

PART 66
OFFSET  16.6193 -6.5835  8.1490
X -0.9038 -0.1473  0.4018
Y  0.3651  0.2247  0.9035
Z -0.2234  0.9632 -0.1493

PART 67
OFFSET  17.7045 -6.3460  7.6515
X -0.9076 -0.2267  0.3533
Y  0.3142  0.1912  0.9299
Z -0.2784  0.9550 -0.1023

PART 68
OFFSET  18.7296 -6.0899  7.2524
X -0.0665  0.1698 -0.9832
Y  0.9887  0.1436 -0.0420
Z  0.1341 -0.9750 -0.1774

PART 69
OFFSET  15.3535 -7.9791  8.3471
X -0.9404 -0.2573  0.2224
Y  0.2027  0.1011  0.9740
Z -0.2731  0.9610 -0.0429

PART 70
OFFSET  17.1906 -7.4764  7.9127
X  0.3302  0.1126  0.9372
Y  0.9148  0.2063 -0.3471
Z -0.2324  0.9720 -0.0349

PART 71
OFFSET  16.7083 -7.6409  6.5438
X  0.9486  0.1655 -0.2698
Y -0.2511 -0.1259 -0.9597
Z -0.1929  0.9781 -0.0779

PART 72
OFFSET  15.6351 -7.8354  6.8493
X -0.5547 -0.1090  0.8249
Y -0.8149 -0.1294 -0.5650
Z  0.1684 -0.9856 -0.0171

PART 73
OFFSET  0.0000 -0.0000 -0.0000
X  1.0000 -0.0000  0.0000
Y  0.0000  1.0000  0.0000
Z  0.0000 -0.0000  1.0000

PART 74
OFFSET  0.0000 -0.0000 -0.0000
X  1.0000 -0.0000  0.0000
Y  0.0000  1.0000  0.0000
Z  0.0000 -0.0000  1.0000

PART 75
OFFSET  1.5404 -0.0000  4.1357
X  1.0000 -0.0000  0.0000
Y  0.0000  1.0000  0.0000
Z  0.0000 -0.0000  1.0000

PART 76
OFFSET -4.6318 -0.0000 -1.3770
X  1.0000 -0.0000  0.0000
Y  0.0000  1.0000  0.0000
Z  0.0000 -0.0000  1.0000


FRAME 103
PART 0
OFFSET  0.0000 -0.0000 -0.0000
X  1.0000 -0.0000  0.0000
Y  0.0000  1.0000  0.0000
Z  0.0000 -0.0000  1.0000

PART 1
OFFSET  0.0000 -0.0000 -0.0000
X  1.0000 -0.0000  0.0000
Y  0.0000  1.0000  0.0000
Z  0.0000 -0.0000  1.0000

PART 2
OFFSET -4.6318 -0.0000 -1.3770
X  1.0000 -0.0000  0.0000
Y  0.0000  1.0000  0.0000
Z  0.0000 -0.0000  1.0000

PART 3
OFFSET -1.6015  8.9047 -7.9500
X  0.7613 -0.0160 -0.6482
Y -0.0730 -0.9955 -0.0611
Z -0.6443  0.0938 -0.7590

PART 4
OFFSET  7.6057  8.7109 -15.7891
X  0.6819 -0.5753  0.4516
Y -0.6180 -0.1230  0.7765
Z -0.3912 -0.8086 -0.4394

PART 5
OFFSET  13.4057  3.8175 -11.9477
X  0.6819 -0.5753  0.4516
Y  0.3735  0.8048  0.4612
Z -0.6289 -0.1458  0.7637

PART 6
OFFSET  15.5355  4.4162 -11.3101
X  0.6866 -0.5724  0.4482
Y  0.3981  0.8119  0.4270
Z -0.6083 -0.1148  0.7853

PART 7
OFFSET  14.5875  2.7981 -12.7851
X  0.6866 -0.5724  0.4482
Y  0.3981  0.8119  0.4270
Z -0.6083 -0.1148  0.7853

PART 8
OFFSET  14.2908  3.5404 -9.3854
X  0.6866 -0.5724  0.4482
Y  0.3981  0.8119  0.4270
Z -0.6083 -0.1148  0.7853

PART 9
OFFSET  13.7077  2.4638 -10.1001
X  0.6866 -0.5724  0.4482
Y  0.3981  0.8119  0.4270
Z -0.6083 -0.1148  0.7853

PART 10
OFFSET  13.4815  1.9734 -11.2268
X  0.6866 -0.5724  0.4482
Y  0.3981  0.8119  0.4270
Z -0.6083 -0.1148  0.7853

PART 11
OFFSET  15.4963  2.0537 -10.5631
X  0.9053  0.0339  0.4233
Y -0.1550  0.9544  0.2551
Z -0.3954 -0.2965  0.8693

PART 12
OFFSET  15.5916  2.8682 -9.7695
X  0.5707  0.7664  0.2949
Y  0.2341  0.1924 -0.9530
Z -0.7871  0.6129 -0.0696

PART 13
OFFSET  16.8027  4.5753 -9.2321
X  0.7215  0.5257  0.4506
Y  0.1685  0.4979 -0.8507
Z -0.6715  0.6897  0.2707

PART 14
OFFSET  17.8823  5.4714 -8.4236
X  0.6073  0.7590  0.2349
Y  0.0959  0.2235 -0.9700
Z -0.7887  0.6116  0.0629

PART 15
OFFSET  18.5045  6.3240 -8.1832
X  0.9747  0.2135 -0.0669
Y  0.2197 -0.9697  0.1068
Z -0.0421 -0.1188 -0.9920

PART 16
OFFSET  16.3484  1.0005 -10.3023
X  0.5907 -0.5953  0.5447
Y -0.7159 -0.0753  0.6941
Z -0.3722 -0.8000 -0.4706

PART 17
OFFSET  17.6421 -0.2297 -8.9247
X  0.8671 -0.4121  0.2798
Y -0.3220 -0.0352  0.9461
Z -0.3800 -0.9105 -0.1632

PART 18
OFFSET  18.8698 -0.8131 -8.5286
X  0.8465 -0.3698  0.3830
Y -0.4195 -0.0205  0.9075
Z -0.3277 -0.9289 -0.1724

PART 19
OFFSET  19.6204 -1.1410 -8.1891
X  0.8755 -0.3804  0.2978
Y -0.3192  0.0074  0.9477
Z -0.3627 -0.9248 -0.1149

PART 20
OFFSET  20.4521 -1.5024 -7.9061
X -0.4169  0.4201 -0.8061
Y -0.8502  0.1335  0.5092
Z  0.3216  0.8976  0.3015

PART 21
OFFSET  16.4997  1.6836 -10.1610
X  0.9068 -0.2626  0.3298
Y -0.4067 -0.3388  0.8484
Z -0.1111 -0.9035 -0.4140

PART 22
OFFSET  18.4996  0.6828 -8.8354
X  0.8933 -0.3220  0.3137
Y -0.3718 -0.1367  0.9182
Z -0.2527 -0.9368 -0.2418

PART 23
OFFSET  20.0204  0.1346 -8.3013
X  0.8263 -0.3167  0.4657
Y -0.5163 -0.0959  0.8510
Z -0.2249 -0.9437 -0.2428

PART 24
OFFSET  21.1656 -0.3043 -7.6559
X  0.8335 -0.3209  0.4498
Y -0.5021 -0.1002  0.8590
Z -0.2306 -0.9418 -0.2447

PART 25
OFFSET  22.0696 -0.6524 -7.1681
X -0.4074  0.2738 -0.8712
Y -0.8787  0.1424  0.4557
Z  0.2488  0.9512  0.1826

PART 26
OFFSET  17.8291  3.5146 -8.3871
X  0.7719 -0.2352  0.5907
Y  0.6350  0.3307 -0.6982
Z -0.0311  0.9140  0.4045

PART 27
OFFSET  19.0540  3.0158 -9.0442
X  0.8550  0.1361  0.5005
Y -0.4700 -0.2051  0.8585
Z  0.2195 -0.9692 -0.1114

PART 28
OFFSET  20.5593  3.2554 -8.1630
X  0.8587  0.0788  0.5064
Y -0.4728 -0.2596  0.8421
Z  0.1978 -0.9625 -0.1857

PART 29
OFFSET  21.5912  3.4097 -7.5361
X  0.8909  0.2269  0.3934
Y -0.3500 -0.2091  0.9131
Z  0.2894 -0.9512 -0.1069

PART 30
OFFSET  22.5975  3.6660 -7.0917
X  0.1073 -0.1526 -0.9824
Y -0.9851 -0.1497 -0.0843
Z -0.1342  0.9769 -0.1664

PART 31
OFFSET  19.0547  1.9236 -9.2102
X  0.8352 -0.1506  0.5289
Y -0.5462 -0.1150  0.8297
Z -0.0641 -0.9819 -0.1783

PART 32
OFFSET  20.6863  1.6294 -8.1769
X  0.8572 -0.1841  0.4809
Y -0.5031 -0.1004  0.8584
Z -0.1097 -0.9778 -0.1787

PART 33
OFFSET  21.9384  1.3605 -7.4745
X  0.8785 -0.2068  0.4307
Y -0.4519 -0.0670  0.8896
Z -0.1551 -0.9761 -0.1523

PART 34
OFFSET  22.9326  1.1195 -6.9884
X -0.3751  0.2637 -0.8887
Y -0.9203  0.0089  0.3911
Z  0.1110  0.9646  0.2394

PART 35
OFFSET  17.4318  1.1793 -8.2280
X -0.1766 -0.9043 -0.3888
Y  0.3954  0.2965 -0.8693
Z  0.9014 -0.3072  0.3052

PART 36
OFFSET  16.3782  0.4905 -7.9187
X  0.9289  0.1613  0.3332
Y -0.1630  0.9864 -0.0232
Z -0.3324 -0.0328  0.9426

PART 37
OFFSET  16.3782  0.4905 -7.9187
X  0.9289  0.1613  0.3332
Y -0.1630  0.9864 -0.0232
Z -0.3324 -0.0328  0.9426

PART 38
OFFSET  21.9792  1.5310 -3.0287
X  0.9289  0.1613  0.3332
Y -0.1630  0.9864 -0.0232
Z -0.3324 -0.0328  0.9426

PART 39
OFFSET  16.9667  1.0570  10.7965
X -0.5781 -0.0737  0.8126
Y -0.1633  0.9862 -0.0267
Z -0.7995 -0.1481 -0.5821

PART 40
OFFSET  8.7878 -0.7772 -8.5115
X  0.4408  0.0938  0.8927
Y -0.1631  0.9863 -0.0232
Z -0.8827 -0.1353  0.4501

PART 41
OFFSET  18.9763  0.9892 -4.9779
X  0.4776  0.0996  0.8729
Y -0.1635  0.9863 -0.0230
Z -0.8632 -0.1317  0.4874

PART 42
OFFSET  20.2173  1.2472 -2.7109
X  0.4740  0.0988  0.8750
Y -0.1629  0.9864 -0.0232
Z -0.8653 -0.1316  0.4836

PART 43
OFFSET -1.6612 -8.5450 -4.8937
X -0.9067  0.2542 -0.3366
Y -0.2307 -0.9669 -0.1087
Z -0.3531 -0.0209  0.9354

PART 44
OFFSET  9.3045 -11.6190 -0.8233
X -0.4234 -0.2106 -0.8811
Y  0.8231 -0.4958 -0.2771
Z -0.3785 -0.8425  0.3833

PART 45
OFFSET  12.9061 -9.8275  6.6708
X -0.4234 -0.2106 -0.8811
Y  0.1371 -0.9763  0.1675
Z -0.8955 -0.0499  0.4423

PART 46
OFFSET  13.7735 -7.5888  7.4801
X -0.4272 -0.2051 -0.8806
Y  0.3675  0.8504 -0.3764
Z  0.8261 -0.4844 -0.2879

PART 47
OFFSET  12.9421 -7.9762  8.4055
X -0.4272 -0.2051 -0.8806
Y  0.3675  0.8504 -0.3764
Z  0.8261 -0.4844 -0.2879

PART 48
OFFSET  12.2925 -10.0525  9.3231
X -0.4272 -0.2051 -0.8806
Y  0.3675  0.8504 -0.3764
Z  0.8261 -0.4844 -0.2879

PART 49
OFFSET  14.2042 -9.1818  9.3719
X -0.0827 -0.2616 -0.9616
Y  0.1822 -0.9526  0.2435
Z -0.9798 -0.1551  0.1265

PART 50
OFFSET  14.4678 -8.0811  9.5176
X -0.1890 -0.6761 -0.7122
Y  0.5909 -0.6575  0.4674
Z -0.7843 -0.3326  0.5237

PART 51
OFFSET  14.8602 -6.5381  10.9787
X -0.2795 -0.1546 -0.9476
Y  0.2745 -0.9586  0.0754
Z -0.9201 -0.2391  0.3104

PART 52
OFFSET  15.4309 -6.3189  12.4782
X -0.2963 -0.4249 -0.8554
Y  0.4213 -0.8619  0.2822
Z -0.8572 -0.2767  0.4344

PART 53
OFFSET  15.7834 -5.8321  13.3785
X  0.4187 -0.3135 -0.8523
Y  0.6961  0.7135  0.0795
Z  0.5832 -0.6266  0.5170

PART 54
OFFSET  14.6674 -9.9491  10.4208
X -0.2961  0.3119 -0.9028
Y -0.9541 -0.1403  0.2645
Z -0.0442  0.9397  0.3391

PART 55
OFFSET  15.4432 -10.4958  12.4662
X -0.8960 -0.4236  0.1333
Y  0.0809  0.1395  0.9869
Z -0.4367  0.8950 -0.0907

PART 56
OFFSET  16.7117 -9.8960  12.2775
X  0.2673  0.2637  0.9268
Y  0.8338  0.4189 -0.3596
Z -0.4831  0.8689 -0.1079

PART 57
OFFSET  16.4747 -10.1298  11.4557
X  0.8770  0.3740 -0.3017
Y -0.2170 -0.2521 -0.9431
Z -0.4288  0.8925 -0.1399

PART 58
OFFSET  15.6416 -10.4852  11.7424
X -0.4726 -0.2569  0.8430
Y -0.7823 -0.3182 -0.5355
Z  0.4058 -0.9126 -0.0506

PART 59
OFFSET  14.4276 -9.2801  10.4881
X -0.2100  0.0349 -0.9771
Y -0.9725 -0.1104  0.2051
Z -0.1007  0.9933  0.0571

PART 60
OFFSET  14.9662 -9.5208  13.0200
X -0.9412 -0.3345  0.0475
Y  0.0240  0.0740  0.9970
Z -0.3370  0.9395 -0.0616

PART 61
OFFSET  16.5686 -8.9512  12.9393
X  0.1457  0.1293  0.9808
Y  0.9207  0.3451 -0.1823
Z -0.3621  0.9296 -0.0687

PART 62
OFFSET  16.3666 -9.1304  11.5799
X  0.9266  0.3519 -0.1328
Y -0.0971 -0.1175 -0.9883
Z -0.3634  0.9286 -0.0747

PART 63
OFFSET  15.3617 -9.5120  11.7239
X -0.7216 -0.1755  0.6697
Y -0.5949 -0.3377 -0.7294
Z  0.3542 -0.9247  0.1393

PART 64
OFFSET  13.1806 -9.5483  5.2316
X -0.3855 -0.1051 -0.9167
Y  0.9198  0.0350 -0.3908
Z  0.0732 -0.9938  0.0831

PART 65
OFFSET  14.0250 -7.5015  12.9822
X -0.9288 -0.1280 -0.3479
Y -0.3461 -0.0365  0.9375
Z -0.1327  0.9911 -0.0104

PART 66
OFFSET  15.6603 -7.2761  13.5947
X -0.9923 -0.1057  0.0650
Y  0.0582  0.0660  0.9961
Z -0.1096  0.9922 -0.0593

PART 67
OFFSET  16.8599 -7.0874  13.5121
X -0.9514 -0.1625  0.2615
Y  0.2517  0.0788  0.9646
Z -0.1773  0.9836 -0.0341

PART 68
OFFSET  17.9346 -6.9038  13.2167
X  0.0327  0.2584 -0.9655
Y  0.9979  0.0455  0.0459
Z  0.0558 -0.9650 -0.2563

PART 69
OFFSET  14.3897 -8.5350  13.1212
X -0.9660 -0.2114 -0.1492
Y -0.1317 -0.0945  0.9868
Z -0.2227  0.9728  0.0635

PART 70
OFFSET  16.2767 -8.1221  13.4125
X -0.1352 -0.1125  0.9844
Y  0.9731  0.1722  0.1533
Z -0.1868  0.9786  0.0862

PART 71
OFFSET  16.4742 -7.9577  11.9747
X  0.9421  0.1037  0.3188
Y  0.3082  0.1061 -0.9454
Z -0.1319  0.9889  0.0680

PART 72
OFFSET  15.4083 -8.0821  11.6126
X -0.9108 -0.2105  0.3551
Y -0.3794  0.0881 -0.9210
Z  0.1626 -0.9736 -0.1601

PART 73
OFFSET  0.0000 -0.0000 -0.0000
X  1.0000 -0.0000  0.0000
Y  0.0000  1.0000  0.0000
Z  0.0000 -0.0000  1.0000

PART 74
OFFSET  0.0000 -0.0000 -0.0000
X  1.0000 -0.0000  0.0000
Y  0.0000  1.0000  0.0000
Z  0.0000 -0.0000  1.0000

PART 75
OFFSET  1.5404 -0.0000  4.1357
X  1.0000 -0.0000  0.0000
Y  0.0000  1.0000  0.0000
Z  0.0000 -0.0000  1.0000

PART 76
OFFSET -4.6318 -0.0000 -1.3770
X  1.0000 -0.0000  0.0000
Y  0.0000  1.0000  0.0000
Z  0.0000 -0.0000  1.0000


FRAME 104
PART 0
OFFSET  0.0000 -0.0000 -0.0000
X  1.0000 -0.0000  0.0000
Y  0.0000  1.0000  0.0000
Z  0.0000 -0.0000  1.0000

PART 1
OFFSET  0.0000 -0.0000 -0.0000
X  1.0000 -0.0000  0.0000
Y  0.0000  1.0000  0.0000
Z  0.0000 -0.0000  1.0000

PART 2
OFFSET -4.6318 -0.0000 -1.3770
X  1.0000 -0.0000  0.0000
Y  0.0000  1.0000  0.0000
Z  0.0000 -0.0000  1.0000

PART 3
OFFSET -1.5851  8.9047 -7.9500
X  0.7562 -0.0140 -0.6542
Y -0.0717 -0.9955 -0.0615
Z -0.6504  0.0934 -0.7538

PART 4
OFFSET  7.5602  8.7349 -15.8619
X  0.6747 -0.5768  0.4605
Y -0.6246 -0.1139  0.7726
Z -0.3932 -0.8089 -0.4371

PART 5
OFFSET  13.2990  3.8288 -11.9455
X  0.6747 -0.5768  0.4605
Y  0.3770  0.8057  0.4568
Z -0.6345 -0.1346  0.7611

PART 6
OFFSET  15.4259  4.4107 -11.3017
X  0.6795 -0.5739  0.4571
Y  0.4002  0.8121  0.4247
Z -0.6149 -0.1057  0.7815

PART 7
OFFSET  14.4802  2.7963 -12.7675
X  0.6795 -0.5739  0.4571
Y  0.4002  0.8121  0.4247
Z -0.6149 -0.1057  0.7815

PART 8
OFFSET  14.1606  3.5576 -9.3776
X  0.6795 -0.5739  0.4571
Y  0.4002  0.8121  0.4247
Z -0.6149 -0.1057  0.7815

PART 9
OFFSET  13.5748  2.4821 -10.0859
X  0.6795 -0.5739  0.4571
