// Export filename: `C:\projects\cod\t5\xanim_export\t5_viewmodels\briefcase_bomb\briefcase_bomb_defuse.XANIM_EXPORT`
// Source filename: `D:\projects\devanim\t5\animation_assets\viewmodels\briefcase_bomb\briefcase_bomb_animated.fbx`
// Export time: Sat Sep 11 20:32:13 2010

ANIMATION
VERSION 3

NUMPARTS 77
PART 0 "tag_view"
PART 1 "tag_ads"
PART 2 "tag_torso"
PART 3 "J_Shoulder_LE"
PART 4 "J_Elbow_LE"
PART 5 "J_WristTwist_LE"
PART 6 "J_Sleave_Reshape_Bottom_LE_1"
PART 7 "J_Sleave_Reshape_Bottom_LE_2"
PART 8 "J_Sleave_Reshape_Top_LE_1"
PART 9 "J_Sleave_Reshape_Top_LE_2"
PART 10 "J_Sleave_Reshape_Top_LE_3"
PART 11 "J_Wrist_LE"
PART 12 "J_Thumb_LE_0"
PART 13 "J_Thumb_LE_1"
PART 14 "J_Thumb_LE_2"
PART 15 "J_Thumb_LE_3"
PART 16 "J_PinkyPalm_LE"
PART 17 "J_Pinky_LE_0"
PART 18 "J_Pinky_LE_1"
PART 19 "J_Pinky_LE_2"
PART 20 "J_Pinky_LE_3"
PART 21 "J_RingPalm_LE"
PART 22 "J_Ring_LE_0"
PART 23 "J_Ring_LE_1"
PART 24 "J_Ring_LE_2"
PART 25 "J_Ring_LE_3"
PART 26 "J_Webbing_LE"
PART 27 "J_Index_LE_0"
PART 28 "J_Index_LE_1"
PART 29 "J_Index_LE_2"
PART 30 "J_Index_LE_3"
PART 31 "J_Mid_LE_0"
PART 32 "J_Mid_LE_1"
PART 33 "J_Mid_LE_2"
PART 34 "J_Mid_LE_3"
PART 35 "tag_knife_attach"
PART 36 "tag_weapon"
PART 37 "J_Gun"
PART 38 "J_Open"
PART 39 "J_Locks"
PART 40 "J_Handle"
PART 41 "J_Support_Base"
PART 42 "J_Support_Mid"
PART 43 "J_Shoulder_RI"
PART 44 "J_Elbow_RI"
PART 45 "J_WristTwist_RI"
PART 46 "J_Sleave_Reshape_Top_RI_3"
PART 47 "J_Sleave_Reshape_Top_RI_2"
PART 48 "J_Sleave_Reshape_Top_RI_1"
PART 49 "J_Wrist_RI"
PART 50 "J_Thumb_RI_0"
PART 51 "J_Thumb_RI_1"
PART 52 "J_Thumb_RI_2"
PART 53 "J_Thumb_RI_3"
PART 54 "J_PinkyPalm_RI"
PART 55 "J_Pinky_RI_0"
PART 56 "J_Pinky_RI_1"
PART 57 "J_Pinky_RI_2"
PART 58 "J_Pinky_RI_3"
PART 59 "J_RingPalm_RI"
PART 60 "J_Ring_RI_0"
PART 61 "J_Ring_RI_1"
PART 62 "J_Ring_RI_2"
PART 63 "J_Ring_RI_3"
PART 64 "J_Webbing_RI"
PART 65 "J_Index_RI_0"
PART 66 "J_Index_RI_1"
PART 67 "J_Index_RI_2"
PART 68 "J_Index_RI_3"
PART 69 "J_Mid_RI_0"
PART 70 "J_Mid_RI_1"
PART 71 "J_Mid_RI_2"
PART 72 "J_Mid_RI_3"
PART 73 "tag_cambone"
PART 74 "tag_camera"
PART 75 "tag_gasmask"
PART 76 "tag_gasmask2"

FRAMERATE 30
NUMFRAMES 51

FRAME 200
PART 0
OFFSET  0.0000 -0.0000 -0.0000
X  1.0000 -0.0000  0.0000
Y  0.0000  1.0000  0.0000
Z  0.0000 -0.0000  1.0000

PART 1
OFFSET  0.0000 -0.0000 -0.0000
X  1.0000 -0.0000  0.0000
Y  0.0000  1.0000  0.0000
Z  0.0000 -0.0000  1.0000

PART 2
OFFSET -4.6318 -0.0000 -1.3770
X  1.0000 -0.0000  0.0000
Y  0.0000  1.0000  0.0000
Z  0.0000 -0.0000  1.0000

PART 3
OFFSET -1.4727  8.9047 -7.9500
X  0.7603 -0.0220 -0.6492
Y -0.0739 -0.9959 -0.0529
Z -0.6454  0.0882 -0.7588

PART 4
OFFSET  7.7222  8.6389 -15.8014
X  0.6900 -0.5707  0.4452
Y -0.6081 -0.1235  0.7842
Z -0.3926 -0.8118 -0.4323

PART 5
OFFSET  13.5906  3.7846 -12.0146
X  0.6900 -0.5707  0.4452
Y  0.3654  0.8056  0.4664
Z -0.6248 -0.1591  0.7644

PART 6
OFFSET  15.7003  4.3090 -11.4762
X  0.6946 -0.5678  0.4417
Y  0.3993  0.8151  0.4197
Z -0.5984 -0.1152  0.7929

PART 7
OFFSET  14.7671  2.7680 -12.8633
X  0.6946 -0.5678  0.4417
Y  0.3993  0.8151  0.4197
Z -0.5984 -0.1152  0.7929

PART 8
OFFSET  14.4774  3.4576 -9.4945
X  0.6946 -0.5678  0.4417
Y  0.3993  0.8151  0.4197
Z -0.5984 -0.1152  0.7929

PART 9
OFFSET  13.8794  2.3980 -10.1524
X  0.6946 -0.5678  0.4417
Y  0.3993  0.8151  0.4197
Z -0.5984 -0.1152  0.7929

PART 10
OFFSET  13.6837  1.9432 -11.2891
X  0.6946 -0.5678  0.4417
Y  0.3993  0.8151  0.4197
Z -0.5984 -0.1152  0.7929

PART 11
OFFSET  15.7058  2.0350 -10.6497
X  0.8926  0.0332  0.4496
Y -0.1573  0.9575  0.2416
Z -0.4225 -0.2864  0.8599

PART 12
OFFSET  15.7821  2.8563 -9.8612
X  0.5659  0.7661  0.3047
Y  0.2632  0.1823 -0.9474
Z -0.7813  0.6163 -0.0985

PART 13
OFFSET  16.9860  4.5621 -9.3038
X  0.7107  0.5261  0.4669
Y  0.1963  0.4891 -0.8499
Z -0.6755  0.6957  0.2444

PART 14
OFFSET  18.0460  5.4602 -8.4719
X  0.6042  0.7580  0.2459
Y  0.1257  0.2140 -0.9687
Z -0.7869  0.6162  0.0340

PART 15
OFFSET  18.6655  6.3117 -8.2209
X  0.9773  0.2078 -0.0400
Y  0.2112 -0.9698  0.1221
Z -0.0134 -0.1278 -0.9917

PART 16
OFFSET  16.5442  0.9799 -10.3542
X  0.5712 -0.5932  0.5674
Y -0.7365 -0.0652  0.6733
Z -0.3624 -0.8024 -0.4741

PART 17
OFFSET  17.7900 -0.2441 -8.9278
X  0.8562 -0.4139  0.3091
Y -0.3500 -0.0248  0.9364
Z -0.3799 -0.9100 -0.1661

PART 18
OFFSET  19.0022 -0.8301 -8.4901
X  0.8328 -0.3705  0.4112
Y -0.4462 -0.0099  0.8949
Z -0.3275 -0.9288 -0.1736

PART 19
OFFSET  19.7407 -1.1586 -8.1255
X  0.8643 -0.3821  0.3271
Y -0.3470  0.0178  0.9377
Z -0.3642 -0.9239 -0.1172

PART 20
OFFSET  20.5618 -1.5216 -7.8148
X -0.3906  0.4147 -0.8219
Y -0.8641  0.1426  0.4826
Z  0.3173  0.8987  0.3026

PART 21
OFFSET  16.6950  1.6635 -10.2148
X  0.8952 -0.2642  0.3588
Y -0.4334 -0.3288  0.8391
Z -0.1037 -0.9067 -0.4088

PART 22
OFFSET  18.6494  0.6648 -8.8214
X  0.8818 -0.3236  0.3429
Y -0.3995 -0.1263  0.9080
Z -0.2505 -0.9377 -0.2406

PART 23
OFFSET  20.1507  0.1138 -8.2375
X  0.8105 -0.3166  0.4928
Y -0.5418 -0.0853  0.8362
Z -0.2227 -0.9447 -0.2407

PART 24
OFFSET  21.2740 -0.3250 -7.5545
X  0.8181 -0.3210  0.4772
Y -0.5278 -0.0896  0.8446
Z -0.2283 -0.9428 -0.2428

PART 25
OFFSET  22.1612 -0.6731 -7.0370
X -0.3800  0.2678 -0.8854
Y -0.8910  0.1511  0.4281
Z  0.2485  0.9515  0.1812

PART 26
OFFSET  17.9812  3.5041 -8.4191
X  0.7528 -0.2336  0.6154
Y  0.6572  0.3209 -0.6820
Z -0.0382  0.9179  0.3951

PART 27
OFFSET  19.2223  2.9929 -9.0351
X  0.8405  0.1363  0.5244
Y -0.4962 -0.1947  0.8461
Z  0.2175 -0.9713 -0.0960

PART 28
OFFSET  20.7021  3.2330 -8.1119
X  0.8438  0.0791  0.5308
Y -0.4988 -0.2494  0.8300
Z  0.1980 -0.9652 -0.1709

PART 29
OFFSET  21.7159  3.3878 -7.4561
X  0.8801  0.2260  0.4175
Y -0.3779 -0.1988  0.9042
Z  0.2873 -0.9536 -0.0896

PART 30
OFFSET  22.7100  3.6430 -6.9845
X  0.1355 -0.1623 -0.9774
Y -0.9830 -0.1454 -0.1121
Z -0.1239  0.9760 -0.1792

PART 31
OFFSET  19.2220  1.8992 -9.1909
X  0.8184 -0.1500  0.5548
Y -0.5711 -0.1045  0.8142
Z -0.0641 -0.9832 -0.1711

PART 32
OFFSET  20.8207  1.6063 -8.1072
X  0.8416 -0.1840  0.5077
Y -0.5288 -0.0899  0.8440
Z -0.1096 -0.9788 -0.1729

PART 33
OFFSET  22.0501  1.3375 -7.3656
X  0.8642 -0.2073  0.4584
Y -0.4783 -0.0564  0.8764
Z -0.1558 -0.9767 -0.1479

PART 34
OFFSET  23.0281  1.0959 -6.8481
X -0.3472  0.2574 -0.9018
Y -0.9314  0.0172  0.3635
Z  0.1091  0.9662  0.2338

PART 35
OFFSET  17.5668  1.1724 -8.2505
X -0.1699 -0.9069 -0.3856
Y  0.4225  0.2864 -0.8599
Z  0.8903 -0.3090  0.3345

PART 36
OFFSET  16.5008  0.4919 -7.9662
X  0.9195  0.1597  0.3591
Y -0.1569  0.9869 -0.0370
Z -0.3603 -0.0223  0.9326

PART 37
OFFSET  16.5008  0.4919 -7.9662
X  0.9195  0.1597  0.3591
Y -0.1569  0.9869 -0.0370
Z -0.3603 -0.0223  0.9326

PART 38
OFFSET  21.9604  1.5491 -2.9223
X  0.9196  0.1595  0.3591
Y -0.1567  0.9869 -0.0371
Z -0.3603 -0.0222  0.9326

PART 39
OFFSET  16.5386  1.2306  10.7522
X -0.6023 -0.0630  0.7958
Y -0.1569  0.9868 -0.0406
Z -0.7827 -0.1493 -0.6042

PART 40
OFFSET  8.9245 -0.7429 -8.7722
X  0.4146  0.1001  0.9045
Y -0.1575  0.9868 -0.0370
Z -0.8963 -0.1271  0.4249

PART 41
OFFSET  19.0137  1.0044 -4.9546
X  0.4520  0.1053  0.8858
Y -0.1571  0.9869 -0.0372
Z -0.8780 -0.1224  0.4627

PART 42
OFFSET  20.1878  1.2779 -2.6540
X  0.4484  0.1045  0.8877
Y -0.1569  0.9869 -0.0369
Z -0.8800 -0.1227  0.4589

PART 43
OFFSET -6.8859 -10.0612 -7.9971
X -0.9633  0.2625 -0.0563
Y -0.2430 -0.7633  0.5986
Z  0.1142  0.5903  0.7991

PART 44
OFFSET  4.7640 -13.2361 -7.3164
X -0.8861 -0.3650 -0.2857
Y  0.4383 -0.8603 -0.2602
Z -0.1509 -0.3558  0.9223

PART 45
OFFSET  12.3005 -10.1320 -4.8861
X -0.8861 -0.3650 -0.2857
Y  0.3351 -0.9303  0.1490
Z -0.3202  0.0363  0.9467

PART 46
OFFSET  13.6924 -8.6694 -6.0384
X -0.8882 -0.3587 -0.2869
Y  0.1471  0.3697 -0.9175
Z  0.4352 -0.8571 -0.2756

PART 47
OFFSET  13.5511 -8.2381 -4.8153
X -0.8882 -0.3587 -0.2869
Y  0.1471  0.3697 -0.9175
Z  0.4352 -0.8571 -0.2756

PART 48
OFFSET  13.3877 -9.2449 -2.6859
X -0.8882 -0.3587 -0.2869
Y  0.1471  0.3697 -0.9175
Z  0.4352 -0.8571 -0.2756

PART 49
OFFSET  15.0170 -9.0131 -4.0101
X -0.5297 -0.6707 -0.5192
Y  0.6014 -0.7287  0.3276
Z -0.5981 -0.1387  0.7893

PART 50
OFFSET  14.9205 -7.9513 -4.4168
X -0.3720 -0.9122 -0.1718
Y  0.9122 -0.3935  0.1139
Z -0.1715 -0.1143  0.9785

PART 51
OFFSET  15.6419 -5.9372 -4.1119
X -0.7543 -0.4987 -0.4270
Y  0.4978 -0.8585  0.1233
Z -0.4281 -0.1195  0.8958

PART 52
OFFSET  16.9372 -5.1700 -3.5155
X -0.8581 -0.4072 -0.3128
Y  0.4203 -0.9069  0.0277
Z -0.2949 -0.1077  0.9494

PART 53
OFFSET  17.8715 -4.7093 -3.2211
X -0.3574 -0.4184 -0.8350
Y  0.5938  0.5884 -0.5489
Z  0.7209 -0.6920  0.0382

PART 54
OFFSET  16.2301 -9.1978 -3.3794
X -0.8493 -0.1456 -0.5075
Y -0.5041 -0.0620  0.8614
Z -0.1569  0.9874 -0.0208

PART 55
OFFSET  18.1773 -8.7193 -2.3478
X -0.2240 -0.2298  0.9471
Y  0.5214  0.7928  0.3157
Z -0.8234  0.5646 -0.0578

PART 56
OFFSET  18.4944 -8.3939 -3.6887
X  0.5244  0.8257 -0.2078
Y -0.0961 -0.1851 -0.9780
Z -0.8461  0.5328 -0.0178

PART 57
OFFSET  18.0295 -9.1260 -3.5044
X -0.1149 -0.3398 -0.9335
Y -0.5053 -0.7890  0.3494
Z -0.8552  0.5119 -0.0810

PART 58
OFFSET  18.1387 -8.8033 -2.6176
X  0.5288  0.6812  0.5064
Y -0.4156 -0.3123  0.8542
Z  0.7400 -0.6622  0.1180

PART 59
OFFSET  15.8634 -8.5854 -3.3728
X -0.7341 -0.4208 -0.5329
Y -0.5624 -0.0631  0.8245
Z -0.3805  0.9050 -0.1904

PART 60
OFFSET  17.8128 -7.6291 -1.9431
X -0.3632 -0.2190  0.9056
Y  0.5733  0.7137  0.4025
Z -0.7345  0.6654 -0.1336

PART 61
OFFSET  18.4311 -7.2562 -3.4849
X  0.6587  0.7522 -0.0158
Y  0.0746 -0.0862 -0.9935
Z -0.7487  0.6532 -0.1129

PART 62
OFFSET  17.5182 -8.2987 -3.4630
X -0.0234 -0.1970 -0.9801
Y -0.6579 -0.7352  0.1635
Z -0.7528  0.6486 -0.1124

PART 63
OFFSET  17.5436 -8.0850 -2.4000
X  0.3579  0.6133  0.7041
Y -0.4926 -0.5166  0.7004
Z  0.7932 -0.5975  0.1172

PART 64
OFFSET  11.9831 -11.2625 -6.0250
X -0.7810 -0.5287 -0.3324
Y  0.4414 -0.0907 -0.8927
Z  0.4418 -0.8440  0.3042

PART 65
OFFSET  16.4053 -5.9018 -1.9407
X -0.7206 -0.3134  0.6185
Y  0.5029  0.3778  0.7774
Z -0.4773  0.8712 -0.1146

PART 66
OFFSET  17.6741 -5.3499 -3.0296
X -0.4580 -0.1042  0.8828
Y  0.7348  0.5147  0.4419
Z -0.5004  0.8510 -0.1591

PART 67
OFFSET  18.2004 -5.1716 -4.1125
X -0.6564 -0.3272  0.6798
Y  0.5504  0.4085  0.7281
Z -0.5159  0.8521 -0.0880

PART 68
OFFSET  18.9418 -4.8020 -4.8803
X -0.4283 -0.0226 -0.9033
Y  0.8538  0.3173 -0.4127
Z  0.2960 -0.9480 -0.1167

PART 69
OFFSET  17.1086 -6.7390 -1.7822
X -0.5527 -0.2189  0.8041
Y  0.6780  0.4429  0.5866
Z -0.4846  0.8694 -0.0964

PART 70
OFFSET  18.1884 -6.3113 -3.3531
X  0.8128  0.4614  0.3555
Y  0.3689  0.0645 -0.9272
Z -0.4508  0.8848 -0.1178

PART 71
OFFSET  17.0011 -6.9853 -3.8723
X  0.3800  0.0108 -0.9249
Y -0.8069 -0.4850 -0.3371
Z -0.4522  0.8744 -0.1756

PART 72
OFFSET  16.5734 -7.0040 -2.8238
X  0.2529  0.2456  0.9358
Y -0.8934 -0.3119  0.3233
Z  0.3713 -0.9178  0.1406

PART 73
OFFSET  0.0000 -0.0000 -0.0000
X  1.0000 -0.0000  0.0000
Y  0.0000  1.0000  0.0000
Z  0.0000 -0.0000  1.0000

PART 74
OFFSET  0.0000 -0.0000 -0.0000
X  1.0000 -0.0000  0.0000
Y  0.0000  1.0000  0.0000
Z  0.0000 -0.0000  1.0000

PART 75
OFFSET  1.5404 -0.0000  4.1357
X  1.0000 -0.0000  0.0000
Y  0.0000  1.0000  0.0000
Z  0.0000 -0.0000  1.0000

PART 76
OFFSET -4.6318 -0.0000 -1.3770
X  1.0000 -0.0000  0.0000
Y  0.0000  1.0000  0.0000
Z  0.0000 -0.0000  1.0000


FRAME 201
PART 0
OFFSET  0.0000 -0.0000 -0.0000
X  1.0000 -0.0000  0.0000
Y  0.0000  1.0000  0.0000
Z  0.0000 -0.0000  1.0000

PART 1
OFFSET  0.0000 -0.0000 -0.0000
X  1.0000 -0.0000  0.0000
Y  0.0000  1.0000  0.0000
Z  0.0000 -0.0000  1.0000

PART 2
OFFSET -4.6318 -0.0000 -1.3770
X  1.0000 -0.0000  0.0000
Y  0.0000  1.0000  0.0000
Z  0.0000 -0.0000  1.0000

PART 3
OFFSET -1.4727  8.9047 -7.9500
X  0.7635 -0.0129 -0.6456
Y -0.0664 -0.9961 -0.0586
Z -0.6423  0.0876 -0.7614

PART 4
OFFSET  7.7615  8.7485 -15.7582
X  0.6425 -0.5766  0.5048
Y -0.6629 -0.0876  0.7436
Z -0.3845 -0.8123 -0.4385

PART 5
OFFSET  13.2259  3.8444 -11.4649
X  0.6425 -0.5766  0.5048
Y  0.3599  0.8086  0.4655
Z -0.6766 -0.1174  0.7270

PART 6
OFFSET  15.3079  4.3282 -10.7965
X  0.6474 -0.5738  0.5015
Y  0.3922  0.8151  0.4264
Z -0.6535 -0.0794  0.7528

PART 7
OFFSET  14.4288  2.7765 -12.2067
X  0.6474 -0.5738  0.5015
Y  0.3922  0.8151  0.4264
Z -0.6535 -0.0794  0.7528

PART 8
OFFSET  13.9311  3.5597 -8.8830
X  0.6474 -0.5738  0.5015
Y  0.3922  0.8151  0.4264
Z -0.6535 -0.0794  0.7528

PART 9
OFFSET  13.3502  2.4991 -9.5546
X  0.6474 -0.5738  0.5015
Y  0.3922  0.8151  0.4264
Z -0.6535 -0.0794  0.7528

PART 10
OFFSET  13.2194  2.0205 -10.6908
X  0.6474 -0.5738  0.5015
Y  0.3922  0.8151  0.4264
Z -0.6535 -0.0794  0.7528

PART 11
OFFSET  15.1955  2.0768 -9.9174
X  0.8953  0.0361  0.4440
Y -0.1616  0.9551  0.2482
Z -0.4151 -0.2940  0.8610

PART 12
OFFSET  15.2719  2.8940 -9.1246
X  0.5632  0.7678  0.3054
Y  0.2559  0.1894 -0.9480
Z -0.7857  0.6120 -0.0898

PART 13
OFFSET  16.4689  4.6039 -8.5652
X  0.7106  0.5278  0.4653
Y  0.1877  0.4952 -0.8483
Z -0.6781  0.6901  0.2528

PART 14
OFFSET  17.5289  5.5037 -7.7350
X  0.6011  0.7603  0.2463
Y  0.1181  0.2203 -0.9683
Z -0.7904  0.6111  0.0427

PART 15
OFFSET  18.1448  6.3576 -7.4832
X  0.9758  0.2141 -0.0451
Y  0.2179 -0.9691  0.1151
Z -0.0191 -0.1222 -0.9923

PART 16
OFFSET  16.0422  1.0252 -9.6334
X  0.5785 -0.5929  0.5602
Y -0.7317 -0.0736  0.6777
Z -0.3606 -0.8019 -0.4764

PART 17
OFFSET  17.3048 -0.1993 -8.2223
X  0.8608 -0.4104  0.3011
Y -0.3437 -0.0323  0.9385
Z -0.3754 -0.9113 -0.1689

PART 18
OFFSET  18.5234 -0.7803 -7.7960
X  0.8378 -0.3678  0.4036
Y -0.4403 -0.0178  0.8977
Z -0.3230 -0.9298 -0.1768

PART 19
OFFSET  19.2662 -1.1064 -7.4382
X  0.8687 -0.3787  0.3192
Y -0.3409  0.0103  0.9400
Z -0.3593 -0.9255 -0.1202

PART 20
OFFSET  20.0915 -1.4661 -7.1349
X -0.3985  0.4170 -0.8169
Y -0.8618  0.1345  0.4890
Z  0.3138  0.8989  0.3058

PART 21
OFFSET  16.1897  1.7089 -9.4911
X  0.8992 -0.2608  0.3515
Y -0.4259 -0.3363  0.8400
Z -0.1008 -0.9049 -0.4134

PART 22
OFFSET  18.1592  0.7142 -8.1163
X  0.8860 -0.3202  0.3353
Y -0.3927 -0.1340  0.9098
Z -0.2464 -0.9378 -0.2445

PART 23
OFFSET  19.6677  0.1691 -7.5454
X  0.8156 -0.3144  0.4857
Y -0.5358 -0.0935  0.8392
Z -0.2185 -0.9447 -0.2447

PART 24
OFFSET  20.7981 -0.2667 -6.8723
X  0.8231 -0.3187  0.4699
Y -0.5217 -0.0978  0.8475
Z -0.2242 -0.9428 -0.2467

PART 25
OFFSET  21.6908 -0.6123 -6.3626
X -0.3874  0.2706 -0.8813
Y -0.8891  0.1432  0.4348
Z  0.2438  0.9520  0.1851

PART 26
OFFSET  17.4764  3.5470 -7.6931
X  0.7582 -0.2325  0.6091
Y  0.6507  0.3289 -0.6844
Z -0.0412  0.9153  0.4006

PART 27
OFFSET  18.7165  3.0470 -8.3202
X  0.8431  0.1385  0.5197
Y -0.4895 -0.2027  0.8481
Z  0.2228 -0.9694 -0.1031

PART 28
OFFSET  20.2009  3.2908 -7.4052
X  0.8467  0.0812  0.5258
Y -0.4919 -0.2572  0.8318
Z  0.2028 -0.9629 -0.1778

PART 29
OFFSET  21.2179  3.4481 -6.7552
X  0.8814  0.2290  0.4131
Y -0.3708 -0.2064  0.9055
Z  0.2926 -0.9513 -0.0970

PART 30
OFFSET  22.2135  3.7067 -6.2886
X  0.1301 -0.1558 -0.9792
Y -0.9828 -0.1508 -0.1065
Z -0.1311  0.9762 -0.1728

PART 31
OFFSET  18.7219  1.9543 -8.4823
X  0.8229 -0.1481  0.5485
Y -0.5651 -0.1127  0.8173
Z -0.0593 -0.9825 -0.1764

PART 32
OFFSET  20.3295  1.6649 -7.4108
X  0.8461 -0.1817  0.5012
Y -0.5227 -0.0980  0.8469
Z -0.1048 -0.9785 -0.1779

PART 33
OFFSET  21.5653  1.3995 -6.6787
X  0.8685 -0.2046  0.4515
Y -0.4722 -0.0644  0.8791
Z -0.1508 -0.9767 -0.1525

PART 34
OFFSET  22.5481  1.1608 -6.1691
X -0.3547  0.2605 -0.8980
Y -0.9291  0.0094  0.3697
Z  0.1047  0.9654  0.2387

PART 35
OFFSET  17.0774  1.2119 -7.5354
X -0.1669 -0.9057 -0.3897
Y  0.4151  0.2940 -0.8610
Z  0.8943 -0.3054  0.3269

PART 36
OFFSET  16.0174  0.5232 -7.2481
X  0.9209  0.1632  0.3540
Y -0.1632  0.9861 -0.0303
Z -0.3541 -0.0299  0.9347

PART 37
OFFSET  16.0174  0.5232 -7.2481
X  0.9209  0.1632  0.3540
Y -0.1632  0.9861 -0.0303
Z -0.3541 -0.0299  0.9347

PART 38
OFFSET  21.5034  1.5848 -2.2338
X  0.9209  0.1631  0.3540
Y -0.1630  0.9862 -0.0303
Z -0.3541 -0.0298  0.9347

PART 39
OFFSET  16.1733  1.1542  11.4736
X -0.5966 -0.0713  0.7993
Y -0.1632  0.9860 -0.0339
Z -0.7857 -0.1507 -0.5999

PART 40
OFFSET  8.4438 -0.7535 -8.0119
X  0.4199  0.0974  0.9023
Y -0.1637  0.9860 -0.0302
Z -0.8927 -0.1350  0.4300

PART 41
OFFSET  18.5468  1.0338 -4.2500
X  0.4572  0.1030  0.8834
Y -0.1634  0.9861 -0.0304
Z -0.8742 -0.1304  0.4677

PART 42
OFFSET  19.7343  1.3011 -1.9556
X  0.4536  0.1021  0.8854
Y -0.1631  0.9861 -0.0302
Z -0.8762 -0.1307  0.4639

PART 43
OFFSET -6.3100 -9.9954 -7.7064
X -0.9468  0.3191 -0.0412
Y -0.2941 -0.8065  0.5130
Z  0.1304  0.4978  0.8574

PART 44
OFFSET  5.1409 -13.8541 -7.2078
X -0.8306 -0.4069 -0.3803
Y  0.5248 -0.8005 -0.2896
Z -0.1865 -0.4401  0.8784

PART 45
OFFSET  12.2052 -10.3931 -3.9736
X -0.8306 -0.4069 -0.3803
Y  0.3348 -0.9104  0.2429
Z -0.4450  0.0744  0.8924

PART 46
OFFSET  13.5511 -8.7401 -4.9010
X -0.8331 -0.4008 -0.3811
Y  0.1813  0.4531 -0.8728
Z  0.5225 -0.7963 -0.3049

PART 47
OFFSET  13.2880 -8.4216 -3.6635
X -0.8331 -0.4008 -0.3811
Y  0.1813  0.4531 -0.8728
Z  0.5225 -0.7963 -0.3049

PART 48
OFFSET  13.0564 -9.6078 -1.6351
X -0.8331 -0.4008 -0.3811
Y  0.1813  0.4531 -0.8728
Z  0.5225 -0.7963 -0.3049

PART 49
OFFSET  14.7514 -9.1457 -2.8079
X -0.4718 -0.5928 -0.6527
Y  0.4889 -0.7919  0.3659
Z -0.7338 -0.1465  0.6634

PART 50
OFFSET  14.7931 -8.0547 -3.1397
X -0.4241 -0.8721 -0.2441
Y  0.8540 -0.4749  0.2128
Z -0.3015 -0.1182  0.9461

PART 51
OFFSET  15.6399 -6.1188 -2.6868
X -0.7058 -0.4816 -0.5195
Y  0.4524 -0.8708  0.1927
Z -0.5452 -0.0991  0.8324

PART 52
OFFSET  16.8673 -5.3821 -1.9298
X -0.7725 -0.4866 -0.4079
Y  0.4763 -0.8690  0.1345
Z -0.4199 -0.0904  0.9030

PART 53
OFFSET  17.7138 -4.8370 -1.5323
X -0.2024 -0.4802 -0.8535
Y  0.6226  0.6097 -0.4906
Z  0.7559 -0.6307  0.1756

PART 54
OFFSET  15.8224 -9.4624 -1.9978
X -0.7553 -0.0473 -0.6537
Y -0.6492 -0.0820  0.7561
Z -0.0894  0.9955  0.0312

PART 55
OFFSET  17.5860 -9.2010 -0.6173
X -0.3469 -0.1803  0.9204
Y  0.6532  0.6578  0.3750
Z -0.6731  0.7313 -0.1104

PART 56
OFFSET  18.0771 -8.9457 -1.9205
X  0.7069  0.6921 -0.1457
Y -0.0522 -0.1544 -0.9866
Z -0.7054  0.7051 -0.0730

PART 57
OFFSET  17.4503 -9.5594 -1.7913
X -0.1078 -0.3014 -0.9474
Y -0.6922 -0.6612  0.2891
Z -0.7136  0.6870 -0.1373

PART 58
OFFSET  17.5528 -9.2730 -0.8912
X  0.6202  0.5463  0.5630
Y -0.5434 -0.2184  0.8106
Z  0.5658 -0.8086  0.1614

PART 59
OFFSET  15.4988 -8.8262 -2.0048
X -0.6548 -0.3280 -0.6810
Y -0.7001 -0.0762  0.7099
Z -0.2848  0.9416 -0.1797

PART 60
OFFSET  17.2250 -8.1164 -0.1951
X -0.4688 -0.1869  0.8633
Y  0.6739  0.5563  0.4863
Z -0.5711  0.8097 -0.1349

PART 61
OFFSET  18.0231 -7.7982 -1.6649
X  0.7973  0.5985  0.0780
Y  0.1318 -0.0466 -0.9902
Z -0.5890  0.7997 -0.1160

PART 62
OFFSET  16.9181 -8.6278 -1.7730
X  0.0125 -0.1351 -0.9907
Y -0.8044 -0.5900  0.0703
Z -0.5940  0.7960 -0.1161

PART 63
OFFSET  16.9045 -8.4812 -0.6984
X  0.4200  0.4869  0.7659
Y -0.6399 -0.4395  0.6303
Z  0.6435 -0.7548  0.1269

PART 64
OFFSET  11.9812 -11.0217 -5.4782
X -0.7425 -0.4453 -0.5004
Y  0.5836 -0.0632 -0.8096
Z  0.3289 -0.8931  0.3068

PART 65
OFFSET  15.9483 -6.2929 -0.2940
X -0.8947 -0.2676  0.3576
Y  0.2905  0.2596  0.9210
Z -0.3392  0.9279 -0.1545

PART 66
OFFSET  17.5236 -5.8219 -0.9236
X -0.6033 -0.0523  0.7958
Y  0.7165  0.4027  0.5696
Z -0.3503  0.9138 -0.2055

PART 67
OFFSET  18.2357 -5.7028 -1.9036
X -0.4629 -0.0573  0.8846
Y  0.8024  0.3970  0.4456
Z -0.3767  0.9160 -0.1377

PART 68
OFFSET  18.7585 -5.6380 -2.9027
X -0.6796 -0.0820 -0.7290
Y  0.7277  0.0504 -0.6841
Z  0.0929 -0.9954  0.0255

PART 69
OFFSET  16.5599 -7.1890 -0.0857
X -0.7146 -0.2208  0.6638
Y  0.5975  0.3008  0.7433
Z -0.3638  0.9278 -0.0830

PART 70
OFFSET  17.9559 -6.7576 -1.3824
X  0.8466  0.3349  0.4136
Y  0.4214  0.0530 -0.9053
Z -0.3251  0.9408 -0.0962

PART 71
OFFSET  16.7193 -7.2467 -1.9866
X  0.3609 -0.0286 -0.9322
Y -0.8742 -0.3586 -0.3274
Z -0.3249  0.9330 -0.1544

PART 72
OFFSET  16.3123 -7.2211 -0.9300
X  0.3024  0.1914  0.9338
Y -0.9230 -0.1857  0.3370
Z  0.2379 -0.9638  0.1205

PART 73
OFFSET  0.0000 -0.0000 -0.0000
X  1.0000 -0.0000  0.0000
Y  0.0000  1.0000  0.0000
Z  0.0000 -0.0000  1.0000

PART 74
OFFSET  0.0000 -0.0000 -0.0000
X  1.0000 -0.0000  0.0000
Y  0.0000  1.0000  0.0000
Z  0.0000 -0.0000  1.0000

PART 75
OFFSET  1.5404 -0.0000  4.1357
X  1.0000 -0.0000  0.0000
Y  0.0000  1.0000  0.0000
Z  0.0000 -0.0000  1.0000

PART 76
OFFSET -4.6318 -0.0000 -1.3770
X  1.0000 -0.0000  0.0000
Y  0.0000  1.0000  0.0000
Z  0.0000 -0.0000  1.0000


FRAME 202
PART 0
OFFSET  0.0000 -0.0000 -0.0000
X  1.0000 -0.0000  0.0000
Y  0.0000  1.0000  0.0000
Z  0.0000 -0.0000  1.0000

PART 1
OFFSET  0.0000 -0.0000 -0.0000
X  1.0000 -0.0000  0.0000
Y  0.0000  1.0000  0.0000
Z  0.0000 -0.0000  1.0000

PART 2
OFFSET -4.6318 -0.0000 -1.3770
X  1.0000 -0.0000  0.0000
Y  0.0000  1.0000  0.0000
Z  0.0000 -0.0000  1.0000

PART 3
OFFSET -1.4727  8.9047 -7.9500
X  0.7618 -0.0088 -0.6478
Y -0.0634 -0.9961 -0.0610
Z -0.6448  0.0875 -0.7594

PART 4
OFFSET  7.7399  8.7982 -15.7845
X  0.6090 -0.5800  0.5411
Y -0.6945 -0.0603  0.7170
Z -0.3832 -0.8124 -0.4395

PART 5
OFFSET  12.9194  3.8653 -11.1821
X  0.6090 -0.5800  0.5411
Y  0.3616  0.8102  0.4614
Z -0.7060 -0.0853  0.7031

PART 6
OFFSET  14.9819  4.3193 -10.4368
X  0.6141 -0.5774  0.5380
Y  0.3914  0.8148  0.4277
Z -0.6853 -0.0521  0.7264

PART 7
OFFSET  14.1290  2.7597 -11.8544
X  0.6141 -0.5774  0.5380
Y  0.3914  0.8148  0.4277
Z -0.6853 -0.0521  0.7264

PART 8
OFFSET  13.5119  3.6145 -8.5686
X  0.6141 -0.5774  0.5380
Y  0.3914  0.8148  0.4277
Z -0.6853 -0.0521  0.7264

PART 9
OFFSET  12.9369  2.5537 -9.2447
X  0.6141 -0.5774  0.5380
Y  0.3914  0.8148  0.4277
Z -0.6853 -0.0521  0.7264

PART 10
OFFSET  12.8428  2.0566 -10.3767
X  0.6141 -0.5774  0.5380
Y  0.3914  0.8148  0.4277
Z -0.6853 -0.0521  0.7264

PART 11
OFFSET  14.7863  2.0873 -9.5232
X  0.9016  0.0390  0.4308
Y -0.1628  0.9533  0.2543
Z -0.4008 -0.2995  0.8658

PART 12
OFFSET  14.8701  2.9019 -8.7284
X  0.5636  0.7696  0.3001
Y  0.2409  0.1944 -0.9509
Z -0.7901  0.6082 -0.0758

PART 13
OFFSET  16.0665  4.6159 -8.1800
X  0.7146  0.5297  0.4569
Y  0.1726  0.4995 -0.8490
Z -0.6779  0.6855  0.2655

PART 14
OFFSET  17.1339  5.5180 -7.3621
X  0.6007  0.7624  0.2404
Y  0.1026  0.2247 -0.9690
Z -0.7928  0.6068  0.0567

PART 15
OFFSET  17.7490  6.3741 -7.1160
X  0.9739  0.2193 -0.0587
Y  0.2246 -0.9684  0.1081
Z -0.0331 -0.1184 -0.9924

PART 16
OFFSET  15.6425  1.0391 -9.2559
X  0.5898 -0.5921  0.5492
Y -0.7212 -0.0800  0.6881
Z -0.3635 -0.8019 -0.4742

PART 17
OFFSET  16.9321 -0.1842 -7.8685
X  0.8672 -0.4071  0.2868
Y -0.3296 -0.0377  0.9434
Z -0.3732 -0.9126 -0.1669

PART 18
OFFSET  18.1599 -0.7605 -7.4625
X  0.8455 -0.3649  0.3897
Y -0.4269 -0.0235  0.9040
Z -0.3207 -0.9307 -0.1757

PART 19
OFFSET  18.9096 -1.0841 -7.1169
X  0.8753 -0.3754  0.3049
Y -0.3271  0.0049  0.9450
Z -0.3562 -0.9269 -0.1185

PART 20
OFFSET  19.7411 -1.4407 -6.8273
X -0.4127  0.4181 -0.8093
Y -0.8552  0.1281  0.5022
Z  0.3137  0.8993  0.3046

PART 21
OFFSET  15.7886  1.7230 -9.1131
X  0.9056 -0.2574  0.3371
Y -0.4117 -0.3417  0.8448
Z -0.1023 -0.9038 -0.4154

PART 22
OFFSET  17.7833  0.7333 -7.7715
X  0.8925 -0.3168  0.3209
Y -0.3785 -0.1395  0.9150
Z -0.2451 -0.9382 -0.2445

PART 23
OFFSET  19.3029  0.1939 -7.2251
X  0.8243 -0.3121  0.4723
Y -0.5228 -0.0995  0.8466
Z -0.2172 -0.9448 -0.2452

PART 24
OFFSET  20.4453 -0.2385 -6.5705
X  0.8316 -0.3162  0.4565
Y -0.5086 -0.1038  0.8547
Z -0.2229 -0.9430 -0.2471

PART 25
OFFSET  21.3473 -0.5815 -6.0754
X -0.4018  0.2720 -0.8744
Y -0.8833  0.1368  0.4484
Z  0.2416  0.9525  0.1852

PART 26
OFFSET  17.0922  3.5609 -7.3271
X  0.7683 -0.2309  0.5969
Y  0.6388  0.3349 -0.6927
Z -0.0400  0.9135  0.4048

PART 27
OFFSET  18.3255  3.0698 -7.9743
X  0.8499  0.1409  0.5077
Y -0.4758 -0.2085  0.8545
Z  0.2262 -0.9678 -0.1102

PART 28
OFFSET  19.8219  3.3178 -7.0805
X  0.8540  0.0836  0.5135
Y -0.4782 -0.2630  0.8380
Z  0.2051 -0.9612 -0.1846

PART 29
OFFSET  20.8476  3.4779 -6.4450
X  0.8863  0.2320  0.4009
Y -0.3563 -0.2118  0.9101
Z  0.2960 -0.9494 -0.1051

PART 30
OFFSET  21.8487  3.7399 -5.9921
X  0.1164 -0.1514 -0.9816
Y -0.9835 -0.1555 -0.0926
Z -0.1386  0.9762 -0.1670

PART 31
OFFSET  18.3341  1.9777 -8.1409
X  0.8317 -0.1459  0.5357
Y -0.5523 -0.1188  0.8251
Z -0.0568 -0.9821 -0.1794

PART 32
OFFSET  19.9588  1.6926 -7.0943
X  0.8543 -0.1792  0.4879
Y -0.5096 -0.1040  0.8541
Z -0.1023 -0.9783 -0.1802

PART 33
OFFSET  21.2066  1.4308 -6.3817
X  0.8761 -0.2018  0.4378
Y -0.4588 -0.0702  0.8857
Z -0.1480 -0.9769 -0.1541

PART 34
OFFSET  22.1982  1.1954 -5.8875
X -0.3693  0.2621 -0.8916
Y -0.9236  0.0031  0.3834
Z  0.1033  0.9650  0.2409

PART 35
OFFSET  16.7076  1.2231 -7.1727
X -0.1679 -0.9050 -0.3908
Y  0.4008  0.2995 -0.8658
Z  0.9006 -0.3020  0.3124

PART 36
OFFSET  15.6556  0.5278 -6.8725
X  0.9252  0.1667  0.3410
Y -0.1687  0.9854 -0.0240
Z -0.3400 -0.0354  0.9397

PART 37
OFFSET  15.6556  0.5278 -6.8725
X  0.9252  0.1667  0.3410
Y -0.1687  0.9854 -0.0240
Z -0.3400 -0.0354  0.9397

PART 38
OFFSET  21.2095  1.5987 -1.9356
X  0.9252  0.1666  0.3410
Y -0.1686  0.9854 -0.0241
Z -0.3401 -0.0352  0.9397

PART 39
OFFSET  16.0851  1.0875  11.8472
X -0.5844 -0.0775  0.8078
Y -0.1689  0.9853 -0.0276
Z -0.7937 -0.1525 -0.5889

PART 40
OFFSET  8.0781 -0.7855 -7.5293
X  0.4327  0.0961  0.8964
Y -0.1692  0.9853 -0.0239
Z -0.8855 -0.1414  0.4426

PART 41
OFFSET  18.2264  1.0400 -3.9101
X  0.4697  0.1020  0.8769
Y -0.1689  0.9853 -0.0241
Z -0.8665 -0.1368  0.4800

PART 42
OFFSET  19.4463  1.3047 -1.6324
X  0.4661  0.1011  0.8789
Y -0.1687  0.9854 -0.0239
Z -0.8685 -0.1371  0.4763

PART 43
OFFSET -4.8636 -9.8255 -6.9619
X -0.9273  0.3742 -0.0072
Y -0.3576 -0.8803  0.3118
Z  0.1103  0.2918  0.9501

PART 44
OFFSET  6.3514 -14.3507 -6.8748
X -0.6874 -0.4351 -0.5815
Y  0.6814 -0.6635 -0.3089
Z -0.2514 -0.6086  0.7526

PART 45
OFFSET  12.1979 -10.6497 -1.9288
X -0.6874 -0.4351 -0.5815
Y  0.2448 -0.8926  0.3786
Z -0.6838  0.1179  0.7201

PART 46
OFFSET  13.3997 -8.7016 -2.3345
X -0.6907 -0.4293 -0.5819
Y  0.2434  0.6197 -0.7461
Z  0.6810 -0.6570 -0.3235

PART 47
OFFSET  12.8997 -8.6431 -1.1310
X -0.6907 -0.4293 -0.5819
Y  0.2434  0.6197 -0.7461
Z  0.6810 -0.6570 -0.3235

PART 48
OFFSET  12.5397 -10.1891  0.6169
X -0.6907 -0.4293 -0.5819
Y  0.2434  0.6197 -0.7461
Z  0.6810 -0.6570 -0.3235

PART 49
OFFSET  14.3052 -9.3157 -0.1461
X -0.2681 -0.4160 -0.8689
Y  0.2835 -0.8961  0.3416
Z -0.9207 -0.1547  0.3582

PART 50
OFFSET  14.5303 -8.2003 -0.2319
X -0.4403 -0.7873 -0.4316
Y  0.7227 -0.5960  0.3500
Z -0.5328 -0.1578  0.8314

PART 51
OFFSET  15.4379 -6.4330  0.6182
X -0.5621 -0.4573 -0.6891
Y  0.3729 -0.8839  0.2824
Z -0.7382 -0.0983  0.6673

PART 52
OFFSET  16.4502 -5.7365  1.6728
X -0.5557 -0.6347 -0.5370
Y  0.5371 -0.7671  0.3507
Z -0.6345 -0.0935  0.7672

PART 53
OFFSET  17.0711 -5.0328  2.2125
X  0.1081 -0.5665 -0.8170
Y  0.6422  0.6671 -0.3776
Z  0.7589 -0.4838  0.4359

PART 54
OFFSET  15.0217 -9.8919  0.8826
X -0.4967  0.1544 -0.8541
Y -0.8675 -0.1172  0.4833
Z -0.0255  0.9810  0.1922

PART 55
OFFSET  16.2404 -10.0816  2.7703
X -0.6047 -0.2034  0.7701
Y  0.7171  0.2816  0.6375
Z -0.3465  0.9377 -0.0244

PART 56
OFFSET  17.0964 -9.7936  1.6800
X  0.9072  0.3890  0.1605
Y  0.1480  0.0621 -0.9870
Z -0.3939  0.9192 -0.0012

PART 57
OFFSET  16.2921 -10.1385  1.5378
X  0.0393 -0.0576 -0.9976
Y -0.9194 -0.3930 -0.0136
Z -0.3912  0.9177 -0.0684

PART 58
OFFSET  16.2548 -10.0838  2.4855
X  0.6037  0.1580  0.7814
Y -0.7689 -0.1436  0.6231
Z  0.2107 -0.9769  0.0348

PART 59
OFFSET  14.7637 -9.2265  0.8967
X -0.4125 -0.1289 -0.9018
Y -0.8997 -0.0977  0.4255
Z -0.1429  0.9868 -0.0757

PART 60
OFFSET  15.8356 -9.0407  3.2578
X -0.6817 -0.2403  0.6911
Y  0.6734  0.1633  0.7210
Z -0.2861  0.9569  0.0505

PART 61
OFFSET  16.9962 -8.6316  2.0813
X  0.8913  0.2669  0.3666
Y  0.3311  0.1695 -0.9283
Z -0.3098  0.9487  0.0627

PART 62
OFFSET  15.7609 -9.0014  1.5731
X  0.1956  0.1276 -0.9724
Y -0.9286 -0.2949 -0.2255
Z -0.3155  0.9470  0.0608

PART 63
OFFSET  15.5488 -9.1398  2.6277
X  0.3547  0.1105  0.9284
Y -0.8584 -0.3551  0.3702
Z  0.3706 -0.9283 -0.0311

PART 64
OFFSET  12.4561 -10.3725 -3.8593
X -0.5631 -0.2612 -0.7840
Y  0.8135 -0.0080 -0.5816
Z  0.1456 -0.9653  0.2169

PART 65
OFFSET  14.7939 -7.0762  3.1152
X -0.9632 -0.1048 -0.2475
Y -0.2556  0.0725  0.9641
Z -0.0831  0.9918 -0.0967

PART 66
OFFSET  16.4898 -6.8918  3.5509
X -0.8449  0.0243  0.5344
Y  0.5310  0.1590  0.8323
Z -0.0647  0.9870 -0.1473

PART 67
OFFSET  17.5130 -6.8614  2.8924
X  0.0674  0.1005  0.9927
Y  0.9914  0.1055 -0.0780
Z -0.1126  0.9893 -0.0925

PART 68
OFFSET  17.4368 -6.9749  1.7711
X -0.9485  0.1503 -0.2788
Y  0.2478 -0.1957 -0.9488
Z -0.1971 -0.9691  0.1484

PART 69
OFFSET  15.2380 -8.0650  3.3289
X -0.9382 -0.2010  0.2818
Y  0.2866  0.0056  0.9580
Z -0.1942  0.9796  0.0523

PART 70
OFFSET  17.0708 -7.6723  2.7783
X  0.7869  0.0857  0.6112
Y  0.5981  0.1384 -0.7894
Z -0.1522  0.9867  0.0577

PART 71
OFFSET  15.9215 -7.7974  1.8856
X  0.4548  0.0650 -0.8882
Y -0.8793 -0.1257 -0.4594
Z -0.1415  0.9899 -0.0000

PART 72
OFFSET  15.4068 -7.8781  2.8913
X  0.2219 -0.0328  0.9745
Y -0.9735 -0.0638  0.2195
Z  0.0550 -0.9974 -0.0461

PART 73
OFFSET  0.0000 -0.0000 -0.0000
X  1.0000 -0.0000  0.0000
Y  0.0000  1.0000  0.0000
Z  0.0000 -0.0000  1.0000

PART 74
OFFSET  0.0000 -0.0000 -0.0000
X  1.0000 -0.0000  0.0000
Y  0.0000  1.0000  0.0000
Z  0.0000 -0.0000  1.0000

PART 75
OFFSET  1.5404 -0.0000  4.1357
X  1.0000 -0.0000  0.0000
Y  0.0000  1.0000  0.0000
Z  0.0000 -0.0000  1.0000

PART 76
OFFSET -4.6318 -0.0000 -1.3770
X  1.0000 -0.0000  0.0000
Y  0.0000  1.0000  0.0000
Z  0.0000 -0.0000  1.0000


FRAME 203
PART 0
OFFSET  0.0000 -0.0000 -0.0000
X  1.0000 -0.0000  0.0000
Y  0.0000  1.0000  0.0000
Z  0.0000 -0.0000  1.0000

PART 1
OFFSET  0.0000 -0.0000 -0.0000
X  1.0000 -0.0000  0.0000
Y  0.0000  1.0000  0.0000
Z  0.0000 -0.0000  1.0000

PART 2
OFFSET -4.6318 -0.0000 -1.3770
X  1.0000 -0.0000  0.0000
Y  0.0000  1.0000  0.0000
Z  0.0000 -0.0000  1.0000

PART 3
OFFSET -1.4727  8.9047 -7.9500
X  0.7552 -0.0076 -0.6554
Y -0.0633 -0.9961 -0.0614
Z -0.6524  0.0879 -0.7528

PART 4
OFFSET  7.6610  8.8132 -15.8765
X  0.5882 -0.5821  0.5614
Y -0.7101 -0.0395  0.7030
Z -0.3870 -0.8122 -0.4366

PART 5
OFFSET  12.6639  3.8624 -11.1012
X  0.5882 -0.5821  0.5614
Y  0.3683  0.8109  0.4548
Z -0.7200 -0.0608  0.6913

PART 6
OFFSET  14.7176  4.2938 -10.3190
X  0.5934 -0.5796  0.5584
Y  0.3955  0.8143  0.4249
Z -0.7010 -0.0313  0.7125

PART 7
OFFSET  13.8693  2.7286 -11.7332
X  0.5934 -0.5796  0.5584
Y  0.3955  0.8143  0.4249
Z -0.7010 -0.0313  0.7125

PART 8
OFFSET  13.1980  3.6380 -8.4728
X  0.5934 -0.5796  0.5584
Y  0.3955  0.8143  0.4249
Z -0.7010 -0.0313  0.7125

PART 9
OFFSET  12.6202  2.5772 -9.1465
X  0.5934 -0.5796  0.5584
Y  0.3955  0.8143  0.4249
Z -0.7010 -0.0313  0.7125

PART 10
OFFSET  12.5415  2.0663 -10.2735
X  0.5934 -0.5796  0.5584
Y  0.3955  0.8143  0.4249
Z -0.7010 -0.0313  0.7125

PART 11
OFFSET  14.4671  2.0780 -9.3800
X  0.9100  0.0415  0.4125
Y -0.1614  0.9520  0.2601
Z -0.3819 -0.3033  0.8730

PART 12
OFFSET  14.5639  2.8908 -8.5849
X  0.5666  0.7711  0.2906
Y  0.2207  0.1978 -0.9551
Z -0.7939  0.6053 -0.0581

PART 13
OFFSET  15.7645  4.6081 -8.0565
X  0.7217  0.5314  0.4436
Y  0.1533  0.5023 -0.8510
Z -0.6750  0.6822  0.2811

PART 14
OFFSET  16.8448  5.5124 -7.2581
X  0.6025  0.7642  0.2301
Y  0.0820  0.2276 -0.9703
Z -0.7939  0.6035  0.0745

PART 15
OFFSET  17.4614  6.3703 -7.0223
X  0.9716  0.2234 -0.0779
Y  0.2306 -0.9678  0.1009
Z -0.0529 -0.1160 -0.9918

PART 16
OFFSET  15.3328  1.0325 -9.1330
X  0.6031 -0.5911  0.5356
Y -0.7067 -0.0847  0.7024
Z -0.3699 -0.8021 -0.4688

PART 17
OFFSET  16.6551 -0.1892 -7.7753
X  0.8745 -0.4043  0.2680
Y -0.3102 -0.0414  0.9498
Z -0.3729 -0.9137 -0.1617

PART 18
OFFSET  17.8932 -0.7617 -7.3959
X  0.8547 -0.3625  0.3715
Y -0.4083 -0.0275  0.9124
Z -0.3206 -0.9316 -0.1716

PART 19
OFFSET  18.6510 -1.0831 -7.0665
X  0.8828 -0.3726  0.2860
Y -0.3077  0.0012  0.9515
Z -0.3549 -0.9280 -0.1136

PART 20
OFFSET  19.4897 -1.4371 -6.7948
X -0.4307  0.4185 -0.7996
Y -0.8453  0.1234  0.5199
Z  0.3163  0.8998  0.3006

PART 21
OFFSET  15.4790  1.7166 -8.9913
X  0.9133 -0.2547  0.3179
Y -0.3930 -0.3455  0.8521
Z -0.1072 -0.9032 -0.4157

PART 22
OFFSET  17.5045  0.7314 -7.6932
X  0.9001 -0.3141  0.3018
Y -0.3593 -0.1434  0.9222
Z -0.2463 -0.9385 -0.2419

PART 23
OFFSET  19.0370  0.1967 -7.1793
X  0.8350 -0.3100  0.4546
Y -0.5050 -0.1038  0.8568
Z -0.2184 -0.9451 -0.2432

PART 24
OFFSET  20.1943 -0.2329 -6.5492
X  0.8420 -0.3141  0.4386
Y -0.4907 -0.1080  0.8646
Z -0.2242 -0.9432 -0.2450

PART 25
OFFSET  21.1074 -0.5735 -6.0735
X -0.4206  0.2726 -0.8653
Y -0.8745  0.1322  0.4667
Z  0.2416  0.9530  0.1828

PART 26
OFFSET  16.8115  3.5550 -7.2274
X  0.7812 -0.2294  0.5806
Y  0.6232  0.3392 -0.7046
Z -0.0353  0.9123  0.4079

PART 27
OFFSET  18.0332  3.0705 -7.9009
X  0.8596  0.1430  0.4906
Y -0.4575 -0.2126  0.8634
Z  0.2277 -0.9666 -0.1173

PART 28
OFFSET  19.5466  3.3223 -7.0371
X  0.8639  0.0857  0.4963
Y -0.4600 -0.2670  0.8468
Z  0.2051 -0.9599 -0.1913

PART 29
OFFSET  20.5844  3.4848 -6.4222
X  0.8933  0.2345  0.3834
Y -0.3368 -0.2155  0.9166
Z  0.2975 -0.9479 -0.1136

PART 30
OFFSET  21.5934  3.7496 -5.9891
X  0.0969 -0.1484 -0.9842
Y -0.9845 -0.1592 -0.0730
Z -0.1459  0.9760 -0.1615

PART 31
OFFSET  18.0427  1.9789 -8.0705
X  0.8430 -0.1440  0.5183
Y -0.5349 -0.1231  0.8359
Z -0.0566 -0.9819 -0.1808

PART 32
OFFSET  19.6896  1.6977 -7.0580
X  0.8648 -0.1771  0.4699
Y -0.4917 -0.1082  0.8640
Z -0.1021 -0.9782 -0.1806

PART 33
OFFSET  20.9527  1.4390 -6.3716
X  0.8856 -0.1994  0.4194
Y -0.4404 -0.0743  0.8947
Z -0.1473 -0.9771 -0.1537

PART 34
OFFSET  21.9550  1.2063 -5.8983
X -0.3884  0.2629 -0.8832
Y -0.9156 -0.0016  0.4022
Z  0.1043  0.9648  0.2413

PART 35
OFFSET  16.4393  1.2154 -7.0714
X -0.1723 -0.9047 -0.3896
Y  0.3819  0.3033 -0.8730
Z  0.9080 -0.2992  0.2932

PART 36
OFFSET  15.3964  0.5151 -6.7516
X  0.9313  0.1695  0.3226
Y -0.1730  0.9848 -0.0179
Z -0.3207 -0.0391  0.9464

PART 37
OFFSET  15.3964  0.5151 -6.7516
X  0.9313  0.1695  0.3226
Y -0.1730  0.9848 -0.0179
Z -0.3207 -0.0391  0.9464

PART 38
OFFSET  21.0455  1.5956 -1.9261
X  0.9313  0.1695  0.3226
Y -0.1730  0.9848 -0.0180
Z -0.3207 -0.0390  0.9464

PART 39
OFFSET  16.2049  1.0288  11.9568
X -0.5675 -0.0819  0.8193
Y -0.1733  0.9846 -0.0216
Z -0.8049 -0.1542 -0.5730

PART 40
OFFSET  7.8124 -0.8267 -7.2575
X  0.4505  0.0955  0.8876
Y -0.1736  0.9847 -0.0179
Z -0.8757 -0.1460  0.4602

PART 41
OFFSET  18.0250  1.0300 -3.8409
X  0.4870  0.1016  0.8674
Y -0.1732  0.9847 -0.0181
Z -0.8560 -0.1415  0.4972

PART 42
OFFSET  19.2900  1.2938 -1.5878
X  0.4835  0.1007  0.8695
Y -0.1730  0.9848 -0.0179
Z -0.8581 -0.1418  0.4935

PART 43
OFFSET -2.9685 -9.5933 -5.9553
X -0.9289  0.3702  0.0108
Y -0.3661 -0.9222  0.1249
Z  0.0562  0.1121  0.9921

PART 44
OFFSET  8.2651 -14.0710 -6.0858
X -0.5133 -0.4225 -0.7470
Y  0.8091 -0.5286 -0.2569
Z -0.2863 -0.7362  0.6132

PART 45
OFFSET  12.6307 -10.4772  0.2678
X -0.5133 -0.4225 -0.7470
Y  0.1509 -0.9013  0.4061
Z -0.8449  0.0957  0.5264

PART 46
OFFSET  13.6003 -8.3653  0.3319
X -0.5172 -0.4172 -0.7473
Y  0.2759  0.7453 -0.6070
Z  0.8102 -0.5201 -0.2704

PART 47
OFFSET  12.9031 -8.5401  1.4207
X -0.5172 -0.4172 -0.7473
Y  0.2759  0.7453 -0.6070
Z  0.8102 -0.5201 -0.2704

PART 48
OFFSET  12.4752 -10.3544  2.8698
X -0.5172 -0.4172 -0.7473
Y  0.2759  0.7453 -0.6070
Z  0.8102 -0.5201 -0.2704

PART 49
OFFSET  14.2042 -9.1818  2.5579
X -0.0827 -0.2616 -0.9616
Y  0.1822 -0.9526  0.2435
Z -0.9798 -0.1551  0.1265

PART 50
OFFSET  14.4679 -8.0811  2.7035
X -0.3258 -0.7544 -0.5698
Y  0.6572 -0.6140  0.4371
Z -0.6796 -0.2321  0.6959

PART 51
OFFSET  15.1432 -6.3789  3.8507
X -0.3807 -0.4660 -0.7987
Y  0.3621 -0.8699  0.3349
Z -0.8509 -0.1617  0.4999

PART 52
OFFSET  15.8747 -5.6605  5.1041
X -0.3357 -0.7270 -0.5990
Y  0.5424 -0.6691  0.5080
Z -0.7701 -0.1543  0.6190

PART 53
OFFSET  16.2638 -4.8559  5.7149
X  0.3586 -0.5754 -0.7351
Y  0.6165  0.7372 -0.2763
Z  0.7009 -0.3541  0.6191

PART 54
OFFSET  14.6674 -9.9491  3.6068
X -0.2961  0.3119 -0.9028
Y -0.9541 -0.1403  0.2645
Z -0.0442  0.9397  0.3391

PART 55
OFFSET  15.4432 -10.4958  5.6522
X -0.8962 -0.2477  0.3681
Y  0.3951 -0.0684  0.9161
Z -0.2017  0.9664  0.1592

PART 56
OFFSET  16.7121 -10.1452  5.1311
X  0.7832  0.1107  0.6119
Y  0.5666  0.2782 -0.7756
Z -0.2561  0.9541  0.1551

PART 57
OFFSET  16.0177 -10.2434  4.5886
X  0.4615  0.1941 -0.8657
Y -0.8582 -0.1495 -0.4910
Z -0.2247  0.9695  0.0976

PART 58
OFFSET  15.5793 -10.4278  5.4110
X  0.2183 -0.1948  0.9562
Y -0.9733 -0.1153  0.1987
Z  0.0715 -0.9740 -0.2148

PART 59
OFFSET  14.4276 -9.2801  3.6741
X -0.2100  0.0349 -0.9771
Y -0.9725 -0.1104  0.2051
Z -0.1007  0.9933  0.0571

PART 60
OFFSET  14.9662 -9.5207  6.2060
X -0.9163 -0.2629  0.3022
Y  0.3560 -0.1890  0.9152
Z -0.1834  0.9461  0.2668

PART 61
OFFSET  16.5262 -9.0732  5.6916
X  0.7032 -0.0439  0.7097
Y  0.6791  0.3373 -0.6520
Z -0.2107  0.9404  0.2670

PART 62
OFFSET  15.5517 -9.0124  4.7080
X  0.5676  0.3396 -0.7501
Y -0.7947 -0.0123 -0.6069
Z -0.2153  0.9405  0.2628

PART 63
OFFSET  14.9361 -9.3806  5.5215
X -0.0216 -0.2249  0.9741
Y -0.9663 -0.2451 -0.0781
Z  0.2563 -0.9430 -0.2120

PART 64
OFFSET  13.1806 -9.5483 -1.5824
X -0.3855 -0.1051 -0.9167
Y  0.9198  0.0350 -0.3908
Z  0.0732 -0.9938  0.0831

PART 65
OFFSET  14.0250 -7.5015  6.1682
X -0.7404  0.0356 -0.6712
Y -0.6709  0.0220  0.7412
Z  0.0412  0.9991  0.0076

PART 66
OFFSET  15.3287 -7.5642  7.3500
X -0.9847  0.0842  0.1526
Y  0.1545  0.0165  0.9879
Z  0.0806  0.9963 -0.0293

PART 67
OFFSET  16.5307 -7.6060  7.1627
X  0.0917 -0.0031  0.9958
Y  0.9957 -0.0147 -0.0917
Z  0.0149  0.9999  0.0018

PART 68
OFFSET  16.4271 -7.6024  6.0379
X -0.9245  0.2955 -0.2408
Y  0.2091 -0.1352 -0.9685
Z -0.3187 -0.9457  0.0632

PART 69
OFFSET  14.3897 -8.5350  6.3071
X -0.9762 -0.1335 -0.1708
Y -0.1419 -0.2022  0.9690
Z -0.1639  0.9702  0.1785

PART 70
OFFSET  16.2967 -8.2741  6.6409
X  0.3071 -0.1546  0.9390
Y  0.9430  0.1820 -0.2785
Z -0.1279  0.9711  0.2017

PART 71
OFFSET  15.8482 -8.0484  5.2693
X  0.9441  0.1326 -0.3017
Y -0.3180  0.1267 -0.9396
Z -0.0864  0.9830  0.1618

PART 72
OFFSET  14.7793 -8.2055  5.6092
X -0.5153 -0.2455  0.8211
Y -0.8552  0.0848 -0.5113
Z  0.0559 -0.9657 -0.2536

PART 73
OFFSET  0.0000 -0.0000 -0.0000
X  1.0000 -0.0000  0.0000
Y  0.0000  1.0000  0.0000
Z  0.0000 -0.0000  1.0000

PART 74
OFFSET  0.0000 -0.0000 -0.0000
X  1.0000 -0.0000  0.0000
Y  0.0000  1.0000  0.0000
Z  0.0000 -0.0000  1.0000

PART 75
OFFSET  1.5404 -0.0000  4.1357
X  1.0000 -0.0000  0.0000
Y  0.0000  1.0000  0.0000
Z  0.0000 -0.0000  1.0000

PART 76
OFFSET -4.6318 -0.0000 -1.3770
X  1.0000 -0.0000  0.0000
Y  0.0000  1.0000  0.0000
Z  0.0000 -0.0000  1.0000


FRAME 204
PART 0
OFFSET  0.0000 -0.0000 -0.0000
X  1.0000 -0.0000  0.0000
Y  0.0000  1.0000  0.0000
Z  0.0000 -0.0000  1.0000

PART 1
OFFSET  0.0000 -0.0000 -0.0000
X  1.0000 -0.0000  0.0000
Y  0.0000  1.0000  0.0000
Z  0.0000 -0.0000  1.0000

PART 2
OFFSET -4.6318 -0.0000 -1.3770
X  1.0000 -0.0000  0.0000
Y  0.0000  1.0000  0.0000
Z  0.0000 -0.0000  1.0000

PART 3
OFFSET -1.4727  8.9047 -7.9500
X  0.7456 -0.0076 -0.6663
Y -0.0647 -0.9960 -0.0610
Z -0.6632  0.0887 -0.7432

PART 4
OFFSET  7.5450  8.8124 -16.0082
X  0.5774 -0.5835  0.5710
Y -0.7152 -0.0242  0.6985
Z -0.3938 -0.8117 -0.4313

PART 5
OFFSET  12.4563  3.8491 -11.1515
X  0.5774 -0.5835  0.5710
Y  0.3777  0.8110  0.4468
Z -0.7238 -0.0424  0.6887

PART 6
OFFSET  14.5097  4.2637 -10.3596
X  0.5827 -0.5812  0.5680
Y  0.4023  0.8136  0.4197
Z -0.7061 -0.0160  0.7080

PART 7
OFFSET  13.6523  2.6951 -11.7644
X  0.5827 -0.5812  0.5680
Y  0.4023  0.8136  0.4197
Z -0.7061 -0.0160  0.7080

PART 8
OFFSET  12.9702  3.6440 -8.5175
X  0.5827 -0.5812  0.5680
Y  0.4023  0.8136  0.4197
Z -0.7061 -0.0160  0.7080

PART 9
OFFSET  12.3842  2.5837 -9.1849
X  0.5827 -0.5812  0.5680
Y  0.4023  0.8136  0.4197
